TEFF   5250.  GRAVITY 4.00000 LTE 
TITLE  [-0.5a] N(He)/Ntot=0.0784 VTURB=2.0  L/H=1.25 ODFNEW                     
 OPACITY IFOP 1 1 1 1 1 1 1 1 1 1 1 1 1 0 1 0 0 0 0 0
 CONVECTION ON   1.25 TURBULENCE OFF  0.00  0.00  0.00  0.00
ABUNDANCE SCALE   0.31622 ABUNDANCE CHANGE 1 0.92080 2 0.07838
 ABUNDANCE CHANGE  3 -10.94  4 -10.64  5  -9.49  6  -3.52  7  -4.12  8  -2.81
 ABUNDANCE CHANGE  9  -7.48 10  -3.56 11  -5.71 12  -4.06 13  -5.57 14  -4.09
 ABUNDANCE CHANGE 15  -6.59 16  -4.31 17  -6.54 18  -5.24 19  -6.92 20  -5.28
 ABUNDANCE CHANGE 21  -8.87 22  -6.62 23  -8.04 24  -6.37 25  -6.65 26  -4.54
 ABUNDANCE CHANGE 27  -7.12 28  -5.79 29  -7.83 30  -7.44 31  -9.16 32  -8.63
 ABUNDANCE CHANGE 33  -9.67 34  -8.63 35  -9.41 36  -8.73 37  -9.44 38  -9.07
 ABUNDANCE CHANGE 39  -9.80 40  -9.44 41 -10.62 42 -10.12 43 -20.00 44 -10.20
 ABUNDANCE CHANGE 45 -10.92 46 -10.35 47 -11.10 48 -10.27 49 -10.38 50 -10.04
 ABUNDANCE CHANGE 51 -11.04 52  -9.80 53 -10.53 54  -9.87 55 -10.91 56  -9.91
 ABUNDANCE CHANGE 57 -10.87 58 -10.46 59 -11.33 60 -10.54 61 -20.00 62 -11.03
 ABUNDANCE CHANGE 63 -11.53 64 -10.92 65 -11.69 66 -10.90 67 -11.78 68 -11.11
 ABUNDANCE CHANGE 69 -12.04 70 -10.96 71 -11.98 72 -11.16 73 -12.17 74 -10.93
 ABUNDANCE CHANGE 75 -11.76 76 -10.59 77 -10.69 78 -10.24 79 -11.03 80 -10.91
 ABUNDANCE CHANGE 81 -11.14 82 -10.09 83 -11.33 84 -20.00 85 -20.00 86 -20.00
 ABUNDANCE CHANGE 87 -20.00 88 -20.00 89 -20.00 90 -11.95 91 -20.00 92 -12.54
 ABUNDANCE CHANGE 93 -20.00 94 -20.00 95 -20.00 96 -20.00 97 -20.00 98 -20.00
 ABUNDANCE CHANGE 99 -20.00
READ DECK6 72 RHOX,T,P,XNE,ABROSS,ACCRAD,VTURB, FLXCNV,VCONV,VELSND
 1.15094510E-03   3386.0 1.151E+01 1.031E+09 1.159E-04 1.972E-02 2.000E+05 0.000E+00 0.000E+00 6.504E+05
 1.51063489E-03   3405.7 1.511E+01 1.318E+09 1.314E-04 2.032E-02 2.000E+05 0.000E+00 0.000E+00 6.426E+05
 1.93348246E-03   3425.1 1.933E+01 1.651E+09 1.491E-04 2.067E-02 2.000E+05 0.000E+00 0.000E+00 6.375E+05
 2.43027974E-03   3445.2 2.430E+01 2.039E+09 1.693E-04 2.091E-02 2.000E+05 0.000E+00 0.000E+00 6.342E+05
 3.01308544E-03   3465.3 3.013E+01 2.490E+09 1.924E-04 2.112E-02 2.000E+05 0.000E+00 0.000E+00 6.320E+05
 3.70676536E-03   3483.8 3.707E+01 3.013E+09 2.128E-04 1.904E-02 2.000E+05 0.000E+00 0.000E+00 6.306E+05
 4.54247505E-03   3501.4 4.542E+01 3.630E+09 2.359E-04 1.719E-02 2.000E+05 0.000E+00 0.000E+00 6.296E+05
 5.54481647E-03   3518.8 5.545E+01 4.354E+09 2.630E-04 1.572E-02 2.000E+05 0.000E+00 0.000E+00 6.290E+05
 6.74106581E-03   3536.1 6.741E+01 5.205E+09 2.945E-04 1.451E-02 2.000E+05 0.000E+00 0.000E+00 6.287E+05
 8.16275817E-03   3553.6 8.163E+01 6.202E+09 3.311E-04 1.350E-02 2.000E+05 0.000E+00 0.000E+00 6.288E+05
 9.84605672E-03   3571.7 9.846E+01 7.370E+09 3.735E-04 1.264E-02 2.000E+05 0.000E+00 0.000E+00 6.291E+05
 1.18321347E-02   3590.7 1.183E+02 8.741E+09 4.228E-04 1.172E-02 2.000E+05 0.000E+00 0.000E+00 6.297E+05
 1.41683208E-02   3610.4 1.417E+02 1.035E+10 4.800E-04 1.091E-02 2.000E+05 0.000E+00 0.000E+00 6.305E+05
 1.69088517E-02   3631.0 1.691E+02 1.222E+10 5.464E-04 1.017E-02 2.000E+05 0.000E+00 0.000E+00 6.314E+05
 2.00784281E-02   3652.0 2.008E+02 1.439E+10 6.374E-04 1.114E-02 2.000E+05 0.000E+00 0.000E+00 6.325E+05
 2.37027063E-02   3673.3 2.370E+02 1.687E+10 7.431E-04 1.229E-02 2.000E+05 0.000E+00 0.000E+00 6.337E+05
 2.78460731E-02   3695.8 2.785E+02 1.972E+10 8.675E-04 1.378E-02 2.000E+05 0.000E+00 0.000E+00 6.351E+05
 3.25735975E-02   3719.7 3.257E+02 2.302E+10 1.015E-03 1.566E-02 2.000E+05 0.000E+00 0.000E+00 6.367E+05
 3.79520621E-02   3745.7 3.795E+02 2.685E+10 1.192E-03 1.798E-02 2.000E+05 0.000E+00 0.000E+00 6.385E+05
 4.40509386E-02   3773.6 4.405E+02 3.129E+10 1.403E-03 2.101E-02 2.000E+05 0.000E+00 0.000E+00 6.406E+05
 5.09508420E-02   3803.1 5.095E+02 3.642E+10 1.654E-03 2.496E-02 2.000E+05 0.000E+00 0.000E+00 6.428E+05
 5.88707066E-02   3837.4 5.887E+02 4.258E+10 1.896E-03 2.448E-02 2.000E+05 0.000E+00 0.000E+00 6.455E+05
 6.80898725E-02   3869.3 6.809E+02 4.962E+10 2.172E-03 2.418E-02 2.000E+05 0.000E+00 0.000E+00 6.480E+05
 7.88245442E-02   3900.3 7.882E+02 5.777E+10 2.487E-03 2.413E-02 2.000E+05 0.000E+00 0.000E+00 6.504E+05
 9.13208656E-02   3930.5 9.132E+02 6.717E+10 2.850E-03 2.429E-02 2.000E+05 0.000E+00 0.000E+00 6.526E+05
 1.05866519E-01   3960.2 1.059E+03 7.806E+10 3.264E-03 2.459E-02 2.000E+05 0.000E+00 0.000E+00 6.513E+05
 1.22807730E-01   3989.8 1.228E+03 9.069E+10 3.735E-03 2.484E-02 2.000E+05 0.000E+00 0.000E+00 6.570E+05
 1.42572398E-01   4018.9 1.426E+03 1.053E+11 4.266E-03 2.506E-02 2.000E+05 0.000E+00 0.000E+00 6.592E+05
 1.65646934E-01   4046.8 1.656E+03 1.222E+11 4.874E-03 2.552E-02 2.000E+05 0.000E+00 0.000E+00 6.612E+05
 1.92578472E-01   4073.6 1.926E+03 1.416E+11 5.569E-03 2.624E-02 2.000E+05 0.000E+00 0.000E+00 6.630E+05
 2.24003374E-01   4099.8 2.240E+03 1.639E+11 6.365E-03 2.721E-02 2.000E+05 0.000E+00 0.000E+00 6.648E+05
 2.60664318E-01   4125.1 2.607E+03 1.897E+11 7.276E-03 2.844E-02 2.000E+05 0.000E+00 0.000E+00 6.665E+05
 3.03424060E-01   4150.0 3.034E+03 2.194E+11 8.320E-03 2.998E-02 2.000E+05 0.000E+00 0.000E+00 6.681E+05
 3.53325763E-01   4174.6 3.533E+03 2.536E+11 9.499E-03 3.164E-02 2.000E+05 0.000E+00 0.000E+00 6.697E+05
 4.11661407E-01   4199.1 4.117E+03 2.932E+11 1.083E-02 3.340E-02 2.000E+05 0.000E+00 0.000E+00 6.712E+05
 4.79895949E-01   4222.9 4.799E+03 3.388E+11 1.235E-02 3.554E-02 2.000E+05 0.000E+00 0.000E+00 6.725E+05
 5.59678007E-01   4246.4 5.597E+03 3.914E+11 1.409E-02 3.808E-02 2.000E+05 0.000E+00 0.000E+00 6.738E+05
 6.52927888E-01   4269.8 6.529E+03 4.521E+11 1.607E-02 4.108E-02 2.000E+05 0.000E+00 0.000E+00 6.751E+05
 7.61869801E-01   4293.6 7.619E+03 5.224E+11 1.835E-02 4.458E-02 2.000E+05 0.000E+00 0.000E+00 6.763E+05
 8.89071261E-01   4318.0 8.891E+03 6.038E+11 2.097E-02 4.863E-02 2.000E+05 0.000E+00 0.000E+00 6.776E+05
 1.03750003E+00   4343.9 1.037E+04 6.987E+11 2.397E-02 5.329E-02 2.000E+05 0.000E+00 0.000E+00 6.789E+05
 1.21064629E+00   4371.9 1.211E+04 8.098E+11 2.741E-02 5.863E-02 2.000E+05 0.000E+00 0.000E+00 6.805E+05
 1.41232375E+00   4402.5 1.412E+04 9.404E+11 3.141E-02 6.505E-02 2.000E+05 0.000E+00 0.000E+00 6.823E+05
 1.64678709E+00   4436.9 1.647E+04 1.095E+12 3.606E-02 7.246E-02 2.000E+05 0.000E+00 0.000E+00 6.845E+05
 1.91885991E+00   4476.5 1.919E+04 1.280E+12 4.148E-02 8.106E-02 2.000E+05 0.000E+00 0.000E+00 6.873E+05
 2.23383544E+00   4522.3 2.234E+04 1.502E+12 4.784E-02 9.108E-02 2.000E+05 0.000E+00 0.000E+00 6.907E+05
 2.59765018E+00   4576.6 2.598E+04 1.772E+12 5.527E-02 1.025E-01 2.000E+05 0.000E+00 0.000E+00 6.951E+05
 3.01978877E+00   4637.3 3.020E+04 2.099E+12 6.323E-02 1.124E-01 2.000E+05 0.000E+00 0.000E+00 7.002E+05
 3.51110600E+00   4707.3 3.511E+04 2.499E+12 7.254E-02 1.243E-01 2.000E+05 0.000E+00 0.000E+00 7.062E+05
 4.08161080E+00   4787.6 4.082E+04 2.994E+12 8.338E-02 1.381E-01 2.000E+05 0.000E+00 0.000E+00 7.133E+05
 4.74090003E+00   4883.9 4.741E+04 3.619E+12 9.662E-02 1.559E-01 2.000E+05 0.000E+00 0.000E+00 7.218E+05
 5.49850733E+00   4997.0 5.498E+04 4.420E+12 1.123E-01 1.766E-01 2.000E+05 0.000E+00 0.000E+00 7.318E+05
 6.36406603E+00   5130.7 6.364E+04 5.502E+12 1.318E-01 2.026E-01 2.000E+05 0.000E+00 0.000E+00 7.433E+05
 7.33800486E+00   5286.8 7.338E+04 7.083E+12 1.581E-01 2.378E-01 2.000E+05 0.000E+00 0.000E+00 7.561E+05
 8.39649126E+00   5469.2 8.396E+04 9.678E+12 1.992E-01 2.945E-01 2.000E+05 0.000E+00 0.000E+00 7.701E+05
 9.47982316E+00   5680.9 9.480E+04 1.438E+13 2.691E-01 3.926E-01 2.000E+05 0.000E+00 0.000E+00 7.851E+05
 1.05036480E+01   5930.9 1.050E+05 2.358E+13 3.965E-01 5.733E-01 2.000E+05 8.710E-05 1.192E+04 8.014E+05
 1.13965642E+01   6220.7 1.140E+05 4.198E+13 6.272E-01 8.930E-01 2.000E+05 5.722E-03 4.726E+04 8.178E+05
 1.21253729E+01   6554.2 1.213E+05 7.920E+13 1.051E+00 1.436E+00 2.000E+05 3.887E-02 8.822E+04 8.334E+05
 1.27007305E+01   6906.1 1.270E+05 1.475E+14 1.770E+00 2.152E+00 2.000E+05 1.324E-01 1.304E+05 8.456E+05
 1.31694838E+01   7230.4 1.317E+05 2.502E+14 2.801E+00 2.708E+00 2.000E+05 3.286E-01 1.754E+05 8.533E+05
 1.35811672E+01   7507.0 1.358E+05 3.809E+14 4.091E+00 2.886E+00 2.000E+05 5.132E-01 2.003E+05 8.577E+05
 1.39689158E+01   7746.3 1.397E+05 5.364E+14 5.633E+00 2.836E+00 2.000E+05 6.516E-01 2.123E+05 8.605E+05
 1.43525599E+01   7959.6 1.435E+05 7.169E+14 7.451E+00 2.722E+00 2.000E+05 7.468E-01 2.172E+05 8.628E+05
 1.47451622E+01   8155.0 1.474E+05 9.248E+14 9.584E+00 2.597E+00 2.000E+05 8.119E-01 2.182E+05 8.650E+05
 1.51562748E+01   8338.2 1.516E+05 1.163E+15 1.210E+01 2.486E+00 2.000E+05 8.575E-01 2.173E+05 8.673E+05
 1.55936287E+01   8513.4 1.559E+05 1.438E+15 1.507E+01 2.372E+00 2.000E+05 8.904E-01 2.149E+05 8.700E+05
 1.60647807E+01   8682.1 1.606E+05 1.751E+15 1.856E+01 2.267E+00 2.000E+05 9.156E-01 2.126E+05 8.731E+05
 1.65763268E+01   8849.1 1.657E+05 2.116E+15 2.272E+01 2.148E+00 2.000E+05 9.336E-01 2.080E+05 8.768E+05
 1.71369191E+01   9009.3 1.714E+05 2.526E+15 2.751E+01 2.054E+00 2.000E+05 9.488E-01 2.061E+05 8.808E+05
 1.77522453E+01   9176.3 1.775E+05 3.019E+15 3.345E+01 1.946E+00 2.000E+05 9.591E-01 2.004E+05 8.855E+05
 1.84338906E+01   9329.8 1.843E+05 3.548E+15 3.993E+01 1.960E+00 2.000E+05 9.660E-01 1.975E+05 8.904E+05
PRADK 1.0144E+00
BEGIN                    ITERATION  15 COMPLETED
