TEFF   6500.  GRAVITY 4.50000 LTE 
TITLE  [-0.5a] N(He)/Ntot=0.0784 VTURB=2.0  L/H=1.25 ODFNEW                     
 OPACITY IFOP 1 1 1 1 1 1 1 1 1 1 1 1 1 0 1 0 0 0 0 0
 CONVECTION ON   1.25 TURBULENCE OFF  0.00  0.00  0.00  0.00
ABUNDANCE SCALE   0.31622 ABUNDANCE CHANGE 1 0.92080 2 0.07838
 ABUNDANCE CHANGE  3 -10.94  4 -10.64  5  -9.49  6  -3.52  7  -4.12  8  -2.81
 ABUNDANCE CHANGE  9  -7.48 10  -3.56 11  -5.71 12  -4.06 13  -5.57 14  -4.09
 ABUNDANCE CHANGE 15  -6.59 16  -4.31 17  -6.54 18  -5.24 19  -6.92 20  -5.28
 ABUNDANCE CHANGE 21  -8.87 22  -6.62 23  -8.04 24  -6.37 25  -6.65 26  -4.54
 ABUNDANCE CHANGE 27  -7.12 28  -5.79 29  -7.83 30  -7.44 31  -9.16 32  -8.63
 ABUNDANCE CHANGE 33  -9.67 34  -8.63 35  -9.41 36  -8.73 37  -9.44 38  -9.07
 ABUNDANCE CHANGE 39  -9.80 40  -9.44 41 -10.62 42 -10.12 43 -20.00 44 -10.20
 ABUNDANCE CHANGE 45 -10.92 46 -10.35 47 -11.10 48 -10.27 49 -10.38 50 -10.04
 ABUNDANCE CHANGE 51 -11.04 52  -9.80 53 -10.53 54  -9.87 55 -10.91 56  -9.91
 ABUNDANCE CHANGE 57 -10.87 58 -10.46 59 -11.33 60 -10.54 61 -20.00 62 -11.03
 ABUNDANCE CHANGE 63 -11.53 64 -10.92 65 -11.69 66 -10.90 67 -11.78 68 -11.11
 ABUNDANCE CHANGE 69 -12.04 70 -10.96 71 -11.98 72 -11.16 73 -12.17 74 -10.93
 ABUNDANCE CHANGE 75 -11.76 76 -10.59 77 -10.69 78 -10.24 79 -11.03 80 -10.91
 ABUNDANCE CHANGE 81 -11.14 82 -10.09 83 -11.33 84 -20.00 85 -20.00 86 -20.00
 ABUNDANCE CHANGE 87 -20.00 88 -20.00 89 -20.00 90 -11.95 91 -20.00 92 -12.54
 ABUNDANCE CHANGE 93 -20.00 94 -20.00 95 -20.00 96 -20.00 97 -20.00 98 -20.00
 ABUNDANCE CHANGE 99 -20.00
READ DECK6 72 RHOX,T,P,XNE,ABROSS,ACCRAD,VTURB, FLXCNV,VCONV,VELSND
 5.96540517E-04   4303.8 1.886E+01 2.990E+09 2.235E-04 7.241E-02 2.000E+05 0.000E+00 0.000E+00 7.522E+05
 7.82740659E-04   4320.2 2.475E+01 3.794E+09 2.542E-04 7.499E-02 2.000E+05 0.000E+00 0.000E+00 7.388E+05
 1.00113655E-03   4336.7 3.166E+01 4.727E+09 2.890E-04 7.607E-02 2.000E+05 0.000E+00 0.000E+00 7.296E+05
 1.25703356E-03   4353.8 3.975E+01 5.812E+09 3.292E-04 7.807E-02 2.000E+05 0.000E+00 0.000E+00 7.232E+05
 1.55619811E-03   4371.9 4.921E+01 7.080E+09 3.759E-04 8.012E-02 2.000E+05 0.000E+00 0.000E+00 7.187E+05
 1.90498971E-03   4391.2 6.024E+01 8.562E+09 4.306E-04 8.273E-02 2.000E+05 0.000E+00 0.000E+00 7.156E+05
 2.31092987E-03   4411.4 7.308E+01 1.029E+10 4.934E-04 8.500E-02 2.000E+05 0.000E+00 0.000E+00 7.136E+05
 2.78325723E-03   4432.6 8.801E+01 1.231E+10 5.656E-04 8.691E-02 2.000E+05 0.000E+00 0.000E+00 7.123E+05
 3.33251791E-03   4454.8 1.054E+02 1.468E+10 6.488E-04 8.882E-02 2.000E+05 0.000E+00 0.000E+00 7.116E+05
 3.97054456E-03   4478.1 1.256E+02 1.745E+10 7.453E-04 9.123E-02 2.000E+05 0.000E+00 0.000E+00 7.115E+05
 4.71099239E-03   4502.6 1.490E+02 2.071E+10 8.566E-04 9.309E-02 2.000E+05 0.000E+00 0.000E+00 7.118E+05
 5.57000123E-03   4528.0 1.761E+02 2.453E+10 9.847E-04 9.438E-02 2.000E+05 0.000E+00 0.000E+00 7.123E+05
 6.56631910E-03   4554.1 2.076E+02 2.902E+10 1.132E-03 9.509E-02 2.000E+05 0.000E+00 0.000E+00 7.132E+05
 7.72267792E-03   4580.5 2.442E+02 3.427E+10 1.300E-03 9.505E-02 2.000E+05 0.000E+00 0.000E+00 7.143E+05
 9.06793998E-03   4607.1 2.868E+02 4.042E+10 1.488E-03 9.421E-02 2.000E+05 0.000E+00 0.000E+00 7.155E+05
 1.06337431E-02   4634.1 3.363E+02 4.765E+10 1.706E-03 9.353E-02 2.000E+05 0.000E+00 0.000E+00 7.168E+05
 1.24542611E-02   4661.6 3.938E+02 5.614E+10 1.958E-03 9.325E-02 2.000E+05 0.000E+00 0.000E+00 7.183E+05
 1.45696745E-02   4689.4 4.607E+02 6.611E+10 2.247E-03 9.259E-02 2.000E+05 0.000E+00 0.000E+00 7.199E+05
 1.70278874E-02   4717.4 5.385E+02 7.779E+10 2.578E-03 9.167E-02 2.000E+05 0.000E+00 0.000E+00 7.215E+05
 1.98851256E-02   4745.3 6.288E+02 9.145E+10 2.957E-03 9.061E-02 2.000E+05 0.000E+00 0.000E+00 7.232E+05
 2.32078719E-02   4773.1 7.339E+02 1.074E+11 3.391E-03 8.949E-02 2.000E+05 0.000E+00 0.000E+00 7.249E+05
 2.70695797E-02   4800.5 8.560E+02 1.260E+11 3.893E-03 8.962E-02 2.000E+05 0.000E+00 0.000E+00 7.267E+05
 3.15517709E-02   4828.0 9.978E+02 1.477E+11 4.475E-03 9.098E-02 2.000E+05 0.000E+00 0.000E+00 7.285E+05
 3.67491852E-02   4855.5 1.162E+03 1.729E+11 5.148E-03 9.355E-02 2.000E+05 0.000E+00 0.000E+00 7.303E+05
 4.27746786E-02   4883.4 1.353E+03 2.025E+11 5.921E-03 9.625E-02 2.000E+05 0.000E+00 0.000E+00 7.322E+05
 4.97625345E-02   4911.6 1.574E+03 2.371E+11 6.807E-03 9.908E-02 2.000E+05 0.000E+00 0.000E+00 7.341E+05
 5.78695307E-02   4940.0 1.830E+03 2.775E+11 7.823E-03 1.021E-01 2.000E+05 0.000E+00 0.000E+00 7.360E+05
 6.72786820E-02   4968.6 2.128E+03 3.247E+11 8.986E-03 1.053E-01 2.000E+05 0.000E+00 0.000E+00 7.379E+05
 7.82041967E-02   4997.4 2.473E+03 3.799E+11 1.032E-02 1.087E-01 2.000E+05 0.000E+00 0.000E+00 7.399E+05
 9.08933370E-02   5026.1 2.874E+03 4.442E+11 1.185E-02 1.130E-01 2.000E+05 0.000E+00 0.000E+00 7.419E+05
 1.05625587E-01   5054.7 3.340E+03 5.190E+11 1.361E-02 1.189E-01 2.000E+05 0.000E+00 0.000E+00 7.438E+05
 1.22721881E-01   5083.6 3.881E+03 6.063E+11 1.564E-02 1.262E-01 2.000E+05 0.000E+00 0.000E+00 7.458E+05
 1.42559463E-01   5112.9 4.508E+03 7.085E+11 1.798E-02 1.340E-01 2.000E+05 0.000E+00 0.000E+00 7.478E+05
 1.65586482E-01   5142.3 5.236E+03 8.276E+11 2.065E-02 1.426E-01 2.000E+05 0.000E+00 0.000E+00 7.498E+05
 1.92331520E-01   5171.8 6.082E+03 9.663E+11 2.370E-02 1.521E-01 2.000E+05 0.000E+00 0.000E+00 7.519E+05
 2.23418747E-01   5201.0 7.065E+03 1.127E+12 2.717E-02 1.627E-01 2.000E+05 0.000E+00 0.000E+00 7.539E+05
 2.59583258E-01   5230.1 8.209E+03 1.315E+12 3.114E-02 1.746E-01 2.000E+05 0.000E+00 0.000E+00 7.559E+05
 3.01693660E-01   5258.9 9.540E+03 1.532E+12 3.565E-02 1.882E-01 2.000E+05 0.000E+00 0.000E+00 7.578E+05
 3.50722726E-01   5287.9 1.109E+04 1.784E+12 4.085E-02 2.048E-01 2.000E+05 0.000E+00 0.000E+00 7.598E+05
 4.07759572E-01   5317.4 1.289E+04 2.080E+12 4.684E-02 2.243E-01 2.000E+05 0.000E+00 0.000E+00 7.618E+05
 4.74071264E-01   5348.0 1.499E+04 2.428E+12 5.375E-02 2.468E-01 2.000E+05 0.000E+00 0.000E+00 7.639E+05
 5.51059581E-01   5380.2 1.743E+04 2.840E+12 6.180E-02 2.734E-01 2.000E+05 0.000E+00 0.000E+00 7.660E+05
 6.40188347E-01   5415.1 2.024E+04 3.334E+12 7.133E-02 3.060E-01 2.000E+05 0.000E+00 0.000E+00 7.684E+05
 7.42959749E-01   5453.9 2.349E+04 3.937E+12 8.265E-02 3.445E-01 2.000E+05 0.000E+00 0.000E+00 7.709E+05
 8.60956557E-01   5497.5 2.723E+04 4.681E+12 9.623E-02 3.904E-01 2.000E+05 0.000E+00 0.000E+00 7.738E+05
 9.95701222E-01   5547.2 3.149E+04 5.618E+12 1.127E-01 4.460E-01 2.000E+05 0.000E+00 0.000E+00 7.770E+05
 1.14821014E+00   5605.8 3.631E+04 6.837E+12 1.336E-01 5.172E-01 2.000E+05 0.000E+00 0.000E+00 7.808E+05
 1.31885574E+00   5674.6 4.171E+04 8.455E+12 1.601E-01 6.067E-01 2.000E+05 0.000E+00 0.000E+00 7.852E+05
 1.50758217E+00   5755.0 4.767E+04 1.065E+13 1.944E-01 7.214E-01 2.000E+05 0.000E+00 0.000E+00 7.902E+05
 1.71238590E+00   5852.3 5.415E+04 1.381E+13 2.419E-01 8.835E-01 2.000E+05 0.000E+00 0.000E+00 7.961E+05
 1.92940202E+00   5967.9 6.101E+04 1.843E+13 3.079E-01 1.107E+00 2.000E+05 0.000E+00 0.000E+00 8.028E+05
 2.15400175E+00   6105.4 6.811E+04 2.548E+13 4.020E-01 1.424E+00 2.000E+05 0.000E+00 0.000E+00 8.103E+05
 2.37947212E+00   6270.1 7.524E+04 3.669E+13 5.437E-01 1.903E+00 2.000E+05 0.000E+00 0.000E+00 8.186E+05
 2.59790289E+00   6465.6 8.215E+04 5.509E+13 7.623E-01 2.645E+00 2.000E+05 6.845E-08 1.612E+03 8.274E+05
 2.80102152E+00   6701.8 8.857E+04 8.693E+13 1.118E+00 3.858E+00 2.000E+05 2.049E-05 1.054E+04 8.361E+05
 2.98185636E+00   6979.3 9.429E+04 1.426E+14 1.712E+00 5.894E+00 2.000E+05 7.450E-04 3.413E+04 8.439E+05
 3.13473548E+00   7316.0 9.912E+04 2.461E+14 2.786E+00 9.538E+00 2.000E+05 9.799E-03 7.845E+04 8.501E+05
 3.25509363E+00   7721.9 1.029E+05 4.445E+14 4.855E+00 1.583E+01 2.000E+05 3.666E-02 1.166E+05 8.544E+05
 3.34818177E+00   8117.1 1.059E+05 7.462E+14 8.144E+00 2.239E+01 2.000E+05 1.993E-01 1.986E+05 8.579E+05
 3.42672868E+00   8433.2 1.084E+05 1.092E+15 1.217E+01 2.477E+01 2.000E+05 4.078E-01 2.456E+05 8.619E+05
 3.49981200E+00   8693.5 1.107E+05 1.465E+15 1.680E+01 2.389E+01 2.000E+05 5.783E-01 2.680E+05 8.667E+05
 3.57252345E+00   8915.3 1.130E+05 1.858E+15 2.197E+01 2.183E+01 2.000E+05 7.027E-01 2.787E+05 8.721E+05
 3.64781572E+00   9117.7 1.153E+05 2.287E+15 2.791E+01 1.977E+01 2.000E+05 7.880E-01 2.827E+05 8.780E+05
 3.72798998E+00   9302.3 1.179E+05 2.744E+15 3.454E+01 1.805E+01 2.000E+05 8.445E-01 2.832E+05 8.844E+05
 3.81494407E+00   9481.4 1.206E+05 3.255E+15 4.220E+01 1.662E+01 2.000E+05 8.832E-01 2.818E+05 8.913E+05
 3.91067617E+00   9651.2 1.236E+05 3.809E+15 5.075E+01 1.544E+01 2.000E+05 9.100E-01 2.797E+05 8.987E+05
 4.01698808E+00   9823.0 1.270E+05 4.443E+15 6.082E+01 1.442E+01 2.000E+05 9.298E-01 2.767E+05 9.068E+05
 4.13606557E+00   9988.3 1.308E+05 5.133E+15 7.201E+01 1.351E+01 2.000E+05 9.446E-01 2.742E+05 9.152E+05
 4.27009719E+00  10162.0 1.350E+05 5.943E+15 8.536E+01 1.269E+01 2.000E+05 9.558E-01 2.703E+05 9.248E+05
 4.42192038E+00  10327.8 1.398E+05 6.817E+15 9.991E+01 1.190E+01 2.000E+05 9.649E-01 2.679E+05 9.344E+05
 4.59415372E+00  10509.3 1.453E+05 7.876E+15 1.179E+02 1.125E+01 2.000E+05 9.717E-01 2.639E+05 9.457E+05
 4.79058294E+00  10677.8 1.515E+05 8.994E+15 1.368E+02 1.109E+01 2.000E+05 9.761E-01 2.609E+05 9.567E+05
PRADK 2.3871E+00
BEGIN                    ITERATION  15 COMPLETED
