TEFF   5750.  GRAVITY 4.50000 LTE 
TITLE  [-0.5a] N(He)/Ntot=0.0784 VTURB=2.0  L/H=1.25 ODFNEW                     
 OPACITY IFOP 1 1 1 1 1 1 1 1 1 1 1 1 1 0 1 0 0 0 0 0
 CONVECTION ON   1.25 TURBULENCE OFF  0.00  0.00  0.00  0.00
ABUNDANCE SCALE   0.31622 ABUNDANCE CHANGE 1 0.92080 2 0.07838
 ABUNDANCE CHANGE  3 -10.94  4 -10.64  5  -9.49  6  -3.52  7  -4.12  8  -2.81
 ABUNDANCE CHANGE  9  -7.48 10  -3.56 11  -5.71 12  -4.06 13  -5.57 14  -4.09
 ABUNDANCE CHANGE 15  -6.59 16  -4.31 17  -6.54 18  -5.24 19  -6.92 20  -5.28
 ABUNDANCE CHANGE 21  -8.87 22  -6.62 23  -8.04 24  -6.37 25  -6.65 26  -4.54
 ABUNDANCE CHANGE 27  -7.12 28  -5.79 29  -7.83 30  -7.44 31  -9.16 32  -8.63
 ABUNDANCE CHANGE 33  -9.67 34  -8.63 35  -9.41 36  -8.73 37  -9.44 38  -9.07
 ABUNDANCE CHANGE 39  -9.80 40  -9.44 41 -10.62 42 -10.12 43 -20.00 44 -10.20
 ABUNDANCE CHANGE 45 -10.92 46 -10.35 47 -11.10 48 -10.27 49 -10.38 50 -10.04
 ABUNDANCE CHANGE 51 -11.04 52  -9.80 53 -10.53 54  -9.87 55 -10.91 56  -9.91
 ABUNDANCE CHANGE 57 -10.87 58 -10.46 59 -11.33 60 -10.54 61 -20.00 62 -11.03
 ABUNDANCE CHANGE 63 -11.53 64 -10.92 65 -11.69 66 -10.90 67 -11.78 68 -11.11
 ABUNDANCE CHANGE 69 -12.04 70 -10.96 71 -11.98 72 -11.16 73 -12.17 74 -10.93
 ABUNDANCE CHANGE 75 -11.76 76 -10.59 77 -10.69 78 -10.24 79 -11.03 80 -10.91
 ABUNDANCE CHANGE 81 -11.14 82 -10.09 83 -11.33 84 -20.00 85 -20.00 86 -20.00
 ABUNDANCE CHANGE 87 -20.00 88 -20.00 89 -20.00 90 -11.95 91 -20.00 92 -12.54
 ABUNDANCE CHANGE 93 -20.00 94 -20.00 95 -20.00 96 -20.00 97 -20.00 98 -20.00
 ABUNDANCE CHANGE 99 -20.00
READ DECK6 72 RHOX,T,P,XNE,ABROSS,ACCRAD,VTURB, FLXCNV,VCONV,VELSND
 6.99535091E-04   3743.5 2.212E+01 2.488E+09 1.906E-04 3.748E-02 2.000E+05 0.000E+00 0.000E+00 6.728E+05
 9.11997881E-04   3766.6 2.884E+01 3.192E+09 2.281E-04 4.281E-02 2.000E+05 0.000E+00 0.000E+00 6.673E+05
 1.14991011E-03   3789.8 3.636E+01 3.975E+09 2.706E-04 4.773E-02 2.000E+05 0.000E+00 0.000E+00 6.642E+05
 1.42028882E-03   3814.2 4.491E+01 4.860E+09 3.145E-04 5.033E-02 2.000E+05 0.000E+00 0.000E+00 6.625E+05
 1.73348029E-03   3838.3 5.482E+01 5.877E+09 3.587E-04 5.032E-02 2.000E+05 0.000E+00 0.000E+00 6.617E+05
 2.09957741E-03   3863.0 6.639E+01 7.059E+09 4.094E-04 4.997E-02 2.000E+05 0.000E+00 0.000E+00 6.615E+05
 2.52719048E-03   3887.9 7.992E+01 8.432E+09 4.676E-04 4.940E-02 2.000E+05 0.000E+00 0.000E+00 6.617E+05
 3.02635224E-03   3912.8 9.570E+01 1.002E+10 5.343E-04 4.870E-02 2.000E+05 0.000E+00 0.000E+00 6.623E+05
 3.60926376E-03   3937.9 1.141E+02 1.187E+10 6.098E-04 4.774E-02 2.000E+05 0.000E+00 0.000E+00 6.631E+05
 4.29016755E-03   3962.6 1.357E+02 1.401E+10 6.962E-04 4.687E-02 2.000E+05 0.000E+00 0.000E+00 6.602E+05
 5.08542072E-03   3986.9 1.608E+02 1.649E+10 7.949E-04 4.615E-02 2.000E+05 0.000E+00 0.000E+00 6.653E+05
 6.01523351E-03   4010.9 1.902E+02 1.937E+10 9.059E-04 4.543E-02 2.000E+05 0.000E+00 0.000E+00 6.665E+05
 7.10281821E-03   4034.4 2.246E+02 2.271E+10 1.033E-03 4.487E-02 2.000E+05 0.000E+00 0.000E+00 6.679E+05
 8.37374813E-03   4057.5 2.648E+02 2.657E+10 1.180E-03 4.451E-02 2.000E+05 0.000E+00 0.000E+00 6.692E+05
 9.85794062E-03   4080.1 3.117E+02 3.104E+10 1.347E-03 4.439E-02 2.000E+05 0.000E+00 0.000E+00 6.706E+05
 1.15914708E-02   4102.7 3.666E+02 3.621E+10 1.538E-03 4.435E-02 2.000E+05 0.000E+00 0.000E+00 6.720E+05
 1.36163165E-02   4125.0 4.306E+02 4.221E+10 1.756E-03 4.459E-02 2.000E+05 0.000E+00 0.000E+00 6.735E+05
 1.59796872E-02   4147.4 5.053E+02 4.914E+10 2.007E-03 4.511E-02 2.000E+05 0.000E+00 0.000E+00 6.750E+05
 1.87364276E-02   4170.0 5.925E+02 5.716E+10 2.295E-03 4.591E-02 2.000E+05 0.000E+00 0.000E+00 6.765E+05
 2.19537902E-02   4193.1 6.942E+02 6.647E+10 2.620E-03 4.674E-02 2.000E+05 0.000E+00 0.000E+00 6.781E+05
 2.57102641E-02   4216.9 8.130E+02 7.727E+10 2.994E-03 4.764E-02 2.000E+05 0.000E+00 0.000E+00 6.798E+05
 3.00937353E-02   4241.2 9.516E+02 8.979E+10 3.422E-03 4.864E-02 2.000E+05 0.000E+00 0.000E+00 6.815E+05
 3.52089933E-02   4266.4 1.113E+03 1.043E+11 3.910E-03 4.960E-02 2.000E+05 0.000E+00 0.000E+00 6.833E+05
 4.11785881E-02   4292.2 1.302E+03 1.212E+11 4.468E-03 5.062E-02 2.000E+05 0.000E+00 0.000E+00 6.852E+05
 4.81422087E-02   4318.4 1.522E+03 1.408E+11 5.109E-03 5.183E-02 2.000E+05 0.000E+00 0.000E+00 6.871E+05
 5.62614845E-02   4344.9 1.779E+03 1.635E+11 5.845E-03 5.321E-02 2.000E+05 0.000E+00 0.000E+00 6.890E+05
 6.57226647E-02   4371.8 2.078E+03 1.898E+11 6.692E-03 5.498E-02 2.000E+05 0.000E+00 0.000E+00 6.910E+05
 7.67345632E-02   4398.8 2.427E+03 2.203E+11 7.671E-03 5.748E-02 2.000E+05 0.000E+00 0.000E+00 6.930E+05
 8.95443041E-02   4426.1 2.832E+03 2.554E+11 8.792E-03 6.021E-02 2.000E+05 0.000E+00 0.000E+00 6.949E+05
 1.04453534E-01   4453.5 3.303E+03 2.961E+11 1.007E-02 6.317E-02 2.000E+05 0.000E+00 0.000E+00 6.969E+05
 1.21822259E-01   4481.0 3.852E+03 3.432E+11 1.152E-02 6.645E-02 2.000E+05 0.000E+00 0.000E+00 6.988E+05
 1.42063892E-01   4508.2 4.492E+03 3.977E+11 1.319E-02 7.026E-02 2.000E+05 0.000E+00 0.000E+00 7.008E+05
 1.65650237E-01   4535.1 5.238E+03 4.605E+11 1.509E-02 7.470E-02 2.000E+05 0.000E+00 0.000E+00 7.026E+05
 1.93128849E-01   4561.8 6.107E+03 5.332E+11 1.727E-02 7.997E-02 2.000E+05 0.000E+00 0.000E+00 7.044E+05
 2.25207868E-01   4589.2 7.122E+03 6.175E+11 1.969E-02 8.447E-02 2.000E+05 0.000E+00 0.000E+00 7.063E+05
 2.62774715E-01   4616.5 8.310E+03 7.154E+11 2.241E-02 8.887E-02 2.000E+05 0.000E+00 0.000E+00 7.081E+05
 3.06781907E-01   4643.0 9.701E+03 8.287E+11 2.551E-02 9.427E-02 2.000E+05 0.000E+00 0.000E+00 7.098E+05
 3.58347418E-01   4669.5 1.133E+04 9.603E+11 2.902E-02 1.006E-01 2.000E+05 0.000E+00 0.000E+00 7.115E+05
 4.18781584E-01   4695.9 1.324E+04 1.113E+12 3.303E-02 1.082E-01 2.000E+05 0.000E+00 0.000E+00 7.131E+05
 4.89557809E-01   4722.8 1.548E+04 1.290E+12 3.763E-02 1.171E-01 2.000E+05 0.000E+00 0.000E+00 7.148E+05
 5.72388405E-01   4750.5 1.810E+04 1.496E+12 4.289E-02 1.276E-01 2.000E+05 0.000E+00 0.000E+00 7.164E+05
 6.69284038E-01   4779.7 2.116E+04 1.737E+12 4.891E-02 1.396E-01 2.000E+05 0.000E+00 0.000E+00 7.182E+05
 7.82439194E-01   4811.3 2.474E+04 2.019E+12 5.591E-02 1.544E-01 2.000E+05 0.000E+00 0.000E+00 7.202E+05
 9.14358763E-01   4846.5 2.891E+04 2.351E+12 6.398E-02 1.714E-01 2.000E+05 0.000E+00 0.000E+00 7.224E+05
 1.06799725E+00   4886.7 3.377E+04 2.746E+12 7.331E-02 1.909E-01 2.000E+05 0.000E+00 0.000E+00 7.251E+05
 1.24662538E+00   4933.2 3.942E+04 3.219E+12 8.416E-02 2.134E-01 2.000E+05 0.000E+00 0.000E+00 7.284E+05
 1.45394317E+00   4987.2 4.598E+04 3.793E+12 9.678E-02 2.392E-01 2.000E+05 0.000E+00 0.000E+00 7.324E+05
 1.69399923E+00   5050.6 5.357E+04 4.499E+12 1.117E-01 2.696E-01 2.000E+05 0.000E+00 0.000E+00 7.372E+05
 1.97090894E+00   5125.5 6.233E+04 5.388E+12 1.294E-01 3.054E-01 2.000E+05 0.000E+00 0.000E+00 7.430E+05
 2.28860424E+00   5213.9 7.237E+04 6.540E+12 1.509E-01 3.483E-01 2.000E+05 0.000E+00 0.000E+00 7.498E+05
 2.64986844E+00   5317.6 8.380E+04 8.098E+12 1.781E-01 4.017E-01 2.000E+05 0.000E+00 0.000E+00 7.579E+05
 3.05364118E+00   5440.6 9.656E+04 1.034E+13 2.152E-01 4.760E-01 2.000E+05 0.000E+00 0.000E+00 7.672E+05
 3.49173956E+00   5586.1 1.104E+05 1.379E+13 2.693E-01 5.860E-01 2.000E+05 0.000E+00 0.000E+00 7.779E+05
 3.94910764E+00   5757.5 1.249E+05 1.946E+13 3.516E-01 7.519E-01 2.000E+05 0.000E+00 0.000E+00 7.899E+05
 4.40335607E+00   5958.1 1.392E+05 2.927E+13 4.863E-01 1.032E+00 2.000E+05 0.000E+00 0.000E+00 8.030E+05
 4.82731330E+00   6203.4 1.527E+05 4.787E+13 7.172E-01 1.507E+00 2.000E+05 1.826E-04 1.538E+04 8.176E+05
 5.20037184E+00   6487.3 1.644E+05 8.279E+13 1.115E+00 2.306E+00 2.000E+05 7.267E-03 5.163E+04 8.322E+05
 5.51216745E+00   6816.9 1.743E+05 1.500E+14 1.817E+00 3.602E+00 2.000E+05 4.114E-02 9.060E+04 8.458E+05
 5.76516904E+00   7169.3 1.823E+05 2.692E+14 2.980E+00 5.291E+00 2.000E+05 1.286E-01 1.299E+05 8.565E+05
 5.97688167E+00   7490.7 1.890E+05 4.402E+14 4.595E+00 6.596E+00 2.000E+05 3.102E-01 1.725E+05 8.631E+05
 6.16668062E+00   7768.6 1.950E+05 6.543E+14 6.605E+00 7.065E+00 2.000E+05 4.867E-01 1.968E+05 8.671E+05
 6.34788021E+00   8010.9 2.007E+05 9.064E+14 8.995E+00 6.952E+00 2.000E+05 6.279E-01 2.097E+05 8.700E+05
 6.52860154E+00   8230.2 2.064E+05 1.200E+15 1.183E+01 6.630E+00 2.000E+05 7.293E-01 2.153E+05 8.726E+05
 6.71459634E+00   8430.3 2.123E+05 1.533E+15 1.513E+01 6.277E+00 2.000E+05 7.996E-01 2.169E+05 8.752E+05
 6.91016912E+00   8620.3 2.185E+05 1.918E+15 1.904E+01 5.956E+00 2.000E+05 8.488E-01 2.161E+05 8.782E+05
 7.11928240E+00   8799.9 2.251E+05 2.353E+15 2.357E+01 5.669E+00 2.000E+05 8.840E-01 2.142E+05 8.814E+05
 7.34533458E+00   8976.8 2.323E+05 2.859E+15 2.897E+01 5.390E+00 2.000E+05 9.100E-01 2.112E+05 8.852E+05
 7.59212775E+00   9146.5 2.401E+05 3.428E+15 3.520E+01 5.125E+00 2.000E+05 9.299E-01 2.084E+05 8.894E+05
 7.86289684E+00   9319.0 2.486E+05 4.099E+15 4.273E+01 4.864E+00 2.000E+05 9.447E-01 2.040E+05 8.943E+05
 8.16251244E+00   9483.2 2.581E+05 4.841E+15 5.119E+01 4.613E+00 2.000E+05 9.569E-01 2.015E+05 8.994E+05
 8.49483124E+00   9657.9 2.686E+05 5.745E+15 6.169E+01 4.379E+00 2.000E+05 9.654E-01 1.964E+05 9.055E+05
 8.86618390E+00   9818.7 2.804E+05 6.711E+15 7.301E+01 4.374E+00 2.000E+05 9.711E-01 1.931E+05 9.116E+05
PRADK 1.4600E+00
BEGIN                    ITERATION  15 COMPLETED
