TEFF   5750.  GRAVITY 3.50000 LTE 
TITLE  [-0.5a] N(He)/Ntot=0.0784 VTURB=2.0  L/H=1.25 ODFNEW                     
 OPACITY IFOP 1 1 1 1 1 1 1 1 1 1 1 1 1 0 1 0 0 0 0 0
 CONVECTION ON   1.25 TURBULENCE OFF  0.00  0.00  0.00  0.00
ABUNDANCE SCALE   0.31622 ABUNDANCE CHANGE 1 0.92080 2 0.07838
 ABUNDANCE CHANGE  3 -10.94  4 -10.64  5  -9.49  6  -3.52  7  -4.12  8  -2.81
 ABUNDANCE CHANGE  9  -7.48 10  -3.56 11  -5.71 12  -4.06 13  -5.57 14  -4.09
 ABUNDANCE CHANGE 15  -6.59 16  -4.31 17  -6.54 18  -5.24 19  -6.92 20  -5.28
 ABUNDANCE CHANGE 21  -8.87 22  -6.62 23  -8.04 24  -6.37 25  -6.65 26  -4.54
 ABUNDANCE CHANGE 27  -7.12 28  -5.79 29  -7.83 30  -7.44 31  -9.16 32  -8.63
 ABUNDANCE CHANGE 33  -9.67 34  -8.63 35  -9.41 36  -8.73 37  -9.44 38  -9.07
 ABUNDANCE CHANGE 39  -9.80 40  -9.44 41 -10.62 42 -10.12 43 -20.00 44 -10.20
 ABUNDANCE CHANGE 45 -10.92 46 -10.35 47 -11.10 48 -10.27 49 -10.38 50 -10.04
 ABUNDANCE CHANGE 51 -11.04 52  -9.80 53 -10.53 54  -9.87 55 -10.91 56  -9.91
 ABUNDANCE CHANGE 57 -10.87 58 -10.46 59 -11.33 60 -10.54 61 -20.00 62 -11.03
 ABUNDANCE CHANGE 63 -11.53 64 -10.92 65 -11.69 66 -10.90 67 -11.78 68 -11.11
 ABUNDANCE CHANGE 69 -12.04 70 -10.96 71 -11.98 72 -11.16 73 -12.17 74 -10.93
 ABUNDANCE CHANGE 75 -11.76 76 -10.59 77 -10.69 78 -10.24 79 -11.03 80 -10.91
 ABUNDANCE CHANGE 81 -11.14 82 -10.09 83 -11.33 84 -20.00 85 -20.00 86 -20.00
 ABUNDANCE CHANGE 87 -20.00 88 -20.00 89 -20.00 90 -11.95 91 -20.00 92 -12.54
 ABUNDANCE CHANGE 93 -20.00 94 -20.00 95 -20.00 96 -20.00 97 -20.00 98 -20.00
 ABUNDANCE CHANGE 99 -20.00
READ DECK6 72 RHOX,T,P,XNE,ABROSS,ACCRAD,VTURB, FLXCNV,VCONV,VELSND
 1.44588998E-03   3692.2 4.572E+00 5.654E+08 9.223E-05 1.512E-02 2.000E+05 0.000E+00 0.000E+00 7.817E+05
 1.90176649E-03   3716.1 6.014E+00 7.357E+08 1.029E-04 1.684E-02 2.000E+05 0.000E+00 0.000E+00 7.519E+05
 2.44562457E-03   3738.1 7.733E+00 9.367E+08 1.152E-04 1.845E-02 2.000E+05 0.000E+00 0.000E+00 7.304E+05
 3.09023784E-03   3764.4 9.772E+00 1.173E+09 1.302E-04 2.010E-02 2.000E+05 0.000E+00 0.000E+00 7.151E+05
 3.84843475E-03   3793.1 1.217E+01 1.450E+09 1.480E-04 2.192E-02 2.000E+05 0.000E+00 0.000E+00 7.042E+05
 4.74452987E-03   3821.2 1.500E+01 1.775E+09 1.654E-04 2.235E-02 2.000E+05 0.000E+00 0.000E+00 6.961E+05
 5.81806091E-03   3849.2 1.840E+01 2.162E+09 1.838E-04 2.198E-02 2.000E+05 0.000E+00 0.000E+00 6.900E+05
 7.10421046E-03   3877.2 2.246E+01 2.622E+09 2.050E-04 2.147E-02 2.000E+05 0.000E+00 0.000E+00 6.855E+05
 8.63873288E-03   3904.6 2.732E+01 3.167E+09 2.295E-04 2.090E-02 2.000E+05 0.000E+00 0.000E+00 6.822E+05
 1.04635009E-02   3931.5 3.309E+01 3.811E+09 2.578E-04 2.034E-02 2.000E+05 0.000E+00 0.000E+00 6.799E+05
 1.26275497E-02   3957.8 3.993E+01 4.570E+09 2.902E-04 1.990E-02 2.000E+05 0.000E+00 0.000E+00 6.740E+05
 1.51866771E-02   3983.3 4.802E+01 5.461E+09 3.277E-04 1.956E-02 2.000E+05 0.000E+00 0.000E+00 6.774E+05
 1.82069420E-02   4008.2 5.757E+01 6.505E+09 3.705E-04 1.938E-02 2.000E+05 0.000E+00 0.000E+00 6.769E+05
 2.17663778E-02   4032.8 6.883E+01 7.728E+09 4.196E-04 1.923E-02 2.000E+05 0.000E+00 0.000E+00 6.768E+05
 2.59533231E-02   4056.8 8.207E+01 9.156E+09 4.761E-04 1.912E-02 2.000E+05 0.000E+00 0.000E+00 6.770E+05
 3.08708987E-02   4080.4 9.762E+01 1.082E+10 5.409E-04 1.907E-02 2.000E+05 0.000E+00 0.000E+00 6.775E+05
 3.66415732E-02   4104.2 1.159E+02 1.277E+10 6.148E-04 1.915E-02 2.000E+05 0.000E+00 0.000E+00 6.782E+05
 4.34070898E-02   4128.2 1.373E+02 1.503E+10 6.997E-04 1.930E-02 2.000E+05 0.000E+00 0.000E+00 6.792E+05
 5.13283837E-02   4152.6 1.623E+02 1.767E+10 7.974E-04 1.949E-02 2.000E+05 0.000E+00 0.000E+00 6.803E+05
 6.05936429E-02   4177.6 1.916E+02 2.074E+10 9.094E-04 1.973E-02 2.000E+05 0.000E+00 0.000E+00 6.816E+05
 7.14266461E-02   4203.3 2.259E+02 2.432E+10 1.037E-03 2.002E-02 2.000E+05 0.000E+00 0.000E+00 6.830E+05
 8.40891641E-02   4229.8 2.659E+02 2.849E+10 1.184E-03 2.025E-02 2.000E+05 0.000E+00 0.000E+00 6.846E+05
 9.88841634E-02   4257.0 3.127E+02 3.335E+10 1.351E-03 2.043E-02 2.000E+05 0.000E+00 0.000E+00 6.864E+05
 1.16166551E-01   4284.8 3.673E+02 3.901E+10 1.543E-03 2.067E-02 2.000E+05 0.000E+00 0.000E+00 6.882E+05
 1.36345043E-01   4312.9 4.312E+02 4.559E+10 1.762E-03 2.092E-02 2.000E+05 0.000E+00 0.000E+00 6.901E+05
 1.59890891E-01   4341.3 5.056E+02 5.326E+10 2.015E-03 2.120E-02 2.000E+05 0.000E+00 0.000E+00 6.921E+05
 1.87346523E-01   4369.6 5.924E+02 6.217E+10 2.306E-03 2.158E-02 2.000E+05 0.000E+00 0.000E+00 6.941E+05
 2.19291346E-01   4397.5 6.935E+02 7.250E+10 2.646E-03 2.243E-02 2.000E+05 0.000E+00 0.000E+00 6.961E+05
 2.56412971E-01   4425.5 8.108E+02 8.447E+10 3.035E-03 2.333E-02 2.000E+05 0.000E+00 0.000E+00 6.981E+05
 2.99581208E-01   4453.5 9.474E+02 9.836E+10 3.480E-03 2.429E-02 2.000E+05 0.000E+00 0.000E+00 7.001E+05
 3.49798616E-01   4481.4 1.106E+03 1.145E+11 3.989E-03 2.543E-02 2.000E+05 0.000E+00 0.000E+00 7.021E+05
 4.08221074E-01   4509.0 1.291E+03 1.331E+11 4.572E-03 2.678E-02 2.000E+05 0.000E+00 0.000E+00 7.041E+05
 4.76187998E-01   4536.6 1.506E+03 1.548E+11 5.241E-03 2.833E-02 2.000E+05 0.000E+00 0.000E+00 7.061E+05
 5.55252795E-01   4564.0 1.756E+03 1.799E+11 6.007E-03 3.014E-02 2.000E+05 0.000E+00 0.000E+00 7.081E+05
 6.47417182E-01   4592.3 2.047E+03 2.091E+11 6.858E-03 3.162E-02 2.000E+05 0.000E+00 0.000E+00 7.101E+05
 7.55130391E-01   4620.6 2.388E+03 2.432E+11 7.823E-03 3.309E-02 2.000E+05 0.000E+00 0.000E+00 7.122E+05
 8.81038546E-01   4648.1 2.786E+03 2.828E+11 8.926E-03 3.484E-02 2.000E+05 0.000E+00 0.000E+00 7.141E+05
 1.02817621E+00   4675.3 3.251E+03 3.288E+11 1.019E-02 3.693E-02 2.000E+05 0.000E+00 0.000E+00 7.161E+05
 1.20009393E+00   4702.2 3.795E+03 3.823E+11 1.163E-02 3.953E-02 2.000E+05 0.000E+00 0.000E+00 7.180E+05
 1.40090882E+00   4729.6 4.430E+03 4.447E+11 1.328E-02 4.257E-02 2.000E+05 0.000E+00 0.000E+00 7.199E+05
 1.63540607E+00   4757.5 5.172E+03 5.173E+11 1.516E-02 4.612E-02 2.000E+05 0.000E+00 0.000E+00 7.219E+05
 1.90919569E+00   4786.7 6.037E+03 6.023E+11 1.733E-02 5.024E-02 2.000E+05 0.000E+00 0.000E+00 7.239E+05
 2.22811642E+00   4818.0 7.046E+03 7.021E+11 1.987E-02 5.562E-02 2.000E+05 0.000E+00 0.000E+00 7.261E+05
 2.59886081E+00   4853.1 8.218E+03 8.204E+11 2.279E-02 6.169E-02 2.000E+05 0.000E+00 0.000E+00 7.286E+05
 3.02960891E+00   4892.6 9.580E+03 9.617E+11 2.618E-02 6.860E-02 2.000E+05 0.000E+00 0.000E+00 7.314E+05
 3.52928402E+00   4938.3 1.116E+04 1.133E+12 3.013E-02 7.669E-02 2.000E+05 0.000E+00 0.000E+00 7.347E+05
 4.10720902E+00   4991.4 1.299E+04 1.345E+12 3.481E-02 8.619E-02 2.000E+05 0.000E+00 0.000E+00 7.386E+05
 4.77174522E+00   5054.0 1.509E+04 1.612E+12 4.054E-02 9.801E-02 2.000E+05 0.000E+00 0.000E+00 7.431E+05
 5.52879054E+00   5128.3 1.748E+04 1.962E+12 4.771E-02 1.127E-01 2.000E+05 0.000E+00 0.000E+00 7.485E+05
 6.38072951E+00   5215.9 2.018E+04 2.439E+12 5.695E-02 1.314E-01 2.000E+05 0.000E+00 0.000E+00 7.547E+05
 7.32343811E+00   5318.4 2.316E+04 3.118E+12 6.937E-02 1.562E-01 2.000E+05 0.000E+00 0.000E+00 7.618E+05
 8.33912714E+00   5440.1 2.637E+04 4.148E+12 8.738E-02 1.927E-01 2.000E+05 0.000E+00 0.000E+00 7.700E+05
 9.39291260E+00   5584.2 2.970E+04 5.794E+12 1.146E-01 2.484E-01 2.000E+05 0.000E+00 0.000E+00 7.793E+05
 1.04421050E+01   5753.6 3.302E+04 8.543E+12 1.569E-01 3.341E-01 2.000E+05 0.000E+00 0.000E+00 7.895E+05
 1.14368055E+01   5953.9 3.616E+04 1.337E+13 2.269E-01 4.786E-01 2.000E+05 4.809E-08 1.572E+03 8.005E+05
 1.23317929E+01   6190.2 3.899E+04 2.215E+13 3.443E-01 7.192E-01 2.000E+05 8.381E-06 8.617E+03 8.116E+05
 1.30999751E+01   6464.0 4.142E+04 3.837E+13 5.475E-01 1.139E+00 2.000E+05 3.059E-04 2.808E+04 8.218E+05
 1.37281224E+01   6785.5 4.341E+04 6.947E+13 9.162E-01 1.899E+00 2.000E+05 4.797E-03 6.892E+04 8.299E+05
 1.42094525E+01   7172.6 4.493E+04 1.325E+14 1.646E+00 3.303E+00 2.000E+05 1.735E-02 1.020E+05 8.349E+05
 1.45647142E+01   7574.6 4.605E+04 2.418E+14 2.940E+00 5.103E+00 2.000E+05 1.485E-01 2.010E+05 8.374E+05
 1.48442326E+01   7910.9 4.693E+04 3.821E+14 4.707E+00 5.996E+00 2.000E+05 3.943E-01 2.724E+05 8.397E+05
 1.50915146E+01   8173.1 4.771E+04 5.324E+14 6.733E+00 5.788E+00 2.000E+05 5.856E-01 3.014E+05 8.430E+05
 1.53303235E+01   8391.1 4.847E+04 6.910E+14 9.021E+00 5.265E+00 2.000E+05 7.157E-01 3.128E+05 8.470E+05
 1.55733694E+01   8581.7 4.924E+04 8.592E+14 1.160E+01 4.783E+00 2.000E+05 8.003E-01 3.171E+05 8.517E+05
 1.58287731E+01   8756.7 5.004E+04 1.041E+15 1.455E+01 4.368E+00 2.000E+05 8.544E-01 3.164E+05 8.568E+05
 1.61033946E+01   8919.1 5.091E+04 1.237E+15 1.788E+01 4.045E+00 2.000E+05 8.909E-01 3.151E+05 8.625E+05
 1.64026106E+01   9078.4 5.185E+04 1.456E+15 2.179E+01 3.760E+00 2.000E+05 9.165E-01 3.116E+05 8.688E+05
 1.67324505E+01   9229.8 5.290E+04 1.692E+15 2.620E+01 3.515E+00 2.000E+05 9.354E-01 3.093E+05 8.754E+05
 1.70980996E+01   9385.6 5.405E+04 1.965E+15 3.149E+01 3.301E+00 2.000E+05 9.491E-01 3.049E+05 8.829E+05
 1.75070412E+01   9533.1 5.534E+04 2.257E+15 3.729E+01 3.090E+00 2.000E+05 9.602E-01 3.026E+05 8.907E+05
 1.79656086E+01   9692.7 5.679E+04 2.607E+15 4.451E+01 2.924E+00 2.000E+05 9.682E-01 2.982E+05 8.997E+05
 1.84829975E+01   9840.1 5.843E+04 2.972E+15 5.217E+01 2.893E+00 2.000E+05 9.732E-01 2.951E+05 9.086E+05
PRADK 1.4607E+00
BEGIN                    ITERATION  15 COMPLETED
