TEFF   5750.  GRAVITY 3.00000 LTE 
TITLE  [-0.5a] N(He)/Ntot=0.0784 VTURB=2.0  L/H=1.25 ODFNEW                     
 OPACITY IFOP 1 1 1 1 1 1 1 1 1 1 1 1 1 0 1 0 0 0 0 0
 CONVECTION ON   1.25 TURBULENCE OFF  0.00  0.00  0.00  0.00
ABUNDANCE SCALE   0.31622 ABUNDANCE CHANGE 1 0.92080 2 0.07838
 ABUNDANCE CHANGE  3 -10.94  4 -10.64  5  -9.49  6  -3.52  7  -4.12  8  -2.81
 ABUNDANCE CHANGE  9  -7.48 10  -3.56 11  -5.71 12  -4.06 13  -5.57 14  -4.09
 ABUNDANCE CHANGE 15  -6.59 16  -4.31 17  -6.54 18  -5.24 19  -6.92 20  -5.28
 ABUNDANCE CHANGE 21  -8.87 22  -6.62 23  -8.04 24  -6.37 25  -6.65 26  -4.54
 ABUNDANCE CHANGE 27  -7.12 28  -5.79 29  -7.83 30  -7.44 31  -9.16 32  -8.63
 ABUNDANCE CHANGE 33  -9.67 34  -8.63 35  -9.41 36  -8.73 37  -9.44 38  -9.07
 ABUNDANCE CHANGE 39  -9.80 40  -9.44 41 -10.62 42 -10.12 43 -20.00 44 -10.20
 ABUNDANCE CHANGE 45 -10.92 46 -10.35 47 -11.10 48 -10.27 49 -10.38 50 -10.04
 ABUNDANCE CHANGE 51 -11.04 52  -9.80 53 -10.53 54  -9.87 55 -10.91 56  -9.91
 ABUNDANCE CHANGE 57 -10.87 58 -10.46 59 -11.33 60 -10.54 61 -20.00 62 -11.03
 ABUNDANCE CHANGE 63 -11.53 64 -10.92 65 -11.69 66 -10.90 67 -11.78 68 -11.11
 ABUNDANCE CHANGE 69 -12.04 70 -10.96 71 -11.98 72 -11.16 73 -12.17 74 -10.93
 ABUNDANCE CHANGE 75 -11.76 76 -10.59 77 -10.69 78 -10.24 79 -11.03 80 -10.91
 ABUNDANCE CHANGE 81 -11.14 82 -10.09 83 -11.33 84 -20.00 85 -20.00 86 -20.00
 ABUNDANCE CHANGE 87 -20.00 88 -20.00 89 -20.00 90 -11.95 91 -20.00 92 -12.54
 ABUNDANCE CHANGE 93 -20.00 94 -20.00 95 -20.00 96 -20.00 97 -20.00 98 -20.00
 ABUNDANCE CHANGE 99 -20.00
READ DECK6 72 RHOX,T,P,XNE,ABROSS,ACCRAD,VTURB, FLXCNV,VCONV,VELSND
 1.85609643E-03   3657.5 1.856E+00 2.373E+08 7.185E-05 9.688E-03 2.000E+05 0.000E+00 0.000E+00 9.518E+05
 2.45285659E-03   3679.2 2.453E+00 3.107E+08 7.722E-05 1.063E-02 2.000E+05 0.000E+00 0.000E+00 8.876E+05
 3.19062659E-03   3701.1 3.190E+00 4.007E+08 8.357E-05 1.148E-02 2.000E+05 0.000E+00 0.000E+00 8.386E+05
 4.09535236E-03   3727.5 4.095E+00 5.101E+08 9.127E-05 1.247E-02 2.000E+05 0.000E+00 0.000E+00 8.015E+05
 5.19450982E-03   3756.4 5.194E+00 6.420E+08 1.006E-04 1.348E-02 2.000E+05 0.000E+00 0.000E+00 7.732E+05
 6.51719717E-03   3786.9 6.517E+00 7.998E+08 1.120E-04 1.456E-02 2.000E+05 0.000E+00 0.000E+00 7.517E+05
 8.10542087E-03   3817.2 8.105E+00 9.881E+08 1.238E-04 1.497E-02 2.000E+05 0.000E+00 0.000E+00 7.350E+05
 1.00323870E-02   3846.7 1.003E+01 1.215E+09 1.356E-04 1.458E-02 2.000E+05 0.000E+00 0.000E+00 7.219E+05
 1.23746900E-02   3876.3 1.237E+01 1.489E+09 1.491E-04 1.426E-02 2.000E+05 0.000E+00 0.000E+00 7.117E+05
 1.52076814E-02   3905.2 1.521E+01 1.819E+09 1.648E-04 1.390E-02 2.000E+05 0.000E+00 0.000E+00 7.038E+05
 1.86168815E-02   3933.2 1.862E+01 2.213E+09 1.830E-04 1.354E-02 2.000E+05 0.000E+00 0.000E+00 6.977E+05
 2.27006749E-02   3960.3 2.270E+01 2.683E+09 2.042E-04 1.322E-02 2.000E+05 0.000E+00 0.000E+00 6.884E+05
 2.75726519E-02   3986.5 2.757E+01 3.240E+09 2.286E-04 1.296E-02 2.000E+05 0.000E+00 0.000E+00 6.896E+05
 3.33668848E-02   4012.2 3.337E+01 3.898E+09 2.567E-04 1.287E-02 2.000E+05 0.000E+00 0.000E+00 6.872E+05
 4.02408015E-02   4037.7 4.024E+01 4.675E+09 2.889E-04 1.287E-02 2.000E+05 0.000E+00 0.000E+00 6.855E+05
 4.83743708E-02   4063.2 4.837E+01 5.589E+09 3.260E-04 1.287E-02 2.000E+05 0.000E+00 0.000E+00 6.845E+05
 5.79750500E-02   4088.7 5.797E+01 6.663E+09 3.686E-04 1.289E-02 2.000E+05 0.000E+00 0.000E+00 6.840E+05
 6.92839386E-02   4114.4 6.928E+01 7.923E+09 4.177E-04 1.290E-02 2.000E+05 0.000E+00 0.000E+00 6.840E+05
 8.25816040E-02   4140.5 8.258E+01 9.399E+09 4.741E-04 1.290E-02 2.000E+05 0.000E+00 0.000E+00 6.844E+05
 9.81944037E-02   4167.0 9.819E+01 1.113E+10 5.388E-04 1.287E-02 2.000E+05 0.000E+00 0.000E+00 6.850E+05
 1.16501047E-01   4194.1 1.165E+02 1.315E+10 6.132E-04 1.305E-02 2.000E+05 0.000E+00 0.000E+00 6.860E+05
 1.37941690E-01   4222.1 1.379E+02 1.551E+10 6.985E-04 1.320E-02 2.000E+05 0.000E+00 0.000E+00 6.872E+05
 1.63029253E-01   4250.8 1.630E+02 1.828E+10 7.964E-04 1.330E-02 2.000E+05 0.000E+00 0.000E+00 6.887E+05
 1.92360616E-01   4279.7 1.924E+02 2.151E+10 9.087E-04 1.337E-02 2.000E+05 0.000E+00 0.000E+00 6.902E+05
 2.26630331E-01   4308.8 2.266E+02 2.528E+10 1.037E-03 1.342E-02 2.000E+05 0.000E+00 0.000E+00 6.919E+05
 2.66647497E-01   4337.8 2.666E+02 2.969E+10 1.185E-03 1.347E-02 2.000E+05 0.000E+00 0.000E+00 6.937E+05
 3.13356714E-01   4366.6 3.134E+02 3.482E+10 1.355E-03 1.352E-02 2.000E+05 0.000E+00 0.000E+00 6.955E+05
 3.67717231E-01   4394.4 3.677E+02 4.078E+10 1.555E-03 1.408E-02 2.000E+05 0.000E+00 0.000E+00 6.973E+05
 4.30847036E-01   4422.6 4.308E+02 4.771E+10 1.785E-03 1.468E-02 2.000E+05 0.000E+00 0.000E+00 6.992E+05
 5.04192933E-01   4451.0 5.042E+02 5.577E+10 2.049E-03 1.532E-02 2.000E+05 0.000E+00 0.000E+00 7.011E+05
 5.89433576E-01   4479.2 5.894E+02 6.514E+10 2.351E-03 1.601E-02 2.000E+05 0.000E+00 0.000E+00 7.030E+05
 6.88524294E-01   4507.3 6.885E+02 7.602E+10 2.696E-03 1.678E-02 2.000E+05 0.000E+00 0.000E+00 7.050E+05
 8.03742368E-01   4535.3 8.037E+02 8.868E+10 3.092E-03 1.763E-02 2.000E+05 0.000E+00 0.000E+00 7.070E+05
 9.37732977E-01   4563.2 9.377E+02 1.034E+11 3.545E-03 1.861E-02 2.000E+05 0.000E+00 0.000E+00 7.089E+05
 1.09380582E+00   4592.0 1.094E+03 1.206E+11 4.053E-03 1.949E-02 2.000E+05 0.000E+00 0.000E+00 7.110E+05
 1.27591148E+00   4620.9 1.276E+03 1.407E+11 4.631E-03 2.041E-02 2.000E+05 0.000E+00 0.000E+00 7.130E+05
 1.48839851E+00   4649.3 1.488E+03 1.642E+11 5.294E-03 2.148E-02 2.000E+05 0.000E+00 0.000E+00 7.151E+05
 1.73627614E+00   4677.5 1.736E+03 1.915E+11 6.052E-03 2.273E-02 2.000E+05 0.000E+00 0.000E+00 7.171E+05
 2.02541518E+00   4705.3 2.025E+03 2.233E+11 6.919E-03 2.420E-02 2.000E+05 0.000E+00 0.000E+00 7.191E+05
 2.36266686E+00   4733.3 2.363E+03 2.604E+11 7.910E-03 2.591E-02 2.000E+05 0.000E+00 0.000E+00 7.210E+05
 2.75602100E+00   4761.5 2.756E+03 3.037E+11 9.045E-03 2.792E-02 2.000E+05 0.000E+00 0.000E+00 7.231E+05
 3.21461582E+00   4790.8 3.215E+03 3.544E+11 1.035E-02 3.034E-02 2.000E+05 0.000E+00 0.000E+00 7.251E+05
 3.74769628E+00   4822.2 3.748E+03 4.144E+11 1.190E-02 3.366E-02 2.000E+05 0.000E+00 0.000E+00 7.274E+05
 4.36557049E+00   4857.7 4.365E+03 4.860E+11 1.370E-02 3.744E-02 2.000E+05 0.000E+00 0.000E+00 7.299E+05
 5.08055010E+00   4897.7 5.080E+03 5.725E+11 1.581E-02 4.179E-02 2.000E+05 0.000E+00 0.000E+00 7.328E+05
 5.90572055E+00   4943.4 5.906E+03 6.784E+11 1.829E-02 4.684E-02 2.000E+05 0.000E+00 0.000E+00 7.360E+05
 6.85434679E+00   4995.9 6.854E+03 8.106E+11 2.128E-02 5.281E-02 2.000E+05 0.000E+00 0.000E+00 7.397E+05
 7.93670495E+00   5057.8 7.936E+03 9.811E+11 2.500E-02 6.047E-02 2.000E+05 0.000E+00 0.000E+00 7.441E+05
 9.15711731E+00   5131.0 9.157E+03 1.209E+12 2.977E-02 7.022E-02 2.000E+05 0.000E+00 0.000E+00 7.492E+05
 1.05123113E+01   5217.6 1.051E+04 1.526E+12 3.608E-02 8.304E-02 2.000E+05 0.000E+00 0.000E+00 7.551E+05
 1.19859829E+01   5319.8 1.199E+04 1.989E+12 4.482E-02 1.007E-01 2.000E+05 0.000E+00 0.000E+00 7.619E+05
 1.35411455E+01   5441.1 1.354E+04 2.701E+12 5.769E-02 1.270E-01 2.000E+05 0.000E+00 0.000E+00 7.696E+05
 1.51196291E+01   5585.1 1.512E+04 3.850E+12 7.737E-02 1.674E-01 2.000E+05 0.000E+00 0.000E+00 7.783E+05
 1.66587859E+01   5754.0 1.666E+04 5.771E+12 1.080E-01 2.296E-01 2.000E+05 0.000E+00 0.000E+00 7.876E+05
 1.80922215E+01   5953.8 1.809E+04 9.140E+12 1.587E-01 3.338E-01 2.000E+05 2.282E-08 1.538E+03 7.973E+05
 1.93639078E+01   6188.2 1.936E+04 1.522E+13 2.438E-01 5.083E-01 2.000E+05 1.722E-06 6.373E+03 8.065E+05
 2.04398321E+01   6462.0 2.044E+04 2.651E+13 3.939E-01 8.178E-01 2.000E+05 5.752E-05 2.012E+04 8.142E+05
 2.13075061E+01   6779.5 2.130E+04 4.781E+13 6.669E-01 1.385E+00 2.000E+05 1.316E-03 5.569E+04 8.192E+05
 2.19652045E+01   7161.0 2.196E+04 9.051E+13 1.215E+00 2.498E+00 2.000E+05 1.230E-02 1.129E+05 8.213E+05
 2.24312930E+01   7589.1 2.242E+04 1.713E+14 2.316E+00 4.298E+00 2.000E+05 7.774E-02 1.960E+05 8.229E+05
 2.27725729E+01   7960.3 2.276E+04 2.815E+14 3.981E+00 5.485E+00 2.000E+05 3.452E-01 3.140E+05 8.269E+05
 2.30592738E+01   8235.4 2.305E+04 3.951E+14 5.888E+00 5.287E+00 2.000E+05 5.676E-01 3.594E+05 8.325E+05
 2.33310222E+01   8450.8 2.332E+04 5.074E+14 7.952E+00 4.684E+00 2.000E+05 7.105E-01 3.753E+05 8.387E+05
 2.36062014E+01   8636.8 2.359E+04 6.231E+14 1.025E+01 4.186E+00 2.000E+05 8.018E-01 3.826E+05 8.453E+05
 2.38954256E+01   8804.5 2.388E+04 7.444E+14 1.283E+01 3.755E+00 2.000E+05 8.575E-01 3.827E+05 8.523E+05
 2.42073485E+01   8959.9 2.419E+04 8.724E+14 1.571E+01 3.445E+00 2.000E+05 8.943E-01 3.828E+05 8.596E+05
 2.45484819E+01   9111.9 2.453E+04 1.013E+15 1.907E+01 3.173E+00 2.000E+05 9.193E-01 3.799E+05 8.676E+05
 2.49263060E+01   9256.3 2.491E+04 1.163E+15 2.281E+01 2.953E+00 2.000E+05 9.377E-01 3.787E+05 8.759E+05
 2.53474119E+01   9405.7 2.533E+04 1.334E+15 2.728E+01 2.763E+00 2.000E+05 9.509E-01 3.751E+05 8.852E+05
 2.58207546E+01   9547.6 2.580E+04 1.514E+15 3.214E+01 2.581E+00 2.000E+05 9.613E-01 3.738E+05 8.946E+05
 2.63541935E+01   9702.1 2.633E+04 1.729E+15 3.817E+01 2.443E+00 2.000E+05 9.690E-01 3.704E+05 9.057E+05
 2.69588135E+01   9845.9 2.694E+04 1.950E+15 4.455E+01 2.415E+00 2.000E+05 9.738E-01 3.684E+05 9.166E+05
PRADK 1.4606E+00
BEGIN                    ITERATION  15 COMPLETED
