TEFF   7250.  GRAVITY 4.00000 LTE 
TITLE  [-0.5a] N(He)/Ntot=0.0784 VTURB=2.0  L/H=1.25 ODFNEW                     
 OPACITY IFOP 1 1 1 1 1 1 1 1 1 1 1 1 1 0 1 0 0 0 0 0
 CONVECTION ON   1.25 TURBULENCE OFF  0.00  0.00  0.00  0.00
ABUNDANCE SCALE   0.31622 ABUNDANCE CHANGE 1 0.92080 2 0.07838
 ABUNDANCE CHANGE  3 -10.94  4 -10.64  5  -9.49  6  -3.52  7  -4.12  8  -2.81
 ABUNDANCE CHANGE  9  -7.48 10  -3.56 11  -5.71 12  -4.06 13  -5.57 14  -4.09
 ABUNDANCE CHANGE 15  -6.59 16  -4.31 17  -6.54 18  -5.24 19  -6.92 20  -5.28
 ABUNDANCE CHANGE 21  -8.87 22  -6.62 23  -8.04 24  -6.37 25  -6.65 26  -4.54
 ABUNDANCE CHANGE 27  -7.12 28  -5.79 29  -7.83 30  -7.44 31  -9.16 32  -8.63
 ABUNDANCE CHANGE 33  -9.67 34  -8.63 35  -9.41 36  -8.73 37  -9.44 38  -9.07
 ABUNDANCE CHANGE 39  -9.80 40  -9.44 41 -10.62 42 -10.12 43 -20.00 44 -10.20
 ABUNDANCE CHANGE 45 -10.92 46 -10.35 47 -11.10 48 -10.27 49 -10.38 50 -10.04
 ABUNDANCE CHANGE 51 -11.04 52  -9.80 53 -10.53 54  -9.87 55 -10.91 56  -9.91
 ABUNDANCE CHANGE 57 -10.87 58 -10.46 59 -11.33 60 -10.54 61 -20.00 62 -11.03
 ABUNDANCE CHANGE 63 -11.53 64 -10.92 65 -11.69 66 -10.90 67 -11.78 68 -11.11
 ABUNDANCE CHANGE 69 -12.04 70 -10.96 71 -11.98 72 -11.16 73 -12.17 74 -10.93
 ABUNDANCE CHANGE 75 -11.76 76 -10.59 77 -10.69 78 -10.24 79 -11.03 80 -10.91
 ABUNDANCE CHANGE 81 -11.14 82 -10.09 83 -11.33 84 -20.00 85 -20.00 86 -20.00
 ABUNDANCE CHANGE 87 -20.00 88 -20.00 89 -20.00 90 -11.95 91 -20.00 92 -12.54
 ABUNDANCE CHANGE 93 -20.00 94 -20.00 95 -20.00 96 -20.00 97 -20.00 98 -20.00
 ABUNDANCE CHANGE 99 -20.00
READ DECK6 72 RHOX,T,P,XNE,ABROSS,ACCRAD,VTURB, FLXCNV,VCONV,VELSND
 2.50015071E-04   4695.3 2.500E+00 2.836E+09 5.334E-04 2.148E-01 2.000E+05 0.000E+00 0.000E+00 1.202E+06
 3.32766531E-04   4714.9 3.328E+00 3.525E+09 5.416E-04 2.142E-01 2.000E+05 0.000E+00 0.000E+00 1.106E+06
 4.40531253E-04   4736.5 4.405E+00 4.395E+09 5.592E-04 2.097E-01 2.000E+05 0.000E+00 0.000E+00 1.027E+06
 5.78696887E-04   4759.1 5.787E+00 5.474E+09 5.857E-04 2.046E-01 2.000E+05 0.000E+00 0.000E+00 9.646E+05
 7.53447134E-04   4782.5 7.534E+00 6.800E+09 6.217E-04 2.001E-01 2.000E+05 0.000E+00 0.000E+00 9.149E+05
 9.71413647E-04   4806.6 9.714E+00 8.414E+09 6.690E-04 1.977E-01 2.000E+05 0.000E+00 0.000E+00 8.760E+05
 1.23991074E-03   4831.3 1.240E+01 1.037E+10 7.281E-04 1.968E-01 2.000E+05 0.000E+00 0.000E+00 8.456E+05
 1.56720899E-03   4856.7 1.567E+01 1.273E+10 8.002E-04 1.964E-01 2.000E+05 0.000E+00 0.000E+00 8.221E+05
 1.96251024E-03   4882.8 1.962E+01 1.557E+10 8.872E-04 1.961E-01 2.000E+05 0.000E+00 0.000E+00 8.038E+05
 2.43607795E-03   4909.8 2.436E+01 1.899E+10 9.911E-04 1.958E-01 2.000E+05 0.000E+00 0.000E+00 7.898E+05
 2.99942471E-03   4937.6 2.999E+01 2.310E+10 1.115E-03 1.954E-01 2.000E+05 0.000E+00 0.000E+00 7.790E+05
 3.66542668E-03   4966.2 3.665E+01 2.803E+10 1.261E-03 1.956E-01 2.000E+05 0.000E+00 0.000E+00 7.707E+05
 4.44885335E-03   4995.5 4.449E+01 3.392E+10 1.432E-03 1.957E-01 2.000E+05 0.000E+00 0.000E+00 7.644E+05
 5.36673481E-03   5025.5 5.367E+01 4.095E+10 1.633E-03 1.958E-01 2.000E+05 0.000E+00 0.000E+00 7.597E+05
 6.43854475E-03   5056.0 6.438E+01 4.932E+10 1.867E-03 1.960E-01 2.000E+05 0.000E+00 0.000E+00 7.563E+05
 7.68682052E-03   5087.1 7.687E+01 5.928E+10 2.140E-03 1.962E-01 2.000E+05 0.000E+00 0.000E+00 7.538E+05
 9.13782965E-03   5118.7 9.138E+01 7.111E+10 2.457E-03 1.963E-01 2.000E+05 0.000E+00 0.000E+00 7.521E+05
 1.08219035E-02   5150.6 1.082E+02 8.513E+10 2.825E-03 1.968E-01 2.000E+05 0.000E+00 0.000E+00 7.511E+05
 1.27740806E-02   5182.9 1.277E+02 1.017E+11 3.251E-03 1.978E-01 2.000E+05 0.000E+00 0.000E+00 7.505E+05
 1.50351141E-02   5215.5 1.503E+02 1.213E+11 3.745E-03 1.989E-01 2.000E+05 0.000E+00 0.000E+00 7.504E+05
 1.76527438E-02   5248.3 1.765E+02 1.445E+11 4.313E-03 2.001E-01 2.000E+05 0.000E+00 0.000E+00 7.507E+05
 2.06827887E-02   5281.3 2.068E+02 1.718E+11 4.969E-03 2.016E-01 2.000E+05 0.000E+00 0.000E+00 7.512E+05
 2.41905055E-02   5314.4 2.419E+02 2.039E+11 5.724E-03 2.034E-01 2.000E+05 0.000E+00 0.000E+00 7.520E+05
 2.82519497E-02   5347.7 2.825E+02 2.416E+11 6.592E-03 2.057E-01 2.000E+05 0.000E+00 0.000E+00 7.530E+05
 3.29550906E-02   5381.0 3.295E+02 2.859E+11 7.591E-03 2.089E-01 2.000E+05 0.000E+00 0.000E+00 7.541E+05
 3.84003695E-02   5414.5 3.840E+02 3.378E+11 8.744E-03 2.139E-01 2.000E+05 0.000E+00 0.000E+00 7.554E+05
 4.47031382E-02   5448.3 4.470E+02 3.990E+11 1.007E-02 2.196E-01 2.000E+05 0.000E+00 0.000E+00 7.569E+05
 5.19986381E-02   5482.2 5.200E+02 4.707E+11 1.161E-02 2.262E-01 2.000E+05 0.000E+00 0.000E+00 7.584E+05
 6.04446056E-02   5516.5 6.044E+02 5.550E+11 1.337E-02 2.337E-01 2.000E+05 0.000E+00 0.000E+00 7.601E+05
 7.02250776E-02   5550.9 7.022E+02 6.537E+11 1.539E-02 2.422E-01 2.000E+05 0.000E+00 0.000E+00 7.618E+05
 8.15554138E-02   5585.4 8.155E+02 7.694E+11 1.771E-02 2.519E-01 2.000E+05 0.000E+00 0.000E+00 7.636E+05
 9.46893693E-02   5619.9 9.469E+02 9.044E+11 2.037E-02 2.628E-01 2.000E+05 0.000E+00 0.000E+00 7.654E+05
 1.09922647E-01   5654.4 1.099E+03 1.062E+12 2.341E-02 2.759E-01 2.000E+05 0.000E+00 0.000E+00 7.674E+05
 1.27602592E-01   5688.6 1.276E+03 1.245E+12 2.689E-02 2.909E-01 2.000E+05 0.000E+00 0.000E+00 7.693E+05
 1.48142740E-01   5722.7 1.481E+03 1.458E+12 3.085E-02 3.080E-01 2.000E+05 0.000E+00 0.000E+00 7.713E+05
 1.72032498E-01   5756.5 1.720E+03 1.704E+12 3.535E-02 3.274E-01 2.000E+05 0.000E+00 0.000E+00 7.734E+05
 1.99843333E-01   5789.9 1.998E+03 1.989E+12 4.048E-02 3.504E-01 2.000E+05 0.000E+00 0.000E+00 7.755E+05
 2.32242716E-01   5823.2 2.322E+03 2.320E+12 4.632E-02 3.770E-01 2.000E+05 0.000E+00 0.000E+00 7.776E+05
 2.69997298E-01   5856.8 2.700E+03 2.706E+12 5.301E-02 4.077E-01 2.000E+05 0.000E+00 0.000E+00 7.797E+05
 3.13996077E-01   5890.7 3.140E+03 3.156E+12 6.067E-02 4.434E-01 2.000E+05 0.000E+00 0.000E+00 7.819E+05
 3.65195939E-01   5926.0 3.652E+03 3.689E+12 6.961E-02 4.868E-01 2.000E+05 0.000E+00 0.000E+00 7.842E+05
 4.24631887E-01   5963.1 4.246E+03 4.324E+12 8.006E-02 5.380E-01 2.000E+05 0.000E+00 0.000E+00 7.865E+05
 4.93432392E-01   6002.7 4.934E+03 5.090E+12 9.240E-02 5.991E-01 2.000E+05 0.000E+00 0.000E+00 7.889E+05
 5.72734623E-01   6046.0 5.727E+03 6.028E+12 1.072E-01 6.733E-01 2.000E+05 0.000E+00 0.000E+00 7.914E+05
 6.63602104E-01   6094.2 6.636E+03 7.196E+12 1.252E-01 7.645E-01 2.000E+05 0.000E+00 0.000E+00 7.939E+05
 7.66891937E-01   6149.3 7.669E+03 8.686E+12 1.476E-01 8.792E-01 2.000E+05 0.000E+00 0.000E+00 7.967E+05
 8.82982331E-01   6213.4 8.829E+03 1.064E+13 1.763E-01 1.028E+00 2.000E+05 0.000E+00 0.000E+00 7.995E+05
 1.01157614E+00   6289.1 1.012E+04 1.326E+13 2.139E-01 1.225E+00 2.000E+05 0.000E+00 0.000E+00 8.025E+05
 1.15143956E+00   6379.8 1.151E+04 1.690E+13 2.650E-01 1.495E+00 2.000E+05 0.000E+00 0.000E+00 8.056E+05
 1.30033616E+00   6488.3 1.300E+04 2.208E+13 3.358E-01 1.868E+00 2.000E+05 0.000E+00 0.000E+00 8.088E+05
 1.45504649E+00   6618.4 1.455E+04 2.967E+13 4.369E-01 2.403E+00 2.000E+05 0.000E+00 0.000E+00 8.118E+05
 1.61103851E+00   6774.8 1.611E+04 4.114E+13 5.877E-01 3.209E+00 2.000E+05 0.000E+00 0.000E+00 8.145E+05
 1.76290103E+00   6962.5 1.763E+04 5.902E+13 8.202E-01 4.460E+00 2.000E+05 2.784E-10 4.730E+02 8.168E+05
 1.90509058E+00   7186.4 1.905E+04 8.761E+13 1.194E+00 6.501E+00 2.000E+05 3.857E-08 2.348E+03 8.186E+05
 2.03142476E+00   7460.2 2.031E+04 1.359E+14 1.848E+00 1.012E+01 2.000E+05 1.630E-06 7.814E+03 8.204E+05
 2.13774595E+00   7778.9 2.137E+04 2.160E+14 3.004E+00 1.667E+01 2.000E+05 7.677E-05 2.683E+04 8.235E+05
 2.22074806E+00   8180.1 2.220E+04 3.632E+14 5.392E+00 3.041E+01 2.000E+05 2.735E-03 8.326E+04 8.306E+05
 2.27857431E+00   8677.0 2.278E+04 6.375E+14 1.073E+01 5.777E+01 2.000E+05 1.925E-02 1.484E+05 8.466E+05
 2.31876309E+00   9133.4 2.317E+04 1.002E+15 1.934E+01 8.285E+01 2.000E+05 2.127E-01 3.211E+05 8.688E+05
 2.35188836E+00   9458.8 2.350E+04 1.338E+15 2.853E+01 8.390E+01 2.000E+05 4.433E-01 4.071E+05 8.892E+05
 2.38371941E+00   9711.4 2.382E+04 1.647E+15 3.775E+01 7.479E+01 2.000E+05 6.070E-01 4.462E+05 9.076E+05
 2.41677360E+00   9929.5 2.415E+04 1.947E+15 4.735E+01 6.571E+01 2.000E+05 7.253E-01 4.717E+05 9.254E+05
 2.45250373E+00  10133.3 2.450E+04 2.255E+15 5.759E+01 5.787E+01 2.000E+05 8.027E-01 4.861E+05 9.436E+05
 2.49219702E+00  10325.6 2.490E+04 2.570E+15 6.838E+01 5.201E+01 2.000E+05 8.528E-01 4.959E+05 9.621E+05
 2.53702303E+00  10519.6 2.534E+04 2.910E+15 8.037E+01 4.780E+01 2.000E+05 8.859E-01 5.030E+05 9.820E+05
 2.58825061E+00  10711.3 2.585E+04 3.266E+15 9.320E+01 4.464E+01 2.000E+05 9.083E-01 5.087E+05 1.003E+06
 2.64729747E+00  10913.9 2.644E+04 3.660E+15 1.076E+02 4.244E+01 2.000E+05 9.247E-01 5.146E+05 1.026E+06
 2.71583248E+00  11121.4 2.712E+04 4.081E+15 1.230E+02 4.083E+01 2.000E+05 9.365E-01 5.199E+05 1.051E+06
 2.79613215E+00  11349.6 2.792E+04 4.555E+15 1.394E+02 4.000E+01 2.000E+05 9.452E-01 5.265E+05 1.080E+06
 2.89131004E+00  11593.6 2.887E+04 5.070E+15 1.558E+02 3.950E+01 2.000E+05 9.514E-01 5.328E+05 1.112E+06
 3.00520468E+00  11873.7 3.001E+04 5.655E+15 1.731E+02 4.030E+01 2.000E+05 9.555E-01 5.418E+05 1.149E+06
 3.14308459E+00  12191.1 3.138E+04 6.298E+15 1.897E+02 4.280E+01 2.000E+05 9.574E-01 5.516E+05 1.192E+06
PRADK 3.6981E+00
BEGIN                    ITERATION  15 COMPLETED
