TEFF   4500.  GRAVITY 4.00000 LTE 
TITLE  [-0.5a] N(He)/Ntot=0.0784 VTURB=2.0  L/H=1.25 ODFNEW                     
 OPACITY IFOP 1 1 1 1 1 1 1 1 1 1 1 1 1 0 1 0 0 0 0 0
 CONVECTION ON   1.25 TURBULENCE OFF  0.00  0.00  0.00  0.00
ABUNDANCE SCALE   0.31622 ABUNDANCE CHANGE 1 0.92080 2 0.07838
 ABUNDANCE CHANGE  3 -10.94  4 -10.64  5  -9.49  6  -3.52  7  -4.12  8  -2.81
 ABUNDANCE CHANGE  9  -7.48 10  -3.56 11  -5.71 12  -4.06 13  -5.57 14  -4.09
 ABUNDANCE CHANGE 15  -6.59 16  -4.31 17  -6.54 18  -5.24 19  -6.92 20  -5.28
 ABUNDANCE CHANGE 21  -8.87 22  -6.62 23  -8.04 24  -6.37 25  -6.65 26  -4.54
 ABUNDANCE CHANGE 27  -7.12 28  -5.79 29  -7.83 30  -7.44 31  -9.16 32  -8.63
 ABUNDANCE CHANGE 33  -9.67 34  -8.63 35  -9.41 36  -8.73 37  -9.44 38  -9.07
 ABUNDANCE CHANGE 39  -9.80 40  -9.44 41 -10.62 42 -10.12 43 -20.00 44 -10.20
 ABUNDANCE CHANGE 45 -10.92 46 -10.35 47 -11.10 48 -10.27 49 -10.38 50 -10.04
 ABUNDANCE CHANGE 51 -11.04 52  -9.80 53 -10.53 54  -9.87 55 -10.91 56  -9.91
 ABUNDANCE CHANGE 57 -10.87 58 -10.46 59 -11.33 60 -10.54 61 -20.00 62 -11.03
 ABUNDANCE CHANGE 63 -11.53 64 -10.92 65 -11.69 66 -10.90 67 -11.78 68 -11.11
 ABUNDANCE CHANGE 69 -12.04 70 -10.96 71 -11.98 72 -11.16 73 -12.17 74 -10.93
 ABUNDANCE CHANGE 75 -11.76 76 -10.59 77 -10.69 78 -10.24 79 -11.03 80 -10.91
 ABUNDANCE CHANGE 81 -11.14 82 -10.09 83 -11.33 84 -20.00 85 -20.00 86 -20.00
 ABUNDANCE CHANGE 87 -20.00 88 -20.00 89 -20.00 90 -11.95 91 -20.00 92 -12.54
 ABUNDANCE CHANGE 93 -20.00 94 -20.00 95 -20.00 96 -20.00 97 -20.00 98 -20.00
 ABUNDANCE CHANGE 99 -20.00
READ DECK6 72 RHOX,T,P,XNE,ABROSS,ACCRAD,VTURB, FLXCNV,VCONV,VELSND
 1.98049296E-03   2858.9 1.980E+01 3.495E+08 6.734E-05 7.299E-03 2.000E+05 0.000E+00 0.000E+00 5.426E+05
 2.58555464E-03   2876.8 2.585E+01 4.441E+08 7.968E-05 7.691E-03 2.000E+05 0.000E+00 0.000E+00 5.391E+05
 3.27282217E-03   2896.8 3.273E+01 5.572E+08 9.292E-05 7.857E-03 2.000E+05 0.000E+00 0.000E+00 5.374E+05
 4.05528453E-03   2916.8 4.055E+01 6.887E+08 1.092E-04 7.943E-03 2.000E+05 0.000E+00 0.000E+00 5.365E+05
 4.95027072E-03   2936.6 4.950E+01 8.416E+08 1.262E-04 8.003E-03 2.000E+05 0.000E+00 0.000E+00 5.362E+05
 5.99086078E-03   2956.7 5.991E+01 1.023E+09 1.438E-04 8.048E-03 2.000E+05 0.000E+00 0.000E+00 5.362E+05
 7.21457241E-03   2977.3 7.214E+01 1.239E+09 1.623E-04 8.081E-03 2.000E+05 0.000E+00 0.000E+00 5.366E+05
 8.66693098E-03   2998.5 8.667E+01 1.501E+09 1.818E-04 8.100E-03 2.000E+05 0.000E+00 0.000E+00 5.371E+05
 1.03992138E-02   3020.5 1.040E+02 1.820E+09 2.033E-04 8.120E-03 2.000E+05 0.000E+00 0.000E+00 5.380E+05
 1.24294567E-02   3043.7 1.243E+02 2.208E+09 2.348E-04 8.132E-03 2.000E+05 0.000E+00 0.000E+00 5.392E+05
 1.47832057E-02   3067.0 1.478E+02 2.669E+09 2.687E-04 8.132E-03 2.000E+05 0.000E+00 0.000E+00 5.406E+05
 1.75382151E-02   3090.8 1.754E+02 3.222E+09 3.050E-04 8.123E-03 2.000E+05 0.000E+00 0.000E+00 5.421E+05
 2.07844090E-02   3115.2 2.078E+02 3.890E+09 3.443E-04 8.108E-03 2.000E+05 0.000E+00 0.000E+00 5.438E+05
 2.46294609E-02   3140.4 2.463E+02 4.704E+09 3.869E-04 8.087E-03 2.000E+05 0.000E+00 0.000E+00 5.456E+05
 2.91917680E-02   3166.4 2.919E+02 5.697E+09 4.353E-04 8.072E-03 2.000E+05 0.000E+00 0.000E+00 5.476E+05
 3.45295572E-02   3193.4 3.453E+02 6.904E+09 5.020E-04 8.069E-03 2.000E+05 0.000E+00 0.000E+00 5.498E+05
 4.06973220E-02   3220.3 4.070E+02 8.333E+09 5.795E-04 8.067E-03 2.000E+05 0.000E+00 0.000E+00 5.520E+05
 4.78398203E-02   3247.0 4.784E+02 1.003E+10 6.652E-04 8.071E-03 2.000E+05 0.000E+00 0.000E+00 5.542E+05
 5.61565969E-02   3273.8 5.616E+02 1.204E+10 7.604E-04 8.087E-03 2.000E+05 0.000E+00 0.000E+00 5.564E+05
 6.58777089E-02   3300.6 6.588E+02 1.443E+10 8.668E-04 8.121E-03 2.000E+05 0.000E+00 0.000E+00 5.585E+05
 7.71883776E-02   3327.8 7.719E+02 1.729E+10 9.985E-04 8.196E-03 2.000E+05 0.000E+00 0.000E+00 5.607E+05
 9.02648599E-02   3354.8 9.026E+02 2.065E+10 1.153E-03 8.309E-03 2.000E+05 0.000E+00 0.000E+00 5.629E+05
 1.05383011E-01   3381.7 1.054E+03 2.460E+10 1.329E-03 8.458E-03 2.000E+05 0.000E+00 0.000E+00 5.650E+05
 1.22832499E-01   3408.7 1.228E+03 2.924E+10 1.538E-03 8.656E-03 2.000E+05 0.000E+00 0.000E+00 5.670E+05
 1.42966530E-01   3435.9 1.430E+03 3.471E+10 1.774E-03 8.892E-03 2.000E+05 0.000E+00 0.000E+00 5.691E+05
 1.66280508E-01   3462.6 1.663E+03 4.109E+10 2.039E-03 9.249E-03 2.000E+05 0.000E+00 0.000E+00 5.711E+05
 1.93611622E-01   3494.3 1.936E+03 4.926E+10 2.298E-03 8.232E-03 2.000E+05 0.000E+00 0.000E+00 5.741E+05
 2.25971633E-01   3522.7 2.260E+03 5.856E+10 2.589E-03 7.485E-03 2.000E+05 0.000E+00 0.000E+00 5.762E+05
 2.64225375E-01   3547.6 2.642E+03 6.898E+10 2.924E-03 7.146E-03 2.000E+05 0.000E+00 0.000E+00 5.774E+05
 3.09356782E-01   3570.0 3.094E+03 8.075E+10 3.308E-03 7.063E-03 2.000E+05 0.000E+00 0.000E+00 5.780E+05
 3.62475362E-01   3589.0 3.625E+03 9.368E+10 3.752E-03 7.213E-03 2.000E+05 0.000E+00 0.000E+00 5.777E+05
 4.24944970E-01   3605.7 4.249E+03 1.081E+11 4.251E-03 7.525E-03 2.000E+05 0.000E+00 0.000E+00 5.769E+05
 4.98555896E-01   3620.8 4.986E+03 1.242E+11 4.809E-03 7.967E-03 2.000E+05 0.000E+00 0.000E+00 5.756E+05
 5.85200048E-01   3634.2 5.852E+03 1.421E+11 5.455E-03 8.597E-03 2.000E+05 0.000E+00 0.000E+00 5.740E+05
 6.87113665E-01   3642.1 6.871E+03 1.604E+11 6.183E-03 9.499E-03 2.000E+05 0.000E+00 0.000E+00 5.711E+05
 8.06681403E-01   3652.0 8.067E+03 1.820E+11 7.047E-03 1.061E-02 2.000E+05 0.000E+00 0.000E+00 5.687E+05
 9.46451323E-01   3662.9 9.465E+03 2.068E+11 8.044E-03 1.186E-02 2.000E+05 0.000E+00 0.000E+00 5.665E+05
 1.10931916E+00   3675.1 1.109E+04 2.355E+11 9.232E-03 1.333E-02 2.000E+05 0.000E+00 0.000E+00 5.646E+05
 1.29808119E+00   3689.0 1.298E+04 2.690E+11 1.065E-02 1.504E-02 2.000E+05 0.000E+00 0.000E+00 5.632E+05
 1.51586379E+00   3705.1 1.516E+04 3.085E+11 1.233E-02 1.705E-02 2.000E+05 0.000E+00 0.000E+00 5.622E+05
 1.76589186E+00   3724.3 1.766E+04 3.555E+11 1.436E-02 1.944E-02 2.000E+05 0.000E+00 0.000E+00 5.620E+05
 2.05131643E+00   3746.9 2.051E+04 4.122E+11 1.683E-02 2.233E-02 2.000E+05 0.000E+00 0.000E+00 5.625E+05
 2.37495952E+00   3774.2 2.375E+04 4.817E+11 1.986E-02 2.594E-02 2.000E+05 0.000E+00 0.000E+00 5.640E+05
 2.73886100E+00   3809.1 2.739E+04 5.706E+11 2.360E-02 3.036E-02 2.000E+05 0.000E+00 0.000E+00 5.670E+05
 3.15120597E+00   3851.1 3.151E+04 6.847E+11 2.755E-02 3.395E-02 2.000E+05 0.000E+00 0.000E+00 5.714E+05
 3.62154713E+00   3895.6 3.622E+04 8.237E+11 3.230E-02 3.828E-02 2.000E+05 0.000E+00 0.000E+00 5.762E+05
 4.15495660E+00   3946.7 4.155E+04 1.001E+12 3.811E-02 4.356E-02 2.000E+05 0.000E+00 0.000E+00 5.822E+05
 4.75485542E+00   4005.0 4.755E+04 1.229E+12 4.543E-02 4.998E-02 2.000E+05 0.000E+00 0.000E+00 5.895E+05
 5.42178692E+00   4072.1 5.422E+04 1.524E+12 5.480E-02 5.787E-02 2.000E+05 0.000E+00 0.000E+00 5.985E+05
 6.15663781E+00   4149.7 6.157E+04 1.910E+12 6.653E-02 6.745E-02 2.000E+05 0.000E+00 0.000E+00 6.093E+05
 6.95978070E+00   4239.2 6.960E+04 2.414E+12 8.152E-02 7.902E-02 2.000E+05 0.000E+00 0.000E+00 6.222E+05
 7.83292597E+00   4342.1 7.833E+04 3.068E+12 1.001E-01 9.276E-02 2.000E+05 0.000E+00 0.000E+00 6.372E+05
 8.77669607E+00   4461.6 8.777E+04 3.915E+12 1.238E-01 1.104E-01 2.000E+05 0.000E+00 0.000E+00 6.545E+05
 9.79794973E+00   4600.5 9.798E+04 4.994E+12 1.516E-01 1.305E-01 2.000E+05 0.000E+00 0.000E+00 6.736E+05
 1.09349769E+01   4756.8 1.093E+05 6.332E+12 1.783E-01 1.468E-01 2.000E+05 0.000E+00 0.000E+00 6.936E+05
 1.22262715E+01   4935.7 1.223E+05 8.019E+12 2.091E-01 1.673E-01 2.000E+05 0.000E+00 0.000E+00 7.146E+05
 1.36969607E+01   5141.1 1.370E+05 1.025E+13 2.445E-01 1.919E-01 2.000E+05 1.814E-06 2.287E+03 7.363E+05
 1.53571242E+01   5380.0 1.536E+05 1.373E+13 2.940E-01 2.273E-01 2.000E+05 2.497E-04 1.165E+04 7.587E+05
 1.71179253E+01   5656.1 1.712E+05 2.060E+13 3.904E-01 2.947E-01 2.000E+05 7.378E-03 3.539E+04 7.812E+05
 1.87782499E+01   5960.8 1.878E+05 3.523E+13 5.844E-01 4.118E-01 2.000E+05 6.698E-02 7.289E+04 8.028E+05
 2.02172703E+01   6265.1 2.022E+05 6.254E+13 9.127E-01 5.573E-01 2.000E+05 1.943E-01 1.031E+05 8.214E+05
 2.14539762E+01   6551.9 2.145E+05 1.068E+14 1.398E+00 6.849E-01 2.000E+05 3.649E-01 1.266E+05 8.363E+05
 2.25557936E+01   6811.5 2.256E+05 1.701E+14 2.042E+00 7.600E-01 2.000E+05 5.217E-01 1.413E+05 8.476E+05
 2.35857974E+01   7046.4 2.359E+05 2.542E+14 2.848E+00 7.918E-01 2.000E+05 6.437E-01 1.496E+05 8.561E+05
 2.45884349E+01   7261.2 2.459E+05 3.607E+14 3.839E+00 8.049E-01 2.000E+05 7.312E-01 1.537E+05 8.624E+05
 2.55941358E+01   7462.3 2.559E+05 4.936E+14 5.041E+00 8.099E-01 2.000E+05 7.935E-01 1.553E+05 8.672E+05
 2.66262842E+01   7652.6 2.663E+05 6.563E+14 6.489E+00 8.062E-01 2.000E+05 8.399E-01 1.554E+05 8.711E+05
 2.77022771E+01   7836.7 2.770E+05 8.553E+14 8.254E+00 8.005E-01 2.000E+05 8.762E-01 1.551E+05 8.743E+05
 2.88366573E+01   8015.8 2.884E+05 1.096E+15 1.038E+01 7.835E-01 2.000E+05 9.014E-01 1.522E+05 8.772E+05
 3.00468520E+01   8188.5 3.005E+05 1.382E+15 1.291E+01 7.729E-01 2.000E+05 9.246E-01 1.521E+05 8.798E+05
 3.13422692E+01   8365.3 3.134E+05 1.736E+15 1.608E+01 7.490E-01 2.000E+05 9.388E-01 1.474E+05 8.825E+05
 3.27430171E+01   8528.1 3.274E+05 2.131E+15 1.963E+01 7.767E-01 2.000E+05 9.493E-01 1.457E+05 8.852E+05
PRADK 5.4684E-01
BEGIN                    ITERATION  15 COMPLETED
