TEFF   8750.  GRAVITY 3.50000 LTE 
TITLE  [-0.5a] N(He)/Ntot=0.0784 VTURB=2.0  L/H=1.25 ODFNEW                     
 OPACITY IFOP 1 1 1 1 1 1 1 1 1 1 1 1 1 0 1 0 0 0 0 0
 CONVECTION ON   1.25 TURBULENCE OFF  0.00  0.00  0.00  0.00
ABUNDANCE SCALE   0.31622 ABUNDANCE CHANGE 1 0.92080 2 0.07838
 ABUNDANCE CHANGE  3 -10.94  4 -10.64  5  -9.49  6  -3.52  7  -4.12  8  -2.81
 ABUNDANCE CHANGE  9  -7.48 10  -3.56 11  -5.71 12  -4.06 13  -5.57 14  -4.09
 ABUNDANCE CHANGE 15  -6.59 16  -4.31 17  -6.54 18  -5.24 19  -6.92 20  -5.28
 ABUNDANCE CHANGE 21  -8.87 22  -6.62 23  -8.04 24  -6.37 25  -6.65 26  -4.54
 ABUNDANCE CHANGE 27  -7.12 28  -5.79 29  -7.83 30  -7.44 31  -9.16 32  -8.63
 ABUNDANCE CHANGE 33  -9.67 34  -8.63 35  -9.41 36  -8.73 37  -9.44 38  -9.07
 ABUNDANCE CHANGE 39  -9.80 40  -9.44 41 -10.62 42 -10.12 43 -20.00 44 -10.20
 ABUNDANCE CHANGE 45 -10.92 46 -10.35 47 -11.10 48 -10.27 49 -10.38 50 -10.04
 ABUNDANCE CHANGE 51 -11.04 52  -9.80 53 -10.53 54  -9.87 55 -10.91 56  -9.91
 ABUNDANCE CHANGE 57 -10.87 58 -10.46 59 -11.33 60 -10.54 61 -20.00 62 -11.03
 ABUNDANCE CHANGE 63 -11.53 64 -10.92 65 -11.69 66 -10.90 67 -11.78 68 -11.11
 ABUNDANCE CHANGE 69 -12.04 70 -10.96 71 -11.98 72 -11.16 73 -12.17 74 -10.93
 ABUNDANCE CHANGE 75 -11.76 76 -10.59 77 -10.69 78 -10.24 79 -11.03 80 -10.91
 ABUNDANCE CHANGE 81 -11.14 82 -10.09 83 -11.33 84 -20.00 85 -20.00 86 -20.00
 ABUNDANCE CHANGE 87 -20.00 88 -20.00 89 -20.00 90 -11.95 91 -20.00 92 -12.54
 ABUNDANCE CHANGE 93 -20.00 94 -20.00 95 -20.00 96 -20.00 97 -20.00 98 -20.00
 ABUNDANCE CHANGE 99 -20.00
READ DECK6 72 RHOX,T,P,XNE,ABROSS,ACCRAD,VTURB, FLXCNV,VCONV,VELSND
 6.57296208E-06   5286.1 2.076E-02 1.532E+09 2.029E-02 3.307E+00 2.000E+05 0.000E+00 0.000E+00 6.152E+06
 8.82365324E-06   5313.8 2.787E-02 1.928E+09 1.923E-02 3.286E+00 2.000E+05 0.000E+00 0.000E+00 5.420E+06
 1.20505705E-05   5330.7 3.807E-02 2.378E+09 1.753E-02 3.239E+00 2.000E+05 0.000E+00 0.000E+00 4.771E+06
 1.66944915E-05   5361.4 5.274E-02 3.061E+09 1.654E-02 3.192E+00 2.000E+05 0.000E+00 0.000E+00 4.159E+06
 2.32598401E-05   5394.3 7.348E-02 3.972E+09 1.567E-02 3.129E+00 2.000E+05 0.000E+00 0.000E+00 3.621E+06
 3.24122379E-05   5433.2 1.024E-01 5.228E+09 1.513E-02 3.055E+00 2.000E+05 0.000E+00 0.000E+00 3.150E+06
 4.49677023E-05   5475.9 1.421E-01 6.921E+09 1.480E-02 2.968E+00 2.000E+05 0.000E+00 0.000E+00 2.746E+06
 6.19679348E-05   5521.7 1.958E-01 9.187E+09 1.466E-02 2.872E+00 2.000E+05 0.000E+00 0.000E+00 2.403E+06
 8.47274574E-05   5569.4 2.677E-01 1.218E+10 1.467E-02 2.771E+00 2.000E+05 0.000E+00 0.000E+00 2.114E+06
 1.14920643E-04   5618.3 3.631E-01 1.609E+10 1.480E-02 2.669E+00 2.000E+05 0.000E+00 0.000E+00 1.872E+06
 1.54695128E-04   5667.5 4.887E-01 2.115E+10 1.502E-02 2.568E+00 2.000E+05 0.000E+00 0.000E+00 1.669E+06
 2.06801567E-04   5716.7 6.534E-01 2.764E+10 1.533E-02 2.471E+00 2.000E+05 0.000E+00 0.000E+00 1.499E+06
 2.74740972E-04   5765.3 8.681E-01 3.589E+10 1.571E-02 2.379E+00 2.000E+05 0.000E+00 0.000E+00 1.358E+06
 3.62986953E-04   5813.0 1.147E+00 4.628E+10 1.616E-02 2.297E+00 2.000E+05 0.000E+00 0.000E+00 1.241E+06
 4.77204449E-04   5859.6 1.508E+00 5.927E+10 1.667E-02 2.228E+00 2.000E+05 0.000E+00 0.000E+00 1.143E+06
 6.24532153E-04   5904.9 1.973E+00 7.540E+10 1.727E-02 2.175E+00 2.000E+05 0.000E+00 0.000E+00 1.063E+06
 8.13743459E-04   5949.5 2.571E+00 9.538E+10 1.798E-02 2.140E+00 2.000E+05 0.000E+00 0.000E+00 9.966E+05
 1.05513672E-03   5994.1 3.334E+00 1.202E+11 1.887E-02 2.123E+00 2.000E+05 0.000E+00 0.000E+00 9.425E+05
 1.36028060E-03   6039.5 4.298E+00 1.511E+11 2.001E-02 2.122E+00 2.000E+05 0.000E+00 0.000E+00 8.984E+05
 1.74172227E-03   6086.3 5.504E+00 1.894E+11 2.147E-02 2.131E+00 2.000E+05 0.000E+00 0.000E+00 8.630E+05
 2.21286330E-03   6134.6 6.993E+00 2.370E+11 2.331E-02 2.149E+00 2.000E+05 0.000E+00 0.000E+00 8.347E+05
 2.78794318E-03   6184.4 8.810E+00 2.957E+11 2.561E-02 2.175E+00 2.000E+05 0.000E+00 0.000E+00 8.124E+05
 3.48216248E-03   6235.6 1.100E+01 3.677E+11 2.843E-02 2.210E+00 2.000E+05 0.000E+00 0.000E+00 7.949E+05
 4.31197657E-03   6288.1 1.363E+01 4.555E+11 3.185E-02 2.252E+00 2.000E+05 0.000E+00 0.000E+00 7.815E+05
 5.29624628E-03   6341.2 1.674E+01 5.617E+11 3.592E-02 2.298E+00 2.000E+05 0.000E+00 0.000E+00 7.713E+05
 6.45706264E-03   6394.5 2.040E+01 6.891E+11 4.071E-02 2.349E+00 2.000E+05 0.000E+00 0.000E+00 7.636E+05
 7.82081998E-03   6447.5 2.471E+01 8.407E+11 4.626E-02 2.404E+00 2.000E+05 0.000E+00 0.000E+00 7.579E+05
 9.42081693E-03   6499.4 2.977E+01 1.019E+12 5.257E-02 2.464E+00 2.000E+05 0.000E+00 0.000E+00 7.538E+05
 1.12990340E-02   6549.8 3.570E+01 1.227E+12 5.968E-02 2.534E+00 2.000E+05 0.000E+00 0.000E+00 7.509E+05
 1.35082884E-02   6598.1 4.268E+01 1.468E+12 6.757E-02 2.615E+00 2.000E+05 0.000E+00 0.000E+00 7.489E+05
 1.61137126E-02   6644.4 5.092E+01 1.745E+12 7.632E-02 2.712E+00 2.000E+05 0.000E+00 0.000E+00 7.477E+05
 1.91927914E-02   6689.1 6.065E+01 2.065E+12 8.605E-02 2.826E+00 2.000E+05 0.000E+00 0.000E+00 7.471E+05
 2.28354924E-02   6733.0 7.215E+01 2.437E+12 9.698E-02 2.959E+00 2.000E+05 0.000E+00 0.000E+00 7.469E+05
 2.71460468E-02   6776.1 8.577E+01 2.867E+12 1.093E-01 3.111E+00 2.000E+05 0.000E+00 0.000E+00 7.472E+05
 3.22455490E-02   6819.0 1.019E+02 3.369E+12 1.232E-01 3.285E+00 2.000E+05 0.000E+00 0.000E+00 7.479E+05
 3.82709128E-02   6862.2 1.209E+02 3.954E+12 1.392E-01 3.488E+00 2.000E+05 0.000E+00 0.000E+00 7.489E+05
 4.53820000E-02   6905.4 1.434E+02 4.636E+12 1.573E-01 3.719E+00 2.000E+05 0.000E+00 0.000E+00 7.501E+05
 5.37668180E-02   6949.0 1.699E+02 5.430E+12 1.780E-01 3.985E+00 2.000E+05 0.000E+00 0.000E+00 7.516E+05
 6.36414891E-02   6993.1 2.010E+02 6.357E+12 2.018E-01 4.294E+00 2.000E+05 0.000E+00 0.000E+00 7.533E+05
 7.52447176E-02   7038.7 2.377E+02 7.449E+12 2.293E-01 4.662E+00 2.000E+05 0.000E+00 0.000E+00 7.553E+05
 8.88271301E-02   7086.6 2.806E+02 8.746E+12 2.619E-01 5.105E+00 2.000E+05 0.000E+00 0.000E+00 7.574E+05
 1.04630620E-01   7138.7 3.305E+02 1.031E+13 3.014E-01 5.653E+00 2.000E+05 0.000E+00 0.000E+00 7.599E+05
 1.22853810E-01   7196.4 3.880E+02 1.222E+13 3.502E-01 6.340E+00 2.000E+05 0.000E+00 0.000E+00 7.627E+05
 1.43649516E-01   7260.8 4.536E+02 1.459E+13 4.116E-01 7.209E+00 2.000E+05 0.000E+00 0.000E+00 7.658E+05
 1.67085072E-01   7334.0 5.275E+02 1.755E+13 4.905E-01 8.332E+00 2.000E+05 0.000E+00 0.000E+00 7.695E+05
 1.93091592E-01   7418.1 6.095E+02 2.132E+13 5.945E-01 9.811E+00 2.000E+05 0.000E+00 0.000E+00 7.737E+05
 2.21427311E-01   7515.4 6.988E+02 2.619E+13 7.350E-01 1.180E+01 2.000E+05 0.000E+00 0.000E+00 7.787E+05
 2.51632389E-01   7628.9 7.940E+02 3.259E+13 9.307E-01 1.455E+01 2.000E+05 1.620E-13 1.062E+02 7.847E+05
 2.82995343E-01   7762.0 8.926E+02 4.114E+13 1.213E+00 1.843E+01 2.000E+05 1.953E-12 2.327E+02 7.923E+05
 3.14628751E-01   7917.2 9.920E+02 5.266E+13 1.627E+00 2.404E+01 2.000E+05 1.008E-11 3.853E+02 8.018E+05
 3.45540967E-01   8099.0 1.089E+03 6.837E+13 2.259E+00 3.238E+01 2.000E+05 5.004E-11 6.326E+02 8.142E+05
 3.74732773E-01   8311.8 1.180E+03 8.997E+13 3.244E+00 4.491E+01 2.000E+05 3.423E-10 1.163E+03 8.307E+05
 4.01418820E-01   8558.2 1.263E+03 1.193E+14 4.801E+00 6.409E+01 2.000E+05 3.914E-09 2.560E+03 8.527E+05
 4.25174275E-01   8843.4 1.336E+03 1.588E+14 7.261E+00 9.326E+01 2.000E+05 6.701E-08 6.524E+03 8.826E+05
 4.46042029E-01   9170.0 1.400E+03 2.098E+14 1.101E+01 1.361E+02 2.000E+05 1.202E-06 1.714E+04 9.228E+05
 4.64574151E-01   9541.2 1.456E+03 2.712E+14 1.625E+01 1.936E+02 2.000E+05 1.435E-05 4.000E+04 9.763E+05
 4.81796084E-01   9960.9 1.506E+03 3.376E+14 2.248E+01 2.602E+02 2.000E+05 6.479E-05 6.880E+04 1.044E+06
 4.99470894E-01  10435.8 1.557E+03 3.989E+14 2.753E+01 3.111E+02 2.000E+05 6.100E-05 7.158E+04 1.125E+06
 5.20112738E-01  10974.5 1.615E+03 4.451E+14 2.934E+01 3.289E+02 2.000E+05 8.079E-06 3.955E+04 1.211E+06
 5.48135807E-01  11587.4 1.695E+03 4.750E+14 2.695E+01 3.019E+02 2.000E+05 1.808E-07 1.237E+04 1.300E+06
 5.90944406E-01  12280.9 1.819E+03 4.983E+14 2.232E+01 2.510E+02 2.000E+05 1.714E-09 2.942E+03 1.400E+06
 6.61901973E-01  13057.2 2.027E+03 5.310E+14 1.773E+01 1.999E+02 2.000E+05 1.787E-11 7.001E+02 1.509E+06
 7.81008786E-01  13920.6 2.383E+03 5.902E+14 1.418E+01 1.596E+02 2.000E+05 3.458E-13 1.895E+02 1.592E+06
 9.74847268E-01  14861.1 2.968E+03 6.929E+14 1.193E+01 1.334E+02 2.000E+05 6.602E-14 1.010E+02 1.625E+06
 1.27259821E+00  15882.2 3.872E+03 8.532E+14 1.066E+01 1.184E+02 2.000E+05 4.507E-13 1.707E+02 1.649E+06
 1.70241981E+00  16986.8 5.182E+03 1.079E+15 1.010E+01 1.117E+02 2.000E+05 1.101E-12 2.122E+02 1.709E+06
 2.30312421E+00  18188.4 7.016E+03 1.378E+15 9.691E+00 1.070E+02 2.000E+05 0.000E+00 0.000E+00 1.811E+06
 3.13265124E+00  19488.7 9.552E+03 1.761E+15 9.415E+00 1.039E+02 2.000E+05 0.000E+00 0.000E+00 1.942E+06
 4.26089158E+00  20899.6 1.300E+04 2.242E+15 9.309E+00 1.025E+02 2.000E+05 0.000E+00 0.000E+00 2.074E+06
 5.76935268E+00  22419.4 1.762E+04 2.836E+15 9.346E+00 1.030E+02 2.000E+05 0.000E+00 0.000E+00 2.189E+06
 7.76751205E+00  24065.4 2.373E+04 3.561E+15 9.436E+00 1.036E+02 2.000E+05 0.000E+00 0.000E+00 2.288E+06
 1.03858348E+01  25833.8 3.174E+04 4.439E+15 9.668E+00 1.014E+02 2.000E+05 0.000E+00 0.000E+00 2.380E+06
PRADK 7.8433E+00
BEGIN                    ITERATION  15 COMPLETED
