TEFF   7250.  GRAVITY 4.50000 LTE 
TITLE  [-0.5a] N(He)/Ntot=0.0784 VTURB=2.0  L/H=1.25 ODFNEW                     
 OPACITY IFOP 1 1 1 1 1 1 1 1 1 1 1 1 1 0 1 0 0 0 0 0
 CONVECTION ON   1.25 TURBULENCE OFF  0.00  0.00  0.00  0.00
ABUNDANCE SCALE   0.31622 ABUNDANCE CHANGE 1 0.92080 2 0.07838
 ABUNDANCE CHANGE  3 -10.94  4 -10.64  5  -9.49  6  -3.52  7  -4.12  8  -2.81
 ABUNDANCE CHANGE  9  -7.48 10  -3.56 11  -5.71 12  -4.06 13  -5.57 14  -4.09
 ABUNDANCE CHANGE 15  -6.59 16  -4.31 17  -6.54 18  -5.24 19  -6.92 20  -5.28
 ABUNDANCE CHANGE 21  -8.87 22  -6.62 23  -8.04 24  -6.37 25  -6.65 26  -4.54
 ABUNDANCE CHANGE 27  -7.12 28  -5.79 29  -7.83 30  -7.44 31  -9.16 32  -8.63
 ABUNDANCE CHANGE 33  -9.67 34  -8.63 35  -9.41 36  -8.73 37  -9.44 38  -9.07
 ABUNDANCE CHANGE 39  -9.80 40  -9.44 41 -10.62 42 -10.12 43 -20.00 44 -10.20
 ABUNDANCE CHANGE 45 -10.92 46 -10.35 47 -11.10 48 -10.27 49 -10.38 50 -10.04
 ABUNDANCE CHANGE 51 -11.04 52  -9.80 53 -10.53 54  -9.87 55 -10.91 56  -9.91
 ABUNDANCE CHANGE 57 -10.87 58 -10.46 59 -11.33 60 -10.54 61 -20.00 62 -11.03
 ABUNDANCE CHANGE 63 -11.53 64 -10.92 65 -11.69 66 -10.90 67 -11.78 68 -11.11
 ABUNDANCE CHANGE 69 -12.04 70 -10.96 71 -11.98 72 -11.16 73 -12.17 74 -10.93
 ABUNDANCE CHANGE 75 -11.76 76 -10.59 77 -10.69 78 -10.24 79 -11.03 80 -10.91
 ABUNDANCE CHANGE 81 -11.14 82 -10.09 83 -11.33 84 -20.00 85 -20.00 86 -20.00
 ABUNDANCE CHANGE 87 -20.00 88 -20.00 89 -20.00 90 -11.95 91 -20.00 92 -12.54
 ABUNDANCE CHANGE 93 -20.00 94 -20.00 95 -20.00 96 -20.00 97 -20.00 98 -20.00
 ABUNDANCE CHANGE 99 -20.00
READ DECK6 72 RHOX,T,P,XNE,ABROSS,ACCRAD,VTURB, FLXCNV,VCONV,VELSND
 2.35008943E-04   4749.3 7.431E+00 6.062E+09 5.675E-04 2.542E-01 2.000E+05 0.000E+00 0.000E+00 9.190E+05
 3.10964618E-04   4768.8 9.833E+00 7.502E+09 6.037E-04 2.543E-01 2.000E+05 0.000E+00 0.000E+00 8.757E+05
 4.05413907E-04   4789.8 1.282E+01 9.257E+09 6.523E-04 2.508E-01 2.000E+05 0.000E+00 0.000E+00 8.429E+05
 5.21254476E-04   4811.4 1.648E+01 1.135E+10 7.133E-04 2.483E-01 2.000E+05 0.000E+00 0.000E+00 8.181E+05
 6.61854068E-04   4833.5 2.093E+01 1.384E+10 7.869E-04 2.463E-01 2.000E+05 0.000E+00 0.000E+00 7.994E+05
 8.31220311E-04   4855.8 2.628E+01 1.678E+10 8.737E-04 2.447E-01 2.000E+05 0.000E+00 0.000E+00 7.852E+05
 1.03406615E-03   4878.2 3.270E+01 2.023E+10 9.753E-04 2.438E-01 2.000E+05 0.000E+00 0.000E+00 7.745E+05
 1.27573904E-03   4901.0 4.034E+01 2.430E+10 1.094E-03 2.443E-01 2.000E+05 0.000E+00 0.000E+00 7.663E+05
 1.56234373E-03   4924.4 4.940E+01 2.909E+10 1.233E-03 2.450E-01 2.000E+05 0.000E+00 0.000E+00 7.602E+05
 1.90086546E-03   4948.4 6.011E+01 3.475E+10 1.395E-03 2.458E-01 2.000E+05 0.000E+00 0.000E+00 7.557E+05
 2.29926638E-03   4973.2 7.271E+01 4.145E+10 1.583E-03 2.465E-01 2.000E+05 0.000E+00 0.000E+00 7.524E+05
 2.76663121E-03   4998.8 8.749E+01 4.938E+10 1.802E-03 2.470E-01 2.000E+05 0.000E+00 0.000E+00 7.500E+05
 3.31340320E-03   5025.0 1.048E+02 5.874E+10 2.056E-03 2.480E-01 2.000E+05 0.000E+00 0.000E+00 7.485E+05
 3.95123078E-03   5052.2 1.249E+02 6.983E+10 2.354E-03 2.504E-01 2.000E+05 0.000E+00 0.000E+00 7.476E+05
 4.69347604E-03   5080.2 1.484E+02 8.296E+10 2.700E-03 2.526E-01 2.000E+05 0.000E+00 0.000E+00 7.472E+05
 5.55564535E-03   5109.1 1.757E+02 9.853E+10 3.102E-03 2.547E-01 2.000E+05 0.000E+00 0.000E+00 7.473E+05
 6.55566051E-03   5138.6 2.073E+02 1.169E+11 3.568E-03 2.566E-01 2.000E+05 0.000E+00 0.000E+00 7.477E+05
 7.71427256E-03   5169.0 2.439E+02 1.388E+11 4.109E-03 2.585E-01 2.000E+05 0.000E+00 0.000E+00 7.483E+05
 9.05542065E-03   5200.0 2.863E+02 1.645E+11 4.736E-03 2.603E-01 2.000E+05 0.000E+00 0.000E+00 7.493E+05
 1.06068384E-02   5231.5 3.354E+02 1.950E+11 5.461E-03 2.626E-01 2.000E+05 0.000E+00 0.000E+00 7.504E+05
 1.24003383E-02   5263.5 3.921E+02 2.309E+11 6.301E-03 2.659E-01 2.000E+05 0.000E+00 0.000E+00 7.517E+05
 1.44730341E-02   5296.0 4.577E+02 2.732E+11 7.270E-03 2.692E-01 2.000E+05 0.000E+00 0.000E+00 7.531E+05
 1.68688330E-02   5328.8 5.334E+02 3.231E+11 8.386E-03 2.727E-01 2.000E+05 0.000E+00 0.000E+00 7.546E+05
 1.96390842E-02   5361.8 6.210E+02 3.816E+11 9.669E-03 2.766E-01 2.000E+05 0.000E+00 0.000E+00 7.563E+05
 2.28436352E-02   5394.8 7.224E+02 4.500E+11 1.115E-02 2.819E-01 2.000E+05 0.000E+00 0.000E+00 7.580E+05
 2.65516499E-02   5428.0 8.396E+02 5.302E+11 1.284E-02 2.885E-01 2.000E+05 0.000E+00 0.000E+00 7.597E+05
 3.08448957E-02   5461.2 9.754E+02 6.240E+11 1.479E-02 2.961E-01 2.000E+05 0.000E+00 0.000E+00 7.616E+05
 3.58179051E-02   5494.3 1.133E+03 7.334E+11 1.702E-02 3.061E-01 2.000E+05 0.000E+00 0.000E+00 7.635E+05
 4.15805885E-02   5527.6 1.315E+03 8.614E+11 1.958E-02 3.178E-01 2.000E+05 0.000E+00 0.000E+00 7.654E+05
 4.82617163E-02   5560.9 1.526E+03 1.011E+12 2.251E-02 3.309E-01 2.000E+05 0.000E+00 0.000E+00 7.674E+05
 5.60131620E-02   5594.3 1.771E+03 1.185E+12 2.587E-02 3.458E-01 2.000E+05 0.000E+00 0.000E+00 7.694E+05
 6.50129050E-02   5627.6 2.056E+03 1.388E+12 2.970E-02 3.626E-01 2.000E+05 0.000E+00 0.000E+00 7.715E+05
 7.54705987E-02   5660.9 2.387E+03 1.624E+12 3.407E-02 3.816E-01 2.000E+05 0.000E+00 0.000E+00 7.735E+05
 8.76335878E-02   5693.9 2.771E+03 1.898E+12 3.904E-02 4.030E-01 2.000E+05 0.000E+00 0.000E+00 7.756E+05
 1.01793376E-01   5726.9 3.219E+03 2.216E+12 4.471E-02 4.275E-01 2.000E+05 0.000E+00 0.000E+00 7.778E+05
 1.18287368E-01   5759.4 3.741E+03 2.583E+12 5.117E-02 4.571E-01 2.000E+05 0.000E+00 0.000E+00 7.799E+05
 1.37502242E-01   5791.9 4.348E+03 3.010E+12 5.857E-02 4.921E-01 2.000E+05 0.000E+00 0.000E+00 7.820E+05
 1.59896990E-01   5824.5 5.056E+03 3.505E+12 6.701E-02 5.320E-01 2.000E+05 0.000E+00 0.000E+00 7.842E+05
 1.85999248E-01   5857.5 5.882E+03 4.082E+12 7.667E-02 5.780E-01 2.000E+05 0.000E+00 0.000E+00 7.864E+05
 2.16419946E-01   5891.0 6.844E+03 4.757E+12 8.775E-02 6.309E-01 2.000E+05 0.000E+00 0.000E+00 7.887E+05
 2.51845081E-01   5925.6 7.964E+03 5.553E+12 1.006E-01 6.928E-01 2.000E+05 0.000E+00 0.000E+00 7.909E+05
 2.93026520E-01   5961.9 9.266E+03 6.499E+12 1.155E-01 7.657E-01 2.000E+05 0.000E+00 0.000E+00 7.933E+05
 3.40763936E-01   6000.8 1.078E+04 7.639E+12 1.331E-01 8.542E-01 2.000E+05 0.000E+00 0.000E+00 7.958E+05
 3.95820202E-01   6043.9 1.252E+04 9.041E+12 1.544E-01 9.627E-01 2.000E+05 0.000E+00 0.000E+00 7.983E+05
 4.58921086E-01   6092.0 1.451E+04 1.079E+13 1.802E-01 1.095E+00 2.000E+05 0.000E+00 0.000E+00 8.011E+05
 5.30698033E-01   6147.1 1.678E+04 1.301E+13 2.122E-01 1.261E+00 2.000E+05 0.000E+00 0.000E+00 8.041E+05
 6.11464951E-01   6211.3 1.934E+04 1.593E+13 2.532E-01 1.474E+00 2.000E+05 0.000E+00 0.000E+00 8.073E+05
 7.01075522E-01   6287.3 2.217E+04 1.985E+13 3.067E-01 1.755E+00 2.000E+05 0.000E+00 0.000E+00 8.108E+05
 7.98852469E-01   6377.9 2.526E+04 2.527E+13 3.782E-01 2.131E+00 2.000E+05 0.000E+00 0.000E+00 8.146E+05
 9.03465022E-01   6486.4 2.857E+04 3.298E+13 4.766E-01 2.647E+00 2.000E+05 0.000E+00 0.000E+00 8.186E+05
 1.01283861E+00   6616.5 3.203E+04 4.429E+13 6.158E-01 3.381E+00 2.000E+05 0.000E+00 0.000E+00 8.228E+05
 1.12389729E+00   6773.3 3.554E+04 6.144E+13 8.224E-01 4.479E+00 2.000E+05 0.000E+00 0.000E+00 8.269E+05
 1.23293996E+00   6961.2 3.899E+04 8.819E+13 1.136E+00 6.154E+00 2.000E+05 2.081E-10 3.389E+02 8.307E+05
 1.33622228E+00   7185.2 4.225E+04 1.310E+14 1.633E+00 8.835E+00 2.000E+05 2.273E-07 3.367E+03 8.338E+05
 1.42949582E+00   7458.1 4.520E+04 2.033E+14 2.478E+00 1.346E+01 2.000E+05 1.045E-05 1.160E+04 8.365E+05
 1.50956849E+00   7778.3 4.773E+04 3.246E+14 3.949E+00 2.168E+01 2.000E+05 4.310E-04 3.834E+04 8.391E+05
 1.57328517E+00   8187.1 4.974E+04 5.528E+14 6.953E+00 3.838E+01 2.000E+05 7.466E-03 9.387E+04 8.440E+05
 1.61926505E+00   8670.6 5.120E+04 9.625E+14 1.314E+01 6.736E+01 2.000E+05 5.131E-02 1.665E+05 8.546E+05
 1.65342438E+00   9086.3 5.227E+04 1.471E+15 2.204E+01 8.791E+01 2.000E+05 2.691E-01 2.818E+05 8.692E+05
 1.68305599E+00   9389.2 5.321E+04 1.954E+15 3.151E+01 8.721E+01 2.000E+05 4.727E-01 3.325E+05 8.831E+05
 1.71198493E+00   9635.8 5.412E+04 2.426E+15 4.147E+01 7.856E+01 2.000E+05 6.277E-01 3.587E+05 8.965E+05
 1.74205607E+00   9851.3 5.507E+04 2.902E+15 5.211E+01 6.925E+01 2.000E+05 7.385E-01 3.739E+05 9.096E+05
 1.77444079E+00  10051.6 5.609E+04 3.401E+15 6.372E+01 6.125E+01 2.000E+05 8.121E-01 3.815E+05 9.231E+05
 1.81018812E+00  10240.4 5.722E+04 3.925E+15 7.621E+01 5.503E+01 2.000E+05 8.605E-01 3.857E+05 9.369E+05
 1.85026099E+00  10427.8 5.848E+04 4.496E+15 9.024E+01 5.029E+01 2.000E+05 8.931E-01 3.878E+05 9.515E+05
 1.89567999E+00  10611.2 5.992E+04 5.109E+15 1.056E+02 4.655E+01 2.000E+05 9.157E-01 3.891E+05 9.668E+05
 1.94753861E+00  10800.7 6.156E+04 5.796E+15 1.231E+02 4.350E+01 2.000E+05 9.324E-01 3.896E+05 9.836E+05
 2.00713628E+00  10989.7 6.344E+04 6.541E+15 1.423E+02 4.095E+01 2.000E+05 9.451E-01 3.906E+05 1.001E+06
 2.07590212E+00  11191.9 6.561E+04 7.396E+15 1.645E+02 3.888E+01 2.000E+05 9.547E-01 3.902E+05 1.021E+06
 2.15591080E+00  11393.9 6.814E+04 8.323E+15 1.871E+02 3.693E+01 2.000E+05 9.625E-01 3.918E+05 1.042E+06
 2.24952010E+00  11621.3 7.109E+04 9.426E+15 2.136E+02 3.538E+01 2.000E+05 9.682E-01 3.911E+05 1.066E+06
 2.35958122E+00  11844.2 7.457E+04 1.060E+16 2.409E+02 3.521E+01 2.000E+05 9.723E-01 3.920E+05 1.090E+06
PRADK 3.6985E+00
BEGIN                    ITERATION  15 COMPLETED
