TEFF   4250.  GRAVITY 5.00000 LTE 
TITLE  [-0.5a] N(He)/Ntot=0.0784 VTURB=2.0  L/H=1.25 ODFNEW                     
 OPACITY IFOP 1 1 1 1 1 1 1 1 1 1 1 1 1 0 1 0 0 0 0 0
 CONVECTION ON   1.25 TURBULENCE OFF  0.00  0.00  0.00  0.00
ABUNDANCE SCALE   0.31622 ABUNDANCE CHANGE 1 0.92080 2 0.07838
 ABUNDANCE CHANGE  3 -10.94  4 -10.64  5  -9.49  6  -3.52  7  -4.12  8  -2.81
 ABUNDANCE CHANGE  9  -7.48 10  -3.56 11  -5.71 12  -4.06 13  -5.57 14  -4.09
 ABUNDANCE CHANGE 15  -6.59 16  -4.31 17  -6.54 18  -5.24 19  -6.92 20  -5.28
 ABUNDANCE CHANGE 21  -8.87 22  -6.62 23  -8.04 24  -6.37 25  -6.65 26  -4.54
 ABUNDANCE CHANGE 27  -7.12 28  -5.79 29  -7.83 30  -7.44 31  -9.16 32  -8.63
 ABUNDANCE CHANGE 33  -9.67 34  -8.63 35  -9.41 36  -8.73 37  -9.44 38  -9.07
 ABUNDANCE CHANGE 39  -9.80 40  -9.44 41 -10.62 42 -10.12 43 -20.00 44 -10.20
 ABUNDANCE CHANGE 45 -10.92 46 -10.35 47 -11.10 48 -10.27 49 -10.38 50 -10.04
 ABUNDANCE CHANGE 51 -11.04 52  -9.80 53 -10.53 54  -9.87 55 -10.91 56  -9.91
 ABUNDANCE CHANGE 57 -10.87 58 -10.46 59 -11.33 60 -10.54 61 -20.00 62 -11.03
 ABUNDANCE CHANGE 63 -11.53 64 -10.92 65 -11.69 66 -10.90 67 -11.78 68 -11.11
 ABUNDANCE CHANGE 69 -12.04 70 -10.96 71 -11.98 72 -11.16 73 -12.17 74 -10.93
 ABUNDANCE CHANGE 75 -11.76 76 -10.59 77 -10.69 78 -10.24 79 -11.03 80 -10.91
 ABUNDANCE CHANGE 81 -11.14 82 -10.09 83 -11.33 84 -20.00 85 -20.00 86 -20.00
 ABUNDANCE CHANGE 87 -20.00 88 -20.00 89 -20.00 90 -11.95 91 -20.00 92 -12.54
 ABUNDANCE CHANGE 93 -20.00 94 -20.00 95 -20.00 96 -20.00 97 -20.00 98 -20.00
 ABUNDANCE CHANGE 99 -20.00
READ DECK6 72 RHOX,T,P,XNE,ABROSS,ACCRAD,VTURB, FLXCNV,VCONV,VELSND
 5.65323467E-04   2836.1 5.653E+01 6.721E+08 2.359E-04 9.799E-03 2.000E+05 0.000E+00 0.000E+00 5.050E+05
 7.32744129E-04   2852.3 7.327E+01 8.481E+08 2.954E-04 1.026E-02 2.000E+05 0.000E+00 0.000E+00 5.024E+05
 9.14787000E-04   2867.0 9.148E+01 1.039E+09 3.562E-04 1.057E-02 2.000E+05 0.000E+00 0.000E+00 5.005E+05
 1.11817926E-03   2881.0 1.118E+02 1.250E+09 4.215E-04 1.080E-02 2.000E+05 0.000E+00 0.000E+00 4.991E+05
 1.34806269E-03   2894.9 1.348E+02 1.488E+09 4.961E-04 1.098E-02 2.000E+05 0.000E+00 0.000E+00 4.980E+05
 1.60997206E-03   2908.7 1.610E+02 1.758E+09 5.773E-04 1.116E-02 2.000E+05 0.000E+00 0.000E+00 4.972E+05
 1.91148105E-03   2922.4 1.911E+02 2.067E+09 6.660E-04 1.133E-02 2.000E+05 0.000E+00 0.000E+00 4.965E+05
 2.26117748E-03   2936.1 2.261E+02 2.423E+09 7.636E-04 1.150E-02 2.000E+05 0.000E+00 0.000E+00 4.960E+05
 2.66899379E-03   2950.0 2.669E+02 2.836E+09 8.711E-04 1.169E-02 2.000E+05 0.000E+00 0.000E+00 4.955E+05
 3.14699575E-03   2964.1 3.147E+02 3.317E+09 9.896E-04 1.186E-02 2.000E+05 0.000E+00 0.000E+00 4.952E+05
 3.70718131E-03   2977.8 3.707E+02 3.872E+09 1.128E-03 1.203E-02 2.000E+05 0.000E+00 0.000E+00 4.947E+05
 4.36324658E-03   2991.9 4.363E+02 4.521E+09 1.282E-03 1.223E-02 2.000E+05 0.000E+00 0.000E+00 4.944E+05
 5.13347419E-03   3006.6 5.133E+02 5.282E+09 1.455E-03 1.244E-02 2.000E+05 0.000E+00 0.000E+00 4.943E+05
 6.03946091E-03   3022.0 6.039E+02 6.180E+09 1.649E-03 1.265E-02 2.000E+05 0.000E+00 0.000E+00 4.943E+05
 7.10461807E-03   3037.7 7.105E+02 7.233E+09 1.872E-03 1.286E-02 2.000E+05 0.000E+00 0.000E+00 4.944E+05
 8.35750256E-03   3053.7 8.357E+02 8.467E+09 2.118E-03 1.307E-02 2.000E+05 0.000E+00 0.000E+00 4.945E+05
 9.83657781E-03   3070.3 9.836E+02 9.925E+09 2.390E-03 1.326E-02 2.000E+05 0.000E+00 0.000E+00 4.948E+05
 1.15835541E-02   3086.1 1.158E+03 1.161E+10 2.700E-03 1.345E-02 2.000E+05 0.000E+00 0.000E+00 4.948E+05
 1.36458874E-02   3102.5 1.365E+03 1.361E+10 3.049E-03 1.367E-02 2.000E+05 0.000E+00 0.000E+00 4.950E+05
 1.60816912E-02   3119.5 1.608E+03 1.597E+10 3.442E-03 1.391E-02 2.000E+05 0.000E+00 0.000E+00 4.953E+05
 1.89586922E-02   3137.1 1.896E+03 1.875E+10 3.886E-03 1.417E-02 2.000E+05 0.000E+00 0.000E+00 4.956E+05
 2.23570038E-02   3155.2 2.236E+03 2.205E+10 4.388E-03 1.444E-02 2.000E+05 0.000E+00 0.000E+00 4.961E+05
 2.63669504E-02   3173.6 2.637E+03 2.593E+10 4.963E-03 1.476E-02 2.000E+05 0.000E+00 0.000E+00 4.965E+05
 3.10980077E-02   3192.1 3.110E+03 3.050E+10 5.605E-03 1.508E-02 2.000E+05 0.000E+00 0.000E+00 4.970E+05
 3.66844590E-02   3208.9 3.668E+03 3.572E+10 6.331E-03 1.549E-02 2.000E+05 0.000E+00 0.000E+00 4.971E+05
 4.32764042E-02   3225.7 4.328E+03 4.182E+10 7.160E-03 1.602E-02 2.000E+05 0.000E+00 0.000E+00 4.972E+05
 5.10412001E-02   3242.4 5.104E+03 4.894E+10 8.114E-03 1.666E-02 2.000E+05 0.000E+00 0.000E+00 4.972E+05
 6.01695745E-02   3259.0 6.017E+03 5.720E+10 9.211E-03 1.742E-02 2.000E+05 0.000E+00 0.000E+00 4.972E+05
 7.08861722E-02   3275.5 7.089E+03 6.680E+10 1.047E-02 1.832E-02 2.000E+05 0.000E+00 0.000E+00 4.972E+05
 8.34496107E-02   3291.7 8.345E+03 7.790E+10 1.192E-02 1.938E-02 2.000E+05 0.000E+00 0.000E+00 4.970E+05
 9.81693588E-02   3308.3 9.817E+03 9.084E+10 1.355E-02 2.054E-02 2.000E+05 0.000E+00 0.000E+00 4.970E+05
 1.15471247E-01   3322.4 1.155E+04 1.054E+11 1.534E-02 2.190E-02 2.000E+05 0.000E+00 0.000E+00 4.964E+05
 1.35862529E-01   3336.6 1.359E+04 1.223E+11 1.736E-02 2.351E-02 2.000E+05 0.000E+00 0.000E+00 4.959E+05
 1.59880176E-01   3350.8 1.599E+04 1.419E+11 1.966E-02 2.536E-02 2.000E+05 0.000E+00 0.000E+00 4.952E+05
 1.88151607E-01   3365.5 1.881E+04 1.648E+11 2.228E-02 2.745E-02 2.000E+05 0.000E+00 0.000E+00 4.946E+05
 2.21436069E-01   3380.8 2.214E+04 1.916E+11 2.523E-02 2.981E-02 2.000E+05 0.000E+00 0.000E+00 4.941E+05
 2.60661602E-01   3397.4 2.607E+04 2.233E+11 2.852E-02 3.239E-02 2.000E+05 0.000E+00 0.000E+00 4.938E+05
 3.06932800E-01   3415.3 3.069E+04 2.608E+11 3.221E-02 3.524E-02 2.000E+05 0.000E+00 0.000E+00 4.936E+05
 3.62233325E-01   3437.7 3.622E+04 3.076E+11 3.562E-02 3.736E-02 2.000E+05 0.000E+00 0.000E+00 4.942E+05
 4.28610823E-01   3457.4 4.286E+04 3.617E+11 3.974E-02 4.046E-02 2.000E+05 0.000E+00 0.000E+00 4.941E+05
 5.13243510E-01   3497.8 5.132E+04 4.451E+11 3.908E-02 3.713E-02 2.000E+05 0.000E+00 0.000E+00 4.976E+05
 6.24420952E-01   3522.9 6.244E+04 5.389E+11 4.094E-02 3.765E-02 2.000E+05 0.000E+00 0.000E+00 4.978E+05
 7.68174599E-01   3560.0 7.681E+04 6.714E+11 4.158E-02 3.760E-02 2.000E+05 0.000E+00 0.000E+00 4.998E+05
 9.51033416E-01   3587.7 9.509E+04 8.260E+11 4.497E-02 4.044E-02 2.000E+05 0.000E+00 0.000E+00 4.999E+05
 1.17799943E+00   3639.6 1.178E+05 1.061E+12 4.798E-02 4.319E-02 2.000E+05 0.000E+00 0.000E+00 5.043E+05
 1.43143291E+00   3704.3 1.431E+05 1.372E+12 6.440E-02 5.488E-02 2.000E+05 0.000E+00 0.000E+00 5.112E+05
 1.68048014E+00   3777.8 1.680E+05 1.763E+12 8.616E-02 6.973E-02 2.000E+05 3.364E-03 1.436E+04 5.204E+05
 1.94558787E+00   3837.5 1.945E+05 2.185E+12 1.018E-01 8.030E-02 2.000E+05 1.006E-02 2.008E+04 5.273E+05
 2.25194567E+00   3916.6 2.252E+05 2.809E+12 1.159E-01 9.012E-02 2.000E+05 2.162E-02 2.541E+04 5.374E+05
 2.60744207E+00   3989.6 2.607E+05 3.563E+12 1.349E-01 1.023E-01 2.000E+05 2.457E-02 2.579E+04 5.461E+05
 3.00765974E+00   4079.5 3.008E+05 4.646E+12 1.624E-01 1.188E-01 2.000E+05 5.722E-02 3.384E+04 5.577E+05
 3.44776617E+00   4169.7 3.448E+05 6.008E+12 1.982E-01 1.374E-01 2.000E+05 6.841E-02 3.527E+04 5.691E+05
 3.92177069E+00   4270.0 3.922E+05 7.825E+12 2.486E-01 1.597E-01 2.000E+05 1.086E-01 4.104E+04 5.823E+05
 4.42477808E+00   4376.8 4.425E+05 1.016E+13 3.128E-01 1.840E-01 2.000E+05 1.433E-01 4.493E+04 5.966E+05
 4.95368688E+00   4492.3 4.954E+05 1.317E+13 3.983E-01 2.134E-01 2.000E+05 1.883E-01 4.948E+04 6.123E+05
 5.51221674E+00   4617.6 5.512E+05 1.700E+13 4.976E-01 2.430E-01 2.000E+05 2.274E-01 5.302E+04 6.297E+05
 6.11663359E+00   4756.4 6.117E+05 2.191E+13 6.064E-01 2.705E-01 2.000E+05 2.830E-01 5.798E+04 6.491E+05
 6.77740458E+00   4915.8 6.777E+05 2.829E+13 7.400E-01 3.042E-01 2.000E+05 3.085E-01 5.997E+04 6.713E+05
 7.50605974E+00   5089.9 7.506E+05 3.622E+13 8.881E-01 3.422E-01 2.000E+05 3.645E-01 6.462E+04 6.948E+05
 8.31947396E+00   5297.4 8.319E+05 4.686E+13 1.058E+00 3.827E-01 2.000E+05 3.912E-01 6.642E+04 7.213E+05
 9.23210364E+00   5519.8 9.232E+05 6.112E+13 1.257E+00 4.261E-01 2.000E+05 4.319E-01 6.881E+04 7.474E+05
 1.02411338E+01   5774.6 1.024E+06 8.429E+13 1.547E+00 4.778E-01 2.000E+05 4.933E-01 7.226E+04 7.740E+05
 1.13055178E+01   6028.5 1.131E+06 1.224E+14 2.009E+00 5.291E-01 2.000E+05 5.580E-01 7.405E+04 7.972E+05
 1.23741939E+01   6281.6 1.237E+06 1.854E+14 2.716E+00 5.849E-01 2.000E+05 6.555E-01 7.849E+04 8.176E+05
 1.34231071E+01   6519.7 1.342E+06 2.798E+14 3.694E+00 6.240E-01 2.000E+05 7.244E-01 7.960E+04 8.347E+05
 1.44559086E+01   6744.5 1.446E+06 4.137E+14 4.975E+00 6.632E-01 2.000E+05 7.840E-01 8.081E+04 8.493E+05
 1.54858861E+01   6959.3 1.549E+06 5.974E+14 6.602E+00 6.949E-01 2.000E+05 8.309E-01 8.153E+04 8.619E+05
 1.65290115E+01   7166.8 1.653E+06 8.435E+14 8.631E+00 7.210E-01 2.000E+05 8.655E-01 8.141E+04 8.730E+05
 1.75990081E+01   7369.0 1.760E+06 1.167E+15 1.116E+01 7.428E-01 2.000E+05 8.893E-01 8.008E+04 8.828E+05
 1.87110839E+01   7567.1 1.871E+06 1.587E+15 1.423E+01 7.661E-01 2.000E+05 9.170E-01 8.165E+04 8.916E+05
 1.98740046E+01   7767.9 1.987E+06 2.139E+15 1.812E+01 7.773E-01 2.000E+05 9.269E-01 7.794E+04 8.996E+05
 2.11004184E+01   7958.4 2.110E+06 2.814E+15 2.267E+01 8.441E-01 2.000E+05 9.403E-01 7.855E+04 9.065E+05
PRADK 4.3135E-01
BEGIN                    ITERATION  15 COMPLETED
