TEFF   7000.  GRAVITY 4.00000 LTE 
TITLE  [-0.5a] N(He)/Ntot=0.0784 VTURB=2.0  L/H=1.25 ODFNEW                     
 OPACITY IFOP 1 1 1 1 1 1 1 1 1 1 1 1 1 0 1 0 0 0 0 0
 CONVECTION ON   1.25 TURBULENCE OFF  0.00  0.00  0.00  0.00
ABUNDANCE SCALE   0.31622 ABUNDANCE CHANGE 1 0.92080 2 0.07838
 ABUNDANCE CHANGE  3 -10.94  4 -10.64  5  -9.49  6  -3.52  7  -4.12  8  -2.81
 ABUNDANCE CHANGE  9  -7.48 10  -3.56 11  -5.71 12  -4.06 13  -5.57 14  -4.09
 ABUNDANCE CHANGE 15  -6.59 16  -4.31 17  -6.54 18  -5.24 19  -6.92 20  -5.28
 ABUNDANCE CHANGE 21  -8.87 22  -6.62 23  -8.04 24  -6.37 25  -6.65 26  -4.54
 ABUNDANCE CHANGE 27  -7.12 28  -5.79 29  -7.83 30  -7.44 31  -9.16 32  -8.63
 ABUNDANCE CHANGE 33  -9.67 34  -8.63 35  -9.41 36  -8.73 37  -9.44 38  -9.07
 ABUNDANCE CHANGE 39  -9.80 40  -9.44 41 -10.62 42 -10.12 43 -20.00 44 -10.20
 ABUNDANCE CHANGE 45 -10.92 46 -10.35 47 -11.10 48 -10.27 49 -10.38 50 -10.04
 ABUNDANCE CHANGE 51 -11.04 52  -9.80 53 -10.53 54  -9.87 55 -10.91 56  -9.91
 ABUNDANCE CHANGE 57 -10.87 58 -10.46 59 -11.33 60 -10.54 61 -20.00 62 -11.03
 ABUNDANCE CHANGE 63 -11.53 64 -10.92 65 -11.69 66 -10.90 67 -11.78 68 -11.11
 ABUNDANCE CHANGE 69 -12.04 70 -10.96 71 -11.98 72 -11.16 73 -12.17 74 -10.93
 ABUNDANCE CHANGE 75 -11.76 76 -10.59 77 -10.69 78 -10.24 79 -11.03 80 -10.91
 ABUNDANCE CHANGE 81 -11.14 82 -10.09 83 -11.33 84 -20.00 85 -20.00 86 -20.00
 ABUNDANCE CHANGE 87 -20.00 88 -20.00 89 -20.00 90 -11.95 91 -20.00 92 -12.54
 ABUNDANCE CHANGE 93 -20.00 94 -20.00 95 -20.00 96 -20.00 97 -20.00 98 -20.00
 ABUNDANCE CHANGE 99 -20.00
READ DECK6 72 RHOX,T,P,XNE,ABROSS,ACCRAD,VTURB, FLXCNV,VCONV,VELSND
 3.76181547E-04   4570.4 3.762E+00 2.310E+09 3.545E-04 1.418E-01 2.000E+05 0.000E+00 0.000E+00 1.042E+06
 4.99549146E-04   4587.9 4.995E+00 2.866E+09 3.665E-04 1.426E-01 2.000E+05 0.000E+00 0.000E+00 9.723E+05
 6.57288327E-04   4607.5 6.573E+00 3.561E+09 3.855E-04 1.409E-01 2.000E+05 0.000E+00 0.000E+00 9.177E+05
 8.56002451E-04   4627.8 8.560E+00 4.409E+09 4.106E-04 1.389E-01 2.000E+05 0.000E+00 0.000E+00 8.752E+05
 1.10313729E-03   4649.2 1.103E+01 5.444E+09 4.430E-04 1.374E-01 2.000E+05 0.000E+00 0.000E+00 8.424E+05
 1.40677926E-03   4671.4 1.407E+01 6.696E+09 4.833E-04 1.365E-01 2.000E+05 0.000E+00 0.000E+00 8.172E+05
 1.77611964E-03   4694.4 1.776E+01 8.206E+09 5.322E-04 1.355E-01 2.000E+05 0.000E+00 0.000E+00 7.978E+05
 2.22150708E-03   4718.2 2.221E+01 1.002E+10 5.908E-04 1.343E-01 2.000E+05 0.000E+00 0.000E+00 7.830E+05
 2.75462685E-03   4742.9 2.755E+01 1.220E+10 6.604E-04 1.329E-01 2.000E+05 0.000E+00 0.000E+00 7.717E+05
 3.38863637E-03   4768.4 3.389E+01 1.482E+10 7.427E-04 1.316E-01 2.000E+05 0.000E+00 0.000E+00 7.631E+05
 4.13799621E-03   4794.7 4.138E+01 1.795E+10 8.404E-04 1.311E-01 2.000E+05 0.000E+00 0.000E+00 7.566E+05
 5.01799466E-03   4822.1 5.018E+01 2.171E+10 9.571E-04 1.316E-01 2.000E+05 0.000E+00 0.000E+00 7.519E+05
 6.04680118E-03   4850.1 6.047E+01 2.617E+10 1.093E-03 1.319E-01 2.000E+05 0.000E+00 0.000E+00 7.484E+05
 7.24635542E-03   4878.6 7.246E+01 3.149E+10 1.252E-03 1.319E-01 2.000E+05 0.000E+00 0.000E+00 7.459E+05
 8.64203850E-03   4907.7 8.642E+01 3.780E+10 1.436E-03 1.318E-01 2.000E+05 0.000E+00 0.000E+00 7.443E+05
 1.02633218E-02   4937.3 1.026E+02 4.529E+10 1.649E-03 1.317E-01 2.000E+05 0.000E+00 0.000E+00 7.433E+05
 1.21439424E-02   4967.2 1.214E+02 5.415E+10 1.897E-03 1.321E-01 2.000E+05 0.000E+00 0.000E+00 7.428E+05
 1.43229929E-02   4997.5 1.432E+02 6.465E+10 2.185E-03 1.324E-01 2.000E+05 0.000E+00 0.000E+00 7.428E+05
 1.68459872E-02   5028.1 1.685E+02 7.704E+10 2.517E-03 1.329E-01 2.000E+05 0.000E+00 0.000E+00 7.431E+05
 1.97654406E-02   5059.0 1.977E+02 9.166E+10 2.901E-03 1.337E-01 2.000E+05 0.000E+00 0.000E+00 7.437E+05
 2.31424890E-02   5090.1 2.314E+02 1.089E+11 3.345E-03 1.347E-01 2.000E+05 0.000E+00 0.000E+00 7.446E+05
 2.70489265E-02   5121.4 2.705E+02 1.292E+11 3.856E-03 1.359E-01 2.000E+05 0.000E+00 0.000E+00 7.456E+05
 3.15682790E-02   5152.8 3.157E+02 1.531E+11 4.444E-03 1.373E-01 2.000E+05 0.000E+00 0.000E+00 7.468E+05
 3.67958502E-02   5184.4 3.680E+02 1.812E+11 5.124E-03 1.398E-01 2.000E+05 0.000E+00 0.000E+00 7.481E+05
 4.28415369E-02   5216.3 4.284E+02 2.142E+11 5.909E-03 1.425E-01 2.000E+05 0.000E+00 0.000E+00 7.496E+05
 4.98345447E-02   5248.4 4.983E+02 2.530E+11 6.811E-03 1.456E-01 2.000E+05 0.000E+00 0.000E+00 7.511E+05
 5.79259475E-02   5280.7 5.793E+02 2.986E+11 7.848E-03 1.491E-01 2.000E+05 0.000E+00 0.000E+00 7.528E+05
 6.72923035E-02   5313.1 6.729E+02 3.521E+11 9.039E-03 1.530E-01 2.000E+05 0.000E+00 0.000E+00 7.545E+05
 7.81397720E-02   5345.5 7.814E+02 4.148E+11 1.041E-02 1.575E-01 2.000E+05 0.000E+00 0.000E+00 7.563E+05
 9.07092994E-02   5378.0 9.071E+02 4.881E+11 1.197E-02 1.628E-01 2.000E+05 0.000E+00 0.000E+00 7.581E+05
 1.05277150E-01   5410.4 1.053E+03 5.737E+11 1.378E-02 1.698E-01 2.000E+05 0.000E+00 0.000E+00 7.600E+05
 1.22158907E-01   5443.0 1.222E+03 6.738E+11 1.585E-02 1.782E-01 2.000E+05 0.000E+00 0.000E+00 7.619E+05
 1.41724893E-01   5475.7 1.417E+03 7.910E+11 1.824E-02 1.877E-01 2.000E+05 0.000E+00 0.000E+00 7.639E+05
 1.64414589E-01   5508.5 1.644E+03 9.277E+11 2.096E-02 1.983E-01 2.000E+05 0.000E+00 0.000E+00 7.659E+05
 1.90743599E-01   5541.2 1.907E+03 1.087E+12 2.408E-02 2.103E-01 2.000E+05 0.000E+00 0.000E+00 7.679E+05
 2.21325371E-01   5573.7 2.213E+03 1.272E+12 2.763E-02 2.238E-01 2.000E+05 0.000E+00 0.000E+00 7.700E+05
 2.56886605E-01   5605.9 2.569E+03 1.487E+12 3.167E-02 2.392E-01 2.000E+05 0.000E+00 0.000E+00 7.720E+05
 2.98287381E-01   5637.8 2.983E+03 1.735E+12 3.626E-02 2.569E-01 2.000E+05 0.000E+00 0.000E+00 7.741E+05
 3.46507617E-01   5669.9 3.465E+03 2.024E+12 4.152E-02 2.782E-01 2.000E+05 0.000E+00 0.000E+00 7.762E+05
 4.02650372E-01   5702.3 4.026E+03 2.362E+12 4.757E-02 3.032E-01 2.000E+05 0.000E+00 0.000E+00 7.783E+05
 4.67961300E-01   5735.8 4.680E+03 2.761E+12 5.456E-02 3.325E-01 2.000E+05 0.000E+00 0.000E+00 7.805E+05
 5.43799087E-01   5770.8 5.438E+03 3.236E+12 6.274E-02 3.674E-01 2.000E+05 0.000E+00 0.000E+00 7.828E+05
 6.31583694E-01   5808.3 6.316E+03 3.809E+12 7.243E-02 4.098E-01 2.000E+05 0.000E+00 0.000E+00 7.852E+05
 7.32718134E-01   5849.7 7.327E+03 4.512E+12 8.407E-02 4.611E-01 2.000E+05 0.000E+00 0.000E+00 7.877E+05
 8.48526319E-01   5895.9 8.485E+03 5.390E+12 9.825E-02 5.241E-01 2.000E+05 0.000E+00 0.000E+00 7.903E+05
 9.80088996E-01   5948.8 9.801E+03 6.513E+12 1.159E-01 6.030E-01 2.000E+05 0.000E+00 0.000E+00 7.932E+05
 1.12785687E+00   6010.9 1.128E+04 7.991E+12 1.385E-01 7.057E-01 2.000E+05 0.000E+00 0.000E+00 7.964E+05
 1.29149533E+00   6084.0 1.291E+04 9.980E+12 1.680E-01 8.395E-01 2.000E+05 0.000E+00 0.000E+00 7.999E+05
 1.46985637E+00   6170.8 1.470E+04 1.273E+13 2.075E-01 1.018E+00 2.000E+05 0.000E+00 0.000E+00 8.036E+05
 1.66025443E+00   6274.9 1.660E+04 1.667E+13 2.624E-01 1.269E+00 2.000E+05 0.000E+00 0.000E+00 8.077E+05
 1.85848498E+00   6399.8 1.858E+04 2.246E+13 3.404E-01 1.625E+00 2.000E+05 0.000E+00 0.000E+00 8.118E+05
 2.05937348E+00   6549.0 2.059E+04 3.125E+13 4.546E-01 2.148E+00 2.000E+05 0.000E+00 0.000E+00 8.159E+05
 2.25640435E+00   6728.1 2.256E+04 4.505E+13 6.297E-01 2.953E+00 2.000E+05 1.316E-11 1.538E+02 8.196E+05
 2.44255585E+00   6941.2 2.442E+04 6.727E+13 9.068E-01 4.241E+00 2.000E+05 3.284E-08 2.014E+03 8.226E+05
 2.61053893E+00   7199.2 2.610E+04 1.048E+14 1.376E+00 6.446E+00 2.000E+05 1.585E-06 7.057E+03 8.248E+05
 2.75478166E+00   7501.1 2.754E+04 1.681E+14 2.190E+00 1.036E+01 2.000E+05 6.449E-05 2.325E+04 8.267E+05
 2.87076886E+00   7873.6 2.870E+04 2.838E+14 3.791E+00 1.820E+01 2.000E+05 2.235E-03 7.196E+04 8.299E+05
 2.95460677E+00   8342.6 2.954E+04 5.073E+14 7.327E+00 3.422E+01 2.000E+05 1.324E-02 1.212E+05 8.385E+05
 3.01280866E+00   8804.5 3.012E+04 8.395E+14 1.358E+01 5.248E+01 2.000E+05 1.747E-01 2.730E+05 8.538E+05
 3.05904025E+00   9143.4 3.058E+04 1.171E+15 2.083E+01 5.600E+01 2.000E+05 4.209E-01 3.609E+05 8.695E+05
 3.10204539E+00   9398.9 3.100E+04 1.478E+15 2.828E+01 5.068E+01 2.000E+05 5.937E-01 3.959E+05 8.839E+05
 3.14577806E+00   9614.6 3.144E+04 1.779E+15 3.608E+01 4.452E+01 2.000E+05 7.194E-01 4.174E+05 8.977E+05
 3.19226177E+00   9812.2 3.190E+04 2.090E+15 4.462E+01 3.905E+01 2.000E+05 8.021E-01 4.283E+05 9.118E+05
 3.24311292E+00   9994.3 3.241E+04 2.407E+15 5.374E+01 3.492E+01 2.000E+05 8.553E-01 4.347E+05 9.259E+05
 3.29983080E+00  10175.2 3.297E+04 2.751E+15 6.385E+01 3.177E+01 2.000E+05 8.900E-01 4.383E+05 9.409E+05
 3.36398249E+00  10350.5 3.361E+04 3.114E+15 7.481E+01 2.935E+01 2.000E+05 9.136E-01 4.408E+05 9.565E+05
 3.43712285E+00  10532.7 3.434E+04 3.519E+15 8.737E+01 2.746E+01 2.000E+05 9.309E-01 4.427E+05 9.738E+05
 3.52110276E+00  10713.5 3.518E+04 3.953E+15 1.010E+02 2.585E+01 2.000E+05 9.437E-01 4.449E+05 9.919E+05
 3.61796804E+00  10908.3 3.615E+04 4.448E+15 1.168E+02 2.459E+01 2.000E+05 9.536E-01 4.462E+05 1.012E+06
 3.73026744E+00  11102.7 3.727E+04 4.976E+15 1.336E+02 2.352E+01 2.000E+05 9.614E-01 4.490E+05 1.034E+06
 3.86120041E+00  11322.0 3.857E+04 5.597E+15 1.527E+02 2.277E+01 2.000E+05 9.672E-01 4.506E+05 1.059E+06
 4.01541324E+00  11541.0 4.011E+04 6.256E+15 1.716E+02 2.277E+01 2.000E+05 9.710E-01 4.533E+05 1.085E+06
PRADK 3.2137E+00
BEGIN                    ITERATION  15 COMPLETED
