TEFF   4250.  GRAVITY 0.50000 LTE 
TITLE  [-0.5a] N(He)/Ntot=0.0784 VTURB=2.0  L/H=1.25 ODFNEW                     
 OPACITY IFOP 1 1 1 1 1 1 1 1 1 1 1 1 1 0 1 0 0 0 0 0
 CONVECTION ON   1.25 TURBULENCE OFF  0.00  0.00  0.00  0.00
ABUNDANCE SCALE   0.31622 ABUNDANCE CHANGE 1 0.92080 2 0.07838
 ABUNDANCE CHANGE  3 -10.94  4 -10.64  5  -9.49  6  -3.52  7  -4.12  8  -2.81
 ABUNDANCE CHANGE  9  -7.48 10  -3.56 11  -5.71 12  -4.06 13  -5.57 14  -4.09
 ABUNDANCE CHANGE 15  -6.59 16  -4.31 17  -6.54 18  -5.24 19  -6.92 20  -5.28
 ABUNDANCE CHANGE 21  -8.87 22  -6.62 23  -8.04 24  -6.37 25  -6.65 26  -4.54
 ABUNDANCE CHANGE 27  -7.12 28  -5.79 29  -7.83 30  -7.44 31  -9.16 32  -8.63
 ABUNDANCE CHANGE 33  -9.67 34  -8.63 35  -9.41 36  -8.73 37  -9.44 38  -9.07
 ABUNDANCE CHANGE 39  -9.80 40  -9.44 41 -10.62 42 -10.12 43 -20.00 44 -10.20
 ABUNDANCE CHANGE 45 -10.92 46 -10.35 47 -11.10 48 -10.27 49 -10.38 50 -10.04
 ABUNDANCE CHANGE 51 -11.04 52  -9.80 53 -10.53 54  -9.87 55 -10.91 56  -9.91
 ABUNDANCE CHANGE 57 -10.87 58 -10.46 59 -11.33 60 -10.54 61 -20.00 62 -11.03
 ABUNDANCE CHANGE 63 -11.53 64 -10.92 65 -11.69 66 -10.90 67 -11.78 68 -11.11
 ABUNDANCE CHANGE 69 -12.04 70 -10.96 71 -11.98 72 -11.16 73 -12.17 74 -10.93
 ABUNDANCE CHANGE 75 -11.76 76 -10.59 77 -10.69 78 -10.24 79 -11.03 80 -10.91
 ABUNDANCE CHANGE 81 -11.14 82 -10.09 83 -11.33 84 -20.00 85 -20.00 86 -20.00
 ABUNDANCE CHANGE 87 -20.00 88 -20.00 89 -20.00 90 -11.95 91 -20.00 92 -12.54
 ABUNDANCE CHANGE 93 -20.00 94 -20.00 95 -20.00 96 -20.00 97 -20.00 98 -20.00
 ABUNDANCE CHANGE 99 -20.00
READ DECK6 72 RHOX,T,P,XNE,ABROSS,ACCRAD,VTURB, FLXCNV,VCONV,VELSND
 1.27046458E-02   2292.0 4.015E-02 5.129E+05 1.050E-05 2.198E-03 2.000E+05 0.000E+00 0.000E+00 2.021E+06
 1.68257450E-02   2315.9 5.317E-02 6.913E+05 1.109E-05 2.015E-03 2.000E+05 0.000E+00 0.000E+00 1.780E+06
 2.20690149E-02   2338.9 6.974E-02 9.220E+05 1.153E-05 1.853E-03 2.000E+05 0.000E+00 0.000E+00 1.579E+06
 2.88414103E-02   2362.1 9.115E-02 1.227E+06 1.182E-05 1.701E-03 2.000E+05 0.000E+00 0.000E+00 1.407E+06
 3.76235435E-02   2385.8 1.189E-01 1.633E+06 1.220E-05 1.555E-03 2.000E+05 0.000E+00 0.000E+00 1.260E+06
 4.88926239E-02   2411.2 1.545E-01 2.180E+06 1.276E-05 1.413E-03 2.000E+05 0.000E+00 0.000E+00 1.137E+06
 6.32237727E-02   2437.3 1.998E-01 2.906E+06 1.339E-05 1.282E-03 2.000E+05 0.000E+00 0.000E+00 1.034E+06
 8.15523841E-02   2462.9 2.578E-01 3.860E+06 1.387E-05 1.170E-03 2.000E+05 0.000E+00 0.000E+00 9.467E+05
 1.05242797E-01   2488.5 3.326E-01 5.126E+06 1.429E-05 1.072E-03 2.000E+05 0.000E+00 0.000E+00 8.718E+05
 1.35653996E-01   2515.3 4.288E-01 6.828E+06 1.498E-05 9.842E-04 2.000E+05 0.000E+00 0.000E+00 8.095E+05
 1.74015447E-01   2544.6 5.501E-01 9.153E+06 1.594E-05 8.980E-04 2.000E+05 0.000E+00 0.000E+00 7.596E+05
 2.22291809E-01   2572.7 7.027E-01 1.216E+07 1.677E-05 8.258E-04 2.000E+05 0.000E+00 0.000E+00 7.183E+05
 2.83880534E-01   2600.4 8.974E-01 1.612E+07 1.747E-05 7.649E-04 2.000E+05 0.000E+00 0.000E+00 6.840E+05
 3.62410259E-01   2628.6 1.146E+00 2.136E+07 1.835E-05 7.147E-04 2.000E+05 0.000E+00 0.000E+00 6.561E+05
 4.60383844E-01   2660.5 1.455E+00 2.863E+07 1.994E-05 6.683E-04 2.000E+05 0.000E+00 0.000E+00 6.352E+05
 5.80967259E-01   2691.4 1.837E+00 3.796E+07 2.148E-05 6.277E-04 2.000E+05 0.000E+00 0.000E+00 6.189E+05
 7.30894066E-01   2722.0 2.311E+00 5.009E+07 2.295E-05 5.922E-04 2.000E+05 0.000E+00 0.000E+00 6.060E+05
 9.18728889E-01   2753.0 2.905E+00 6.602E+07 2.440E-05 5.635E-04 2.000E+05 0.000E+00 0.000E+00 5.961E+05
 1.14888622E+00   2789.0 3.632E+00 8.832E+07 2.713E-05 5.410E-04 2.000E+05 0.000E+00 0.000E+00 5.899E+05
 1.42458005E+00   2824.7 4.504E+00 1.171E+08 3.019E-05 5.200E-04 2.000E+05 0.000E+00 0.000E+00 5.846E+05
 1.75637027E+00   2860.7 5.553E+00 1.542E+08 3.338E-05 5.018E-04 2.000E+05 0.000E+00 0.000E+00 5.831E+05
 2.15453646E+00   2898.3 6.812E+00 2.031E+08 3.729E-05 4.884E-04 2.000E+05 0.000E+00 0.000E+00 5.820E+05
 2.62471291E+00   2938.0 8.298E+00 2.672E+08 4.249E-05 4.798E-04 2.000E+05 0.000E+00 0.000E+00 5.822E+05
 3.17628443E+00   2977.2 1.004E+01 3.480E+08 4.820E-05 4.722E-04 2.000E+05 0.000E+00 0.000E+00 5.831E+05
 3.82192503E+00   3016.9 1.208E+01 4.502E+08 5.520E-05 4.682E-04 2.000E+05 0.000E+00 0.000E+00 5.846E+05
 4.56538906E+00   3057.3 1.443E+01 5.782E+08 6.444E-05 4.684E-04 2.000E+05 0.000E+00 0.000E+00 5.866E+05
 5.41758438E+00   3096.2 1.713E+01 7.323E+08 7.469E-05 4.694E-04 2.000E+05 0.000E+00 0.000E+00 5.889E+05
 6.40153247E+00   3134.3 2.024E+01 9.183E+08 8.605E-05 4.718E-04 2.000E+05 0.000E+00 0.000E+00 5.912E+05
 7.54096581E+00   3171.9 2.384E+01 1.143E+09 9.908E-05 4.761E-04 2.000E+05 0.000E+00 0.000E+00 5.937E+05
 8.85519813E+00   3209.1 2.800E+01 1.411E+09 1.150E-04 4.826E-04 2.000E+05 0.000E+00 0.000E+00 5.964E+05
 1.03681220E+01   3245.0 3.278E+01 1.728E+09 1.330E-04 4.921E-04 2.000E+05 0.000E+00 0.000E+00 5.989E+05
 1.21129370E+01   3280.2 3.830E+01 2.101E+09 1.537E-04 5.036E-04 2.000E+05 0.000E+00 0.000E+00 6.016E+05
 1.41309600E+01   3314.3 4.468E+01 2.538E+09 1.768E-04 5.177E-04 2.000E+05 0.000E+00 0.000E+00 6.041E+05
 1.64665197E+01   3348.2 5.206E+01 3.054E+09 2.040E-04 5.328E-04 2.000E+05 0.000E+00 0.000E+00 6.067E+05
 1.91694132E+01   3380.9 6.061E+01 3.654E+09 2.348E-04 5.524E-04 2.000E+05 0.000E+00 0.000E+00 6.092E+05
 2.23023605E+01   3413.3 7.051E+01 4.359E+09 2.701E-04 5.776E-04 2.000E+05 0.000E+00 0.000E+00 6.118E+05
 2.59345517E+01   3445.4 8.200E+01 5.184E+09 3.105E-04 6.109E-04 2.000E+05 0.000E+00 0.000E+00 6.143E+05
 3.01707068E+01   3479.2 9.539E+01 6.177E+09 3.523E-04 6.143E-04 2.000E+05 0.000E+00 0.000E+00 6.170E+05
 3.52202029E+01   3512.3 1.114E+02 7.355E+09 3.902E-04 5.733E-04 2.000E+05 0.000E+00 0.000E+00 6.197E+05
 4.12868204E+01   3535.4 1.305E+02 8.624E+09 4.343E-04 5.791E-04 2.000E+05 0.000E+00 0.000E+00 6.213E+05
 4.85297360E+01   3558.8 1.534E+02 1.013E+10 4.866E-04 6.029E-04 2.000E+05 0.000E+00 0.000E+00 6.229E+05
 5.71247585E+01   3581.7 1.806E+02 1.190E+10 5.482E-04 6.415E-04 2.000E+05 0.000E+00 0.000E+00 6.244E+05
 6.72750564E+01   3604.8 2.127E+02 1.398E+10 6.204E-04 6.943E-04 2.000E+05 0.000E+00 0.000E+00 6.260E+05
 7.91641549E+01   3634.5 2.503E+02 1.658E+10 7.118E-04 7.610E-04 2.000E+05 0.000E+00 0.000E+00 6.283E+05
 9.27888789E+01   3663.3 2.934E+02 1.955E+10 8.401E-04 8.768E-04 2.000E+05 0.000E+00 0.000E+00 6.306E+05
 1.08051098E+02   3700.5 3.416E+02 2.322E+10 1.007E-03 1.025E-03 2.000E+05 0.000E+00 0.000E+00 6.337E+05
 1.24912293E+02   3745.2 3.949E+02 2.767E+10 1.224E-03 1.218E-03 2.000E+05 0.000E+00 0.000E+00 6.376E+05
 1.43108657E+02   3803.6 4.524E+02 3.322E+10 1.524E-03 1.512E-03 2.000E+05 0.000E+00 0.000E+00 6.429E+05
 1.63189019E+02   3880.0 5.159E+02 4.034E+10 1.797E-03 1.650E-03 2.000E+05 0.000E+00 0.000E+00 6.497E+05
 1.85977632E+02   3958.8 5.879E+02 4.863E+10 2.106E-03 1.820E-03 2.000E+05 0.000E+00 0.000E+00 6.529E+05
 2.12040070E+02   4048.0 6.703E+02 5.860E+10 2.443E-03 1.994E-03 2.000E+05 0.000E+00 0.000E+00 6.643E+05
 2.42090234E+02   4148.5 7.653E+02 7.045E+10 2.817E-03 2.180E-03 2.000E+05 0.000E+00 0.000E+00 6.731E+05
 2.77098105E+02   4262.5 8.759E+02 8.442E+10 3.204E-03 2.356E-03 2.000E+05 0.000E+00 0.000E+00 6.831E+05
 3.18235872E+02   4391.7 1.006E+03 1.011E+11 3.634E-03 2.550E-03 2.000E+05 0.000E+00 0.000E+00 6.942E+05
 3.66192902E+02   4541.5 1.157E+03 1.228E+11 4.201E-03 2.858E-03 2.000E+05 0.000E+00 0.000E+00 7.065E+05
 4.20983389E+02   4710.5 1.330E+03 1.577E+11 4.963E-03 3.226E-03 2.000E+05 0.000E+00 0.000E+00 7.193E+05
 4.79893481E+02   4900.9 1.517E+03 2.267E+11 6.550E-03 4.114E-03 2.000E+05 0.000E+00 0.000E+00 7.326E+05
 5.35519950E+02   5116.9 1.692E+03 3.745E+11 9.880E-03 6.073E-03 2.000E+05 5.445E-11 2.906E+02 7.462E+05
 5.82022232E+02   5363.7 1.839E+03 6.973E+11 1.655E-02 1.003E-02 2.000E+05 1.456E-08 1.837E+03 7.595E+05
 6.17399970E+02   5646.8 1.950E+03 1.411E+12 3.013E-02 1.824E-02 2.000E+05 1.038E-06 7.497E+03 7.708E+05
 6.42509946E+02   5968.7 2.029E+03 2.985E+12 5.806E-02 3.526E-02 2.000E+05 5.531E-05 2.764E+04 7.777E+05
 6.59401833E+02   6334.3 2.082E+03 6.455E+12 1.178E-01 7.192E-02 2.000E+05 1.119E-03 7.277E+04 7.787E+05
 6.70147351E+02   6747.0 2.114E+03 1.399E+13 2.520E-01 1.473E-01 2.000E+05 7.789E-03 1.294E+05 7.765E+05
 6.76895025E+02   7155.5 2.134E+03 2.751E+13 5.222E-01 2.404E-01 2.000E+05 2.031E-01 3.568E+05 7.779E+05
 6.81634285E+02   7467.3 2.148E+03 4.376E+13 9.010E-01 2.507E-01 2.000E+05 5.730E-01 4.998E+05 7.839E+05
 6.85722213E+02   7671.7 2.160E+03 5.805E+13 1.281E+00 2.073E-01 2.000E+05 7.407E-01 5.189E+05 7.906E+05
 6.89727776E+02   7832.6 2.172E+03 7.167E+13 1.685E+00 1.803E-01 2.000E+05 8.268E-01 5.240E+05 7.973E+05
 6.93879621E+02   7972.4 2.185E+03 8.542E+13 2.130E+00 1.618E-01 2.000E+05 8.783E-01 5.276E+05 8.042E+05
 6.98305538E+02   8101.9 2.198E+03 9.986E+13 2.637E+00 1.450E-01 2.000E+05 9.099E-01 5.222E+05 8.115E+05
 7.03130973E+02   8220.2 2.213E+03 1.146E+14 3.193E+00 1.334E-01 2.000E+05 9.332E-01 5.249E+05 8.189E+05
 7.08433687E+02   8343.0 2.229E+03 1.315E+14 3.880E+00 1.232E-01 2.000E+05 9.481E-01 5.189E+05 8.273E+05
 7.14329060E+02   8453.0 2.247E+03 1.481E+14 4.604E+00 1.206E-01 2.000E+05 9.575E-01 5.181E+05 8.355E+05
PRADK 4.3466E-01
BEGIN                    ITERATION  15 COMPLETED
