TEFF   6250.  GRAVITY 4.50000 LTE 
TITLE  [-0.5a] N(He)/Ntot=0.0784 VTURB=2.0  L/H=1.25 ODFNEW                     
 OPACITY IFOP 1 1 1 1 1 1 1 1 1 1 1 1 1 0 1 0 0 0 0 0
 CONVECTION ON   1.25 TURBULENCE OFF  0.00  0.00  0.00  0.00
ABUNDANCE SCALE   0.31622 ABUNDANCE CHANGE 1 0.92080 2 0.07838
 ABUNDANCE CHANGE  3 -10.94  4 -10.64  5  -9.49  6  -3.52  7  -4.12  8  -2.81
 ABUNDANCE CHANGE  9  -7.48 10  -3.56 11  -5.71 12  -4.06 13  -5.57 14  -4.09
 ABUNDANCE CHANGE 15  -6.59 16  -4.31 17  -6.54 18  -5.24 19  -6.92 20  -5.28
 ABUNDANCE CHANGE 21  -8.87 22  -6.62 23  -8.04 24  -6.37 25  -6.65 26  -4.54
 ABUNDANCE CHANGE 27  -7.12 28  -5.79 29  -7.83 30  -7.44 31  -9.16 32  -8.63
 ABUNDANCE CHANGE 33  -9.67 34  -8.63 35  -9.41 36  -8.73 37  -9.44 38  -9.07
 ABUNDANCE CHANGE 39  -9.80 40  -9.44 41 -10.62 42 -10.12 43 -20.00 44 -10.20
 ABUNDANCE CHANGE 45 -10.92 46 -10.35 47 -11.10 48 -10.27 49 -10.38 50 -10.04
 ABUNDANCE CHANGE 51 -11.04 52  -9.80 53 -10.53 54  -9.87 55 -10.91 56  -9.91
 ABUNDANCE CHANGE 57 -10.87 58 -10.46 59 -11.33 60 -10.54 61 -20.00 62 -11.03
 ABUNDANCE CHANGE 63 -11.53 64 -10.92 65 -11.69 66 -10.90 67 -11.78 68 -11.11
 ABUNDANCE CHANGE 69 -12.04 70 -10.96 71 -11.98 72 -11.16 73 -12.17 74 -10.93
 ABUNDANCE CHANGE 75 -11.76 76 -10.59 77 -10.69 78 -10.24 79 -11.03 80 -10.91
 ABUNDANCE CHANGE 81 -11.14 82 -10.09 83 -11.33 84 -20.00 85 -20.00 86 -20.00
 ABUNDANCE CHANGE 87 -20.00 88 -20.00 89 -20.00 90 -11.95 91 -20.00 92 -12.54
 ABUNDANCE CHANGE 93 -20.00 94 -20.00 95 -20.00 96 -20.00 97 -20.00 98 -20.00
 ABUNDANCE CHANGE 99 -20.00
READ DECK6 72 RHOX,T,P,XNE,ABROSS,ACCRAD,VTURB, FLXCNV,VCONV,VELSND
 6.68454506E-04   4131.7 2.114E+01 2.661E+09 1.995E-04 5.356E-02 2.000E+05 0.000E+00 0.000E+00 7.242E+05
 8.74839644E-04   4148.5 2.766E+01 3.429E+09 2.315E-04 5.596E-02 2.000E+05 0.000E+00 0.000E+00 7.142E+05
 1.11277279E-03   4163.8 3.519E+01 4.304E+09 2.670E-04 5.802E-02 2.000E+05 0.000E+00 0.000E+00 7.075E+05
 1.38816591E-03   4180.0 4.390E+01 5.311E+09 3.073E-04 6.080E-02 2.000E+05 0.000E+00 0.000E+00 7.029E+05
 1.70751596E-03   4197.7 5.400E+01 6.474E+09 3.530E-04 6.330E-02 2.000E+05 0.000E+00 0.000E+00 6.998E+05
 2.07865177E-03   4216.7 6.573E+01 7.822E+09 4.047E-04 6.526E-02 2.000E+05 0.000E+00 0.000E+00 6.978E+05
 2.51059717E-03   4237.0 7.939E+01 9.386E+09 4.635E-04 6.665E-02 2.000E+05 0.000E+00 0.000E+00 6.967E+05
 3.01382746E-03   4258.4 9.531E+01 1.121E+10 5.303E-04 6.745E-02 2.000E+05 0.000E+00 0.000E+00 6.961E+05
 3.60035815E-03   4281.1 1.139E+02 1.333E+10 6.067E-04 6.835E-02 2.000E+05 0.000E+00 0.000E+00 6.960E+05
 4.28397588E-03   4304.9 1.355E+02 1.580E+10 6.942E-04 6.895E-02 2.000E+05 0.000E+00 0.000E+00 6.964E+05
 5.08072944E-03   4329.7 1.607E+02 1.868E+10 7.943E-04 6.903E-02 2.000E+05 0.000E+00 0.000E+00 6.971E+05
 6.00948569E-03   4355.1 1.900E+02 2.204E+10 9.089E-04 6.865E-02 2.000E+05 0.000E+00 0.000E+00 6.980E+05
 7.09028940E-03   4381.1 2.242E+02 2.596E+10 1.043E-03 6.906E-02 2.000E+05 0.000E+00 0.000E+00 6.992E+05
 8.34553274E-03   4407.8 2.639E+02 3.052E+10 1.198E-03 6.980E-02 2.000E+05 0.000E+00 0.000E+00 7.005E+05
 9.80293169E-03   4434.9 3.100E+02 3.583E+10 1.375E-03 7.014E-02 2.000E+05 0.000E+00 0.000E+00 7.020E+05
 1.14954077E-02   4462.3 3.635E+02 4.201E+10 1.580E-03 7.096E-02 2.000E+05 0.000E+00 0.000E+00 7.035E+05
 1.34606703E-02   4489.8 4.257E+02 4.921E+10 1.814E-03 7.171E-02 2.000E+05 0.000E+00 0.000E+00 7.052E+05
 1.57432435E-02   4517.2 4.978E+02 5.759E+10 2.082E-03 7.237E-02 2.000E+05 0.000E+00 0.000E+00 7.069E+05
 1.83951922E-02   4544.5 5.817E+02 6.732E+10 2.390E-03 7.303E-02 2.000E+05 0.000E+00 0.000E+00 7.087E+05
 2.14772248E-02   4571.4 6.792E+02 7.863E+10 2.741E-03 7.374E-02 2.000E+05 0.000E+00 0.000E+00 7.104E+05
 2.50685923E-02   4597.9 7.927E+02 9.179E+10 3.131E-03 7.363E-02 2.000E+05 0.000E+00 0.000E+00 7.122E+05
 2.92620378E-02   4624.4 9.253E+02 1.071E+11 3.576E-03 7.358E-02 2.000E+05 0.000E+00 0.000E+00 7.140E+05
 3.41557733E-02   4650.8 1.080E+03 1.251E+11 4.088E-03 7.403E-02 2.000E+05 0.000E+00 0.000E+00 7.158E+05
 3.98625114E-02   4677.4 1.261E+03 1.460E+11 4.676E-03 7.500E-02 2.000E+05 0.000E+00 0.000E+00 7.176E+05
 4.65142942E-02   4704.3 1.471E+03 1.704E+11 5.350E-03 7.603E-02 2.000E+05 0.000E+00 0.000E+00 7.194E+05
 5.42666380E-02   4731.5 1.716E+03 1.988E+11 6.122E-03 7.713E-02 2.000E+05 0.000E+00 0.000E+00 7.213E+05
 6.33009704E-02   4759.0 2.002E+03 2.321E+11 7.005E-03 7.831E-02 2.000E+05 0.000E+00 0.000E+00 7.232E+05
 7.38308097E-02   4786.7 2.335E+03 2.709E+11 8.017E-03 7.953E-02 2.000E+05 0.000E+00 0.000E+00 7.252E+05
 8.60820029E-02   4813.8 2.722E+03 3.159E+11 9.201E-03 8.290E-02 2.000E+05 0.000E+00 0.000E+00 7.271E+05
 1.00317411E-01   4841.5 3.172E+03 3.684E+11 1.056E-02 8.649E-02 2.000E+05 0.000E+00 0.000E+00 7.290E+05
 1.16863064E-01   4869.2 3.696E+03 4.294E+11 1.211E-02 9.115E-02 2.000E+05 0.000E+00 0.000E+00 7.309E+05
 1.36094978E-01   4897.4 4.304E+03 5.006E+11 1.389E-02 9.614E-02 2.000E+05 0.000E+00 0.000E+00 7.329E+05
 1.58457649E-01   4925.6 5.011E+03 5.834E+11 1.593E-02 1.016E-01 2.000E+05 0.000E+00 0.000E+00 7.349E+05
 1.84473802E-01   4953.7 5.834E+03 6.796E+11 1.825E-02 1.075E-01 2.000E+05 0.000E+00 0.000E+00 7.368E+05
 2.14758863E-01   4981.5 6.791E+03 7.911E+11 2.090E-02 1.143E-01 2.000E+05 0.000E+00 0.000E+00 7.387E+05
 2.50038448E-01   5008.9 7.907E+03 9.204E+11 2.392E-02 1.218E-01 2.000E+05 0.000E+00 0.000E+00 7.406E+05
 2.91139530E-01   5035.5 9.207E+03 1.070E+12 2.739E-02 1.315E-01 2.000E+05 0.000E+00 0.000E+00 7.424E+05
 3.39005680E-01   5062.5 1.072E+04 1.243E+12 3.137E-02 1.431E-01 2.000E+05 0.000E+00 0.000E+00 7.443E+05
 3.94718945E-01   5090.2 1.248E+04 1.446E+12 3.595E-02 1.568E-01 2.000E+05 0.000E+00 0.000E+00 7.461E+05
 4.59530592E-01   5118.9 1.453E+04 1.683E+12 4.122E-02 1.723E-01 2.000E+05 0.000E+00 0.000E+00 7.480E+05
 5.34892572E-01   5149.0 1.691E+04 1.961E+12 4.729E-02 1.900E-01 2.000E+05 0.000E+00 0.000E+00 7.501E+05
 6.22455348E-01   5181.1 1.968E+04 2.290E+12 5.430E-02 2.103E-01 2.000E+05 0.000E+00 0.000E+00 7.522E+05
 7.24069251E-01   5215.7 2.290E+04 2.680E+12 6.244E-02 2.335E-01 2.000E+05 0.000E+00 0.000E+00 7.545E+05
 8.41799146E-01   5253.7 2.662E+04 3.150E+12 7.194E-02 2.605E-01 2.000E+05 0.000E+00 0.000E+00 7.570E+05
 9.77875239E-01   5295.9 3.092E+04 3.720E+12 8.312E-02 2.920E-01 2.000E+05 0.000E+00 0.000E+00 7.599E+05
 1.13446372E+00   5344.5 3.587E+04 4.429E+12 9.666E-02 3.308E-01 2.000E+05 0.000E+00 0.000E+00 7.631E+05
 1.31325977E+00   5401.4 4.153E+04 5.331E+12 1.134E-01 3.797E-01 2.000E+05 0.000E+00 0.000E+00 7.670E+05
 1.51530524E+00   5468.8 4.792E+04 6.513E+12 1.346E-01 4.418E-01 2.000E+05 0.000E+00 0.000E+00 7.715E+05
 1.74090963E+00   5548.2 5.505E+04 8.106E+12 1.618E-01 5.204E-01 2.000E+05 0.000E+00 0.000E+00 7.769E+05
 1.98922652E+00   5642.0 6.290E+04 1.033E+13 1.977E-01 6.230E-01 2.000E+05 0.000E+00 0.000E+00 7.831E+05
 2.25772157E+00   5752.1 7.139E+04 1.355E+13 2.464E-01 7.610E-01 2.000E+05 0.000E+00 0.000E+00 7.902E+05
 2.54006276E+00   5884.9 8.032E+04 1.851E+13 3.181E-01 9.689E-01 2.000E+05 0.000E+00 0.000E+00 7.984E+05
 2.82704529E+00   6042.3 8.940E+04 2.635E+13 4.240E-01 1.273E+00 2.000E+05 0.000E+00 0.000E+00 8.077E+05
 3.10912496E+00   6228.8 9.832E+04 3.929E+13 5.864E-01 1.742E+00 2.000E+05 0.000E+00 0.000E+00 8.178E+05
 3.37444564E+00   6453.8 1.067E+05 6.193E+13 8.525E-01 2.515E+00 2.000E+05 1.662E-05 8.768E+03 8.285E+05
 3.61245517E+00   6720.4 1.142E+05 1.024E+14 1.296E+00 3.801E+00 2.000E+05 8.290E-04 3.165E+04 8.390E+05
 3.81585360E+00   7039.1 1.207E+05 1.779E+14 2.077E+00 6.027E+00 2.000E+05 1.122E-02 7.392E+04 8.483E+05
 3.97959767E+00   7417.1 1.258E+05 3.221E+14 3.525E+00 9.748E+00 2.000E+05 4.011E-02 1.095E+05 8.553E+05
 4.10883021E+00   7796.6 1.299E+05 5.523E+14 5.844E+00 1.390E+01 2.000E+05 1.801E-01 1.760E+05 8.595E+05
 4.21804631E+00   8113.5 1.334E+05 8.354E+14 8.788E+00 1.596E+01 2.000E+05 3.810E-01 2.210E+05 8.626E+05
 4.31865310E+00   8379.5 1.366E+05 1.156E+15 1.228E+01 1.588E+01 2.000E+05 5.540E-01 2.437E+05 8.657E+05
 4.41749376E+00   8606.9 1.397E+05 1.505E+15 1.626E+01 1.482E+01 2.000E+05 6.832E-01 2.546E+05 8.693E+05
 4.51864614E+00   8814.1 1.429E+05 1.893E+15 2.089E+01 1.361E+01 2.000E+05 7.728E-01 2.586E+05 8.735E+05
 4.62525387E+00   9002.4 1.462E+05 2.313E+15 2.610E+01 1.255E+01 2.000E+05 8.330E-01 2.591E+05 8.781E+05
 4.73970160E+00   9184.2 1.499E+05 2.787E+15 3.223E+01 1.166E+01 2.000E+05 8.746E-01 2.574E+05 8.834E+05
 4.86441833E+00   9355.2 1.538E+05 3.305E+15 3.915E+01 1.091E+01 2.000E+05 9.036E-01 2.551E+05 8.890E+05
 5.00162324E+00   9527.6 1.581E+05 3.902E+15 4.733E+01 1.024E+01 2.000E+05 9.251E-01 2.518E+05 8.954E+05
 5.15402760E+00   9692.2 1.630E+05 4.556E+15 5.649E+01 9.604E+00 2.000E+05 9.412E-01 2.488E+05 9.021E+05
 5.32408469E+00   9863.9 1.683E+05 5.326E+15 6.755E+01 9.060E+00 2.000E+05 9.534E-01 2.447E+05 9.098E+05
 5.51513298E+00  10027.0 1.744E+05 6.161E+15 7.968E+01 8.512E+00 2.000E+05 9.632E-01 2.419E+05 9.176E+05
 5.73029343E+00  10204.0 1.812E+05 7.175E+15 9.466E+01 8.051E+00 2.000E+05 9.704E-01 2.374E+05 9.267E+05
 5.97406834E+00  10367.7 1.889E+05 8.249E+15 1.105E+02 7.959E+00 2.000E+05 9.751E-01 2.341E+05 9.357E+05
PRADK 2.0394E+00
BEGIN                    ITERATION  15 COMPLETED
