TEFF   4500.  GRAVITY 1.50000 LTE 
TITLE  [-0.5a] N(He)/Ntot=0.0784 VTURB=2.0  L/H=1.25 ODFNEW                     
 OPACITY IFOP 1 1 1 1 1 1 1 1 1 1 1 1 1 0 1 0 0 0 0 0
 CONVECTION ON   1.25 TURBULENCE OFF  0.00  0.00  0.00  0.00
ABUNDANCE SCALE   0.31622 ABUNDANCE CHANGE 1 0.92080 2 0.07838
 ABUNDANCE CHANGE  3 -10.94  4 -10.64  5  -9.49  6  -3.52  7  -4.12  8  -2.81
 ABUNDANCE CHANGE  9  -7.48 10  -3.56 11  -5.71 12  -4.06 13  -5.57 14  -4.09
 ABUNDANCE CHANGE 15  -6.59 16  -4.31 17  -6.54 18  -5.24 19  -6.92 20  -5.28
 ABUNDANCE CHANGE 21  -8.87 22  -6.62 23  -8.04 24  -6.37 25  -6.65 26  -4.54
 ABUNDANCE CHANGE 27  -7.12 28  -5.79 29  -7.83 30  -7.44 31  -9.16 32  -8.63
 ABUNDANCE CHANGE 33  -9.67 34  -8.63 35  -9.41 36  -8.73 37  -9.44 38  -9.07
 ABUNDANCE CHANGE 39  -9.80 40  -9.44 41 -10.62 42 -10.12 43 -20.00 44 -10.20
 ABUNDANCE CHANGE 45 -10.92 46 -10.35 47 -11.10 48 -10.27 49 -10.38 50 -10.04
 ABUNDANCE CHANGE 51 -11.04 52  -9.80 53 -10.53 54  -9.87 55 -10.91 56  -9.91
 ABUNDANCE CHANGE 57 -10.87 58 -10.46 59 -11.33 60 -10.54 61 -20.00 62 -11.03
 ABUNDANCE CHANGE 63 -11.53 64 -10.92 65 -11.69 66 -10.90 67 -11.78 68 -11.11
 ABUNDANCE CHANGE 69 -12.04 70 -10.96 71 -11.98 72 -11.16 73 -12.17 74 -10.93
 ABUNDANCE CHANGE 75 -11.76 76 -10.59 77 -10.69 78 -10.24 79 -11.03 80 -10.91
 ABUNDANCE CHANGE 81 -11.14 82 -10.09 83 -11.33 84 -20.00 85 -20.00 86 -20.00
 ABUNDANCE CHANGE 87 -20.00 88 -20.00 89 -20.00 90 -11.95 91 -20.00 92 -12.54
 ABUNDANCE CHANGE 93 -20.00 94 -20.00 95 -20.00 96 -20.00 97 -20.00 98 -20.00
 ABUNDANCE CHANGE 99 -20.00
READ DECK6 72 RHOX,T,P,XNE,ABROSS,ACCRAD,VTURB, FLXCNV,VCONV,VELSND
 9.56019700E-03   2470.6 3.023E-01 4.466E+06 1.395E-05 3.013E-03 2.000E+05 0.000E+00 0.000E+00 9.681E+05
 1.26735668E-02   2500.6 4.007E-01 6.141E+06 1.462E-05 2.861E-03 2.000E+05 0.000E+00 0.000E+00 8.834E+05
 1.66060547E-02   2531.7 5.251E-01 8.413E+06 1.554E-05 2.702E-03 2.000E+05 0.000E+00 0.000E+00 8.169E+05
 2.15498053E-02   2564.2 6.814E-01 1.150E+07 1.645E-05 2.540E-03 2.000E+05 0.000E+00 0.000E+00 7.645E+05
 2.78211379E-02   2597.8 8.797E-01 1.573E+07 1.717E-05 2.386E-03 2.000E+05 0.000E+00 0.000E+00 7.225E+05
 3.58051038E-02   2633.4 1.132E+00 2.163E+07 1.806E-05 2.244E-03 2.000E+05 0.000E+00 0.000E+00 6.892E+05
 4.57203860E-02   2672.4 1.446E+00 2.996E+07 1.977E-05 2.107E-03 2.000E+05 0.000E+00 0.000E+00 6.642E+05
 5.78517059E-02   2711.0 1.829E+00 4.109E+07 2.140E-05 1.991E-03 2.000E+05 0.000E+00 0.000E+00 6.449E+05
 7.28692155E-02   2750.1 2.304E+00 5.618E+07 2.302E-05 1.891E-03 2.000E+05 0.000E+00 0.000E+00 6.299E+05
 9.11948911E-02   2790.8 2.884E+00 7.674E+07 2.552E-05 1.807E-03 2.000E+05 0.000E+00 0.000E+00 6.189E+05
 1.13154721E-01   2830.8 3.578E+00 1.035E+08 2.849E-05 1.734E-03 2.000E+05 0.000E+00 0.000E+00 6.121E+05
 1.39391428E-01   2870.0 4.408E+00 1.379E+08 3.180E-05 1.673E-03 2.000E+05 0.000E+00 0.000E+00 6.049E+05
 1.70507717E-01   2908.9 5.392E+00 1.819E+08 3.599E-05 1.622E-03 2.000E+05 0.000E+00 0.000E+00 6.009E+05
 2.07104876E-01   2946.8 6.549E+00 2.368E+08 4.086E-05 1.580E-03 2.000E+05 0.000E+00 0.000E+00 5.982E+05
 2.50190417E-01   2983.7 7.911E+00 3.050E+08 4.613E-05 1.545E-03 2.000E+05 0.000E+00 0.000E+00 5.965E+05
 3.01195688E-01   3020.2 9.524E+00 3.896E+08 5.194E-05 1.519E-03 2.000E+05 0.000E+00 0.000E+00 5.957E+05
 3.60859676E-01   3056.5 1.141E+01 4.938E+08 5.986E-05 1.494E-03 2.000E+05 0.000E+00 0.000E+00 5.956E+05
 4.30006441E-01   3091.8 1.360E+01 6.192E+08 6.872E-05 1.475E-03 2.000E+05 0.000E+00 0.000E+00 5.960E+05
 5.10519068E-01   3126.5 1.614E+01 7.704E+08 7.853E-05 1.461E-03 2.000E+05 0.000E+00 0.000E+00 5.969E+05
 6.04668216E-01   3160.8 1.912E+01 9.529E+08 8.948E-05 1.453E-03 2.000E+05 0.000E+00 0.000E+00 5.980E+05
 7.14337658E-01   3195.2 2.259E+01 1.173E+09 1.029E-04 1.440E-03 2.000E+05 0.000E+00 0.000E+00 5.995E+05
 8.41605156E-01   3229.0 2.661E+01 1.434E+09 1.181E-04 1.436E-03 2.000E+05 0.000E+00 0.000E+00 6.012E+05
 9.89441664E-01   3262.5 3.129E+01 1.746E+09 1.356E-04 1.442E-03 2.000E+05 0.000E+00 0.000E+00 6.031E+05
 1.16097683E+00   3296.0 3.671E+01 2.116E+09 1.560E-04 1.449E-03 2.000E+05 0.000E+00 0.000E+00 6.052E+05
 1.35984227E+00   3329.4 4.300E+01 2.554E+09 1.794E-04 1.455E-03 2.000E+05 0.000E+00 0.000E+00 6.073E+05
 1.59025187E+00   3362.7 5.029E+01 3.072E+09 2.066E-04 1.464E-03 2.000E+05 0.000E+00 0.000E+00 6.096E+05
 1.85709554E+00   3395.8 5.872E+01 3.681E+09 2.379E-04 1.485E-03 2.000E+05 0.000E+00 0.000E+00 6.120E+05
 2.16594465E+00   3429.7 6.849E+01 4.405E+09 2.743E-04 1.519E-03 2.000E+05 0.000E+00 0.000E+00 6.145E+05
 2.52341774E+00   3462.5 7.979E+01 5.246E+09 3.155E-04 1.592E-03 2.000E+05 0.000E+00 0.000E+00 6.169E+05
 2.94521711E+00   3505.0 9.313E+01 6.350E+09 3.507E-04 1.278E-03 2.000E+05 0.000E+00 0.000E+00 6.204E+05
 3.45172590E+00   3534.1 1.091E+02 7.521E+09 3.899E-04 1.139E-03 2.000E+05 0.000E+00 0.000E+00 6.225E+05
 4.05591069E+00   3567.1 1.283E+02 8.967E+09 4.381E-04 1.039E-03 2.000E+05 0.000E+00 0.000E+00 6.250E+05
 4.77292233E+00   3588.6 1.509E+02 1.051E+10 4.921E-04 1.024E-03 2.000E+05 0.000E+00 0.000E+00 6.264E+05
 5.62165108E+00   3611.9 1.778E+02 1.234E+10 5.560E-04 1.035E-03 2.000E+05 0.000E+00 0.000E+00 6.279E+05
 6.62030351E+00   3633.4 2.093E+02 1.445E+10 6.317E-04 1.069E-03 2.000E+05 0.000E+00 0.000E+00 6.293E+05
 7.79435326E+00   3642.0 2.465E+02 1.658E+10 7.157E-04 1.170E-03 2.000E+05 0.000E+00 0.000E+00 6.294E+05
 9.16843448E+00   3655.2 2.899E+02 1.913E+10 8.194E-04 1.308E-03 2.000E+05 0.000E+00 0.000E+00 6.299E+05
 1.07681298E+01   3668.6 3.405E+02 2.206E+10 9.390E-04 1.462E-03 2.000E+05 0.000E+00 0.000E+00 6.304E+05
 1.26260937E+01   3683.9 3.993E+02 2.547E+10 1.080E-03 1.643E-03 2.000E+05 0.000E+00 0.000E+00 6.311E+05
 1.47756557E+01   3701.0 4.672E+02 2.943E+10 1.247E-03 1.857E-03 2.000E+05 0.000E+00 0.000E+00 6.320E+05
 1.72521781E+01   3720.6 5.455E+02 3.407E+10 1.448E-03 2.114E-03 2.000E+05 0.000E+00 0.000E+00 6.332E+05
 2.00889621E+01   3743.6 6.352E+02 3.957E+10 1.691E-03 2.431E-03 2.000E+05 0.000E+00 0.000E+00 6.347E+05
 2.33125590E+01   3771.5 7.372E+02 4.615E+10 1.994E-03 2.844E-03 2.000E+05 0.000E+00 0.000E+00 6.368E+05
 2.69281690E+01   3809.4 8.515E+02 5.440E+10 2.381E-03 3.381E-03 2.000E+05 0.000E+00 0.000E+00 6.401E+05
 3.10065848E+01   3859.8 9.804E+02 6.497E+10 2.790E-03 3.681E-03 2.000E+05 0.000E+00 0.000E+00 6.447E+05
 3.56648259E+01   3907.9 1.128E+03 7.704E+10 3.249E-03 4.035E-03 2.000E+05 0.000E+00 0.000E+00 6.490E+05
 4.09917489E+01   3961.7 1.296E+03 9.164E+10 3.793E-03 4.470E-03 2.000E+05 0.000E+00 0.000E+00 6.503E+05
 4.70835647E+01   4021.6 1.489E+03 1.093E+11 4.419E-03 4.947E-03 2.000E+05 0.000E+00 0.000E+00 6.591E+05
 5.40588923E+01   4089.2 1.709E+03 1.307E+11 5.147E-03 5.488E-03 2.000E+05 0.000E+00 0.000E+00 6.651E+05
 6.20361729E+01   4166.8 1.962E+03 1.569E+11 6.004E-03 6.114E-03 2.000E+05 0.000E+00 0.000E+00 6.719E+05
 7.11958876E+01   4255.7 2.251E+03 1.886E+11 6.943E-03 6.741E-03 2.000E+05 0.000E+00 0.000E+00 6.798E+05
 8.17716519E+01   4357.5 2.585E+03 2.270E+11 8.014E-03 7.431E-03 2.000E+05 0.000E+00 0.000E+00 6.888E+05
 9.39754237E+01   4476.2 2.971E+03 2.736E+11 9.271E-03 8.293E-03 2.000E+05 0.000E+00 0.000E+00 6.991E+05
 1.08111254E+02   4613.6 3.418E+03 3.318E+11 1.062E-02 9.157E-03 2.000E+05 0.000E+00 0.000E+00 7.107E+05
 1.24596951E+02   4768.5 3.939E+03 4.131E+11 1.214E-02 9.972E-03 2.000E+05 0.000E+00 0.000E+00 7.231E+05
 1.43238697E+02   4943.9 4.529E+03 5.504E+11 1.497E-02 1.197E-02 2.000E+05 0.000E+00 0.000E+00 7.361E+05
 1.62371325E+02   5147.5 5.133E+03 8.239E+11 2.054E-02 1.607E-02 2.000E+05 0.000E+00 0.000E+00 7.500E+05
 1.79944065E+02   5381.0 5.689E+03 1.401E+12 3.148E-02 2.417E-02 2.000E+05 1.407E-08 1.355E+03 7.643E+05
 1.94487693E+02   5646.3 6.148E+03 2.624E+12 5.303E-02 4.054E-02 2.000E+05 1.880E-06 6.810E+03 7.781E+05
 2.05533238E+02   5954.6 6.497E+03 5.304E+12 9.633E-02 7.363E-02 2.000E+05 1.008E-04 2.530E+04 7.900E+05
 2.13451493E+02   6301.1 6.747E+03 1.102E+13 1.828E-01 1.401E-01 2.000E+05 1.979E-03 6.687E+04 7.973E+05
 2.18838093E+02   6698.7 6.916E+03 2.343E+13 3.666E-01 2.730E-01 2.000E+05 8.885E-03 1.056E+05 7.992E+05
 2.22421879E+02   7105.8 7.028E+03 4.661E+13 7.239E-01 4.507E-01 2.000E+05 1.460E-01 2.530E+05 7.988E+05
 2.24998259E+02   7442.0 7.108E+03 7.773E+13 1.250E+00 5.181E-01 2.000E+05 4.827E-01 3.717E+05 8.004E+05
 2.27173748E+02   7680.8 7.176E+03 1.088E+14 1.830E+00 4.604E-01 2.000E+05 6.814E-01 4.001E+05 8.039E+05
 2.29257693E+02   7865.1 7.241E+03 1.391E+14 2.449E+00 4.054E-01 2.000E+05 7.875E-01 4.061E+05 8.082E+05
 2.31381367E+02   8025.7 7.307E+03 1.706E+14 3.145E+00 3.671E-01 2.000E+05 8.504E-01 4.071E+05 8.131E+05
 2.33621752E+02   8169.5 7.377E+03 2.035E+14 3.924E+00 3.343E-01 2.000E+05 8.907E-01 4.054E+05 8.183E+05
 2.36033340E+02   8306.5 7.453E+03 2.393E+14 4.829E+00 3.062E-01 2.000E+05 9.177E-01 4.008E+05 8.242E+05
 2.38669271E+02   8434.7 7.535E+03 2.772E+14 5.849E+00 2.852E-01 2.000E+05 9.380E-01 4.004E+05 8.303E+05
 2.41566344E+02   8566.8 7.626E+03 3.208E+14 7.099E+00 2.644E-01 2.000E+05 9.514E-01 3.934E+05 8.373E+05
 2.44785023E+02   8686.9 7.727E+03 3.651E+14 8.441E+00 2.621E-01 2.000E+05 9.600E-01 3.916E+05 8.443E+05
PRADK 5.4674E-01
BEGIN                    ITERATION  15 COMPLETED
