TEFF   8000.  GRAVITY 3.50000 LTE 
TITLE  [-0.5a] N(He)/Ntot=0.0784 VTURB=2.0  L/H=1.25 ODFNEW                     
 OPACITY IFOP 1 1 1 1 1 1 1 1 1 1 1 1 1 0 1 0 0 0 0 0
 CONVECTION ON   1.25 TURBULENCE OFF  0.00  0.00  0.00  0.00
ABUNDANCE SCALE   0.31622 ABUNDANCE CHANGE 1 0.92080 2 0.07838
 ABUNDANCE CHANGE  3 -10.94  4 -10.64  5  -9.49  6  -3.52  7  -4.12  8  -2.81
 ABUNDANCE CHANGE  9  -7.48 10  -3.56 11  -5.71 12  -4.06 13  -5.57 14  -4.09
 ABUNDANCE CHANGE 15  -6.59 16  -4.31 17  -6.54 18  -5.24 19  -6.92 20  -5.28
 ABUNDANCE CHANGE 21  -8.87 22  -6.62 23  -8.04 24  -6.37 25  -6.65 26  -4.54
 ABUNDANCE CHANGE 27  -7.12 28  -5.79 29  -7.83 30  -7.44 31  -9.16 32  -8.63
 ABUNDANCE CHANGE 33  -9.67 34  -8.63 35  -9.41 36  -8.73 37  -9.44 38  -9.07
 ABUNDANCE CHANGE 39  -9.80 40  -9.44 41 -10.62 42 -10.12 43 -20.00 44 -10.20
 ABUNDANCE CHANGE 45 -10.92 46 -10.35 47 -11.10 48 -10.27 49 -10.38 50 -10.04
 ABUNDANCE CHANGE 51 -11.04 52  -9.80 53 -10.53 54  -9.87 55 -10.91 56  -9.91
 ABUNDANCE CHANGE 57 -10.87 58 -10.46 59 -11.33 60 -10.54 61 -20.00 62 -11.03
 ABUNDANCE CHANGE 63 -11.53 64 -10.92 65 -11.69 66 -10.90 67 -11.78 68 -11.11
 ABUNDANCE CHANGE 69 -12.04 70 -10.96 71 -11.98 72 -11.16 73 -12.17 74 -10.93
 ABUNDANCE CHANGE 75 -11.76 76 -10.59 77 -10.69 78 -10.24 79 -11.03 80 -10.91
 ABUNDANCE CHANGE 81 -11.14 82 -10.09 83 -11.33 84 -20.00 85 -20.00 86 -20.00
 ABUNDANCE CHANGE 87 -20.00 88 -20.00 89 -20.00 90 -11.95 91 -20.00 92 -12.54
 ABUNDANCE CHANGE 93 -20.00 94 -20.00 95 -20.00 96 -20.00 97 -20.00 98 -20.00
 ABUNDANCE CHANGE 99 -20.00
READ DECK6 72 RHOX,T,P,XNE,ABROSS,ACCRAD,VTURB, FLXCNV,VCONV,VELSND
 4.89957058E-05   4932.0 1.549E-01 1.499E+09 2.722E-03 7.558E-01 2.000E+05 0.000E+00 0.000E+00 3.230E+06
 6.55220216E-05   4962.2 2.072E-01 1.914E+09 2.661E-03 7.389E-01 2.000E+05 0.000E+00 0.000E+00 2.863E+06
 8.81559402E-05   4990.2 2.787E-01 2.433E+09 2.580E-03 7.156E-01 2.000E+05 0.000E+00 0.000E+00 2.541E+06
 1.19116756E-04   5021.5 3.766E-01 3.129E+09 2.529E-03 6.911E-01 2.000E+05 0.000E+00 0.000E+00 2.252E+06
 1.61062391E-04   5055.4 5.092E-01 4.052E+09 2.504E-03 6.662E-01 2.000E+05 0.000E+00 0.000E+00 1.998E+06
 2.17299961E-04   5090.8 6.870E-01 5.256E+09 2.501E-03 6.411E-01 2.000E+05 0.000E+00 0.000E+00 1.779E+06
 2.92098035E-04   5127.0 9.235E-01 6.815E+09 2.516E-03 6.165E-01 2.000E+05 0.000E+00 0.000E+00 1.592E+06
 3.90834312E-04   5163.6 1.236E+00 8.810E+09 2.551E-03 5.933E-01 2.000E+05 0.000E+00 0.000E+00 1.435E+06
 5.20264040E-04   5200.1 1.645E+00 1.134E+10 2.603E-03 5.724E-01 2.000E+05 0.000E+00 0.000E+00 1.303E+06
 6.88839877E-04   5235.9 2.178E+00 1.450E+10 2.674E-03 5.547E-01 2.000E+05 0.000E+00 0.000E+00 1.194E+06
 9.06876321E-04   5271.3 2.867E+00 1.845E+10 2.767E-03 5.412E-01 2.000E+05 0.000E+00 0.000E+00 1.103E+06
 1.18645516E-03   5306.7 3.751E+00 2.337E+10 2.892E-03 5.320E-01 2.000E+05 0.000E+00 0.000E+00 1.029E+06
 1.54108819E-03   5342.8 4.873E+00 2.950E+10 3.058E-03 5.260E-01 2.000E+05 0.000E+00 0.000E+00 9.688E+05
 1.98546518E-03   5379.8 6.278E+00 3.713E+10 3.274E-03 5.220E-01 2.000E+05 0.000E+00 0.000E+00 9.199E+05
 2.53508450E-03   5418.1 8.015E+00 4.663E+10 3.552E-03 5.194E-01 2.000E+05 0.000E+00 0.000E+00 8.805E+05
 3.20644038E-03   5457.6 1.014E+01 5.837E+10 3.900E-03 5.176E-01 2.000E+05 0.000E+00 0.000E+00 8.491E+05
 4.01729822E-03   5498.2 1.270E+01 7.282E+10 4.328E-03 5.171E-01 2.000E+05 0.000E+00 0.000E+00 8.242E+05
 4.98719424E-03   5539.5 1.577E+01 9.046E+10 4.844E-03 5.170E-01 2.000E+05 0.000E+00 0.000E+00 8.046E+05
 6.13863416E-03   5581.4 1.941E+01 1.119E+11 5.458E-03 5.170E-01 2.000E+05 0.000E+00 0.000E+00 7.891E+05
 7.49740452E-03   5623.7 2.371E+01 1.377E+11 6.183E-03 5.176E-01 2.000E+05 0.000E+00 0.000E+00 7.770E+05
 9.09327592E-03   5666.1 2.875E+01 1.687E+11 7.034E-03 5.188E-01 2.000E+05 0.000E+00 0.000E+00 7.676E+05
 1.09610897E-02   5708.6 3.466E+01 2.057E+11 8.025E-03 5.213E-01 2.000E+05 0.000E+00 0.000E+00 7.603E+05
 1.31413456E-02   5751.1 4.155E+01 2.499E+11 9.178E-03 5.252E-01 2.000E+05 0.000E+00 0.000E+00 7.547E+05
 1.56815128E-02   5793.4 4.958E+01 3.022E+11 1.051E-02 5.315E-01 2.000E+05 0.000E+00 0.000E+00 7.505E+05
 1.86368374E-02   5835.7 5.893E+01 3.641E+11 1.206E-02 5.393E-01 2.000E+05 0.000E+00 0.000E+00 7.474E+05
 2.20717134E-02   5877.9 6.979E+01 4.372E+11 1.384E-02 5.489E-01 2.000E+05 0.000E+00 0.000E+00 7.452E+05
 2.60607068E-02   5920.2 8.240E+01 5.236E+11 1.590E-02 5.604E-01 2.000E+05 0.000E+00 0.000E+00 7.437E+05
 3.06922140E-02   5962.0 9.704E+01 6.249E+11 1.825E-02 5.733E-01 2.000E+05 0.000E+00 0.000E+00 7.429E+05
 3.60707421E-02   6003.7 1.140E+02 7.437E+11 2.096E-02 5.897E-01 2.000E+05 0.000E+00 0.000E+00 7.425E+05
 4.23190690E-02   6045.0 1.338E+02 8.824E+11 2.405E-02 6.087E-01 2.000E+05 0.000E+00 0.000E+00 7.426E+05
 4.95845903E-02   6085.8 1.568E+02 1.044E+12 2.757E-02 6.307E-01 2.000E+05 0.000E+00 0.000E+00 7.431E+05
 5.80433350E-02   6125.9 1.835E+02 1.231E+12 3.155E-02 6.561E-01 2.000E+05 0.000E+00 0.000E+00 7.439E+05
 6.79047864E-02   6165.4 2.147E+02 1.448E+12 3.607E-02 6.856E-01 2.000E+05 0.000E+00 0.000E+00 7.449E+05
 7.94144101E-02   6204.2 2.511E+02 1.699E+12 4.119E-02 7.208E-01 2.000E+05 0.000E+00 0.000E+00 7.462E+05
 9.28551144E-02   6243.0 2.936E+02 1.991E+12 4.704E-02 7.617E-01 2.000E+05 0.000E+00 0.000E+00 7.477E+05
 1.08549505E-01   6281.9 3.432E+02 2.331E+12 5.373E-02 8.094E-01 2.000E+05 0.000E+00 0.000E+00 7.494E+05
 1.26869933E-01   6321.0 4.011E+02 2.728E+12 6.139E-02 8.644E-01 2.000E+05 0.000E+00 0.000E+00 7.512E+05
 1.48247801E-01   6360.5 4.687E+02 3.192E+12 7.017E-02 9.275E-01 2.000E+05 0.000E+00 0.000E+00 7.462E+05
 1.73180106E-01   6400.6 5.475E+02 3.734E+12 8.026E-02 1.000E+00 2.000E+05 0.000E+00 0.000E+00 7.552E+05
 2.02237080E-01   6441.5 6.394E+02 4.369E+12 9.188E-02 1.085E+00 2.000E+05 0.000E+00 0.000E+00 7.573E+05
 2.36054373E-01   6483.6 7.463E+02 5.118E+12 1.054E-01 1.185E+00 2.000E+05 0.000E+00 0.000E+00 7.596E+05
 2.75326061E-01   6527.6 8.704E+02 6.010E+12 1.212E-01 1.305E+00 2.000E+05 0.000E+00 0.000E+00 7.619E+05
 3.20768151E-01   6574.7 1.014E+03 7.084E+12 1.400E-01 1.451E+00 2.000E+05 0.000E+00 0.000E+00 7.642E+05
 3.73033241E-01   6626.4 1.179E+03 8.403E+12 1.629E-01 1.635E+00 2.000E+05 0.000E+00 0.000E+00 7.665E+05
 4.32618011E-01   6684.5 1.368E+03 1.005E+13 1.916E-01 1.869E+00 2.000E+05 0.000E+00 0.000E+00 7.689E+05
 4.99785895E-01   6751.1 1.580E+03 1.216E+13 2.281E-01 2.171E+00 2.000E+05 0.000E+00 0.000E+00 7.712E+05
 5.74423429E-01   6828.8 1.816E+03 1.492E+13 2.760E-01 2.574E+00 2.000E+05 0.000E+00 0.000E+00 7.735E+05
 6.55869478E-01   6920.5 2.073E+03 1.861E+13 3.408E-01 3.125E+00 2.000E+05 0.000E+00 0.000E+00 7.759E+05
 7.42774145E-01   7029.8 2.348E+03 2.369E+13 4.314E-01 3.907E+00 2.000E+05 0.000E+00 0.000E+00 7.783E+05
 8.32921029E-01   7161.1 2.632E+03 3.089E+13 5.637E-01 5.061E+00 2.000E+05 0.000E+00 0.000E+00 7.811E+05
 9.23213704E-01   7319.4 2.917E+03 4.134E+13 7.652E-01 6.840E+00 2.000E+05 3.343E-12 1.932E+02 7.845E+05
 1.01001039E+00   7509.8 3.191E+03 5.690E+13 1.086E+00 9.702E+00 2.000E+05 7.795E-11 5.238E+02 7.893E+05
 1.08950727E+00   7738.5 3.441E+03 8.058E+13 1.623E+00 1.450E+01 2.000E+05 1.530E-09 1.341E+03 7.965E+05
 1.15843972E+00   8010.6 3.658E+03 1.171E+14 2.567E+00 2.289E+01 2.000E+05 4.664E-08 3.984E+03 8.074E+05
 1.21497921E+00   8329.3 3.835E+03 1.731E+14 4.276E+00 3.768E+01 2.000E+05 2.061E-06 1.349E+04 8.240E+05
 1.25953605E+00   8687.6 3.974E+03 2.553E+14 7.327E+00 6.321E+01 2.000E+05 1.047E-04 4.841E+04 8.480E+05
 1.29378419E+00   9099.4 4.079E+03 3.752E+14 1.283E+01 1.077E+02 2.000E+05 2.004E-03 1.277E+05 8.832E+05
 1.31983876E+00   9572.7 4.158E+03 5.412E+14 2.224E+01 1.785E+02 2.000E+05 8.203E-03 2.028E+05 9.307E+05
 1.34056619E+00  10071.7 4.219E+03 7.311E+14 3.499E+01 2.538E+02 2.000E+05 7.314E-02 4.410E+05 1.002E+06
 1.35996134E+00  10534.4 4.275E+03 8.968E+14 4.643E+01 2.945E+02 2.000E+05 1.738E-01 6.229E+05 1.073E+06
 1.38063134E+00  11008.3 4.334E+03 1.032E+15 5.480E+01 3.455E+02 2.000E+05 1.987E-01 6.966E+05 1.149E+06
 1.40569369E+00  11644.5 4.404E+03 1.140E+15 5.617E+01 4.001E+02 2.000E+05 6.348E-02 5.121E+05 1.246E+06
 1.44208743E+00  12470.7 4.505E+03 1.183E+15 4.690E+01 3.647E+02 2.000E+05 1.799E-03 1.805E+05 1.361E+06
 1.50437975E+00  13379.9 4.682E+03 1.186E+15 3.415E+01 2.671E+02 2.000E+05 6.546E-06 3.235E+04 1.485E+06
 1.62074473E+00  14353.0 5.024E+03 1.203E+15 2.438E+01 1.895E+02 2.000E+05 5.136E-08 6.935E+03 1.593E+06
 1.83418030E+00  15395.5 5.665E+03 1.276E+15 1.816E+01 1.405E+02 2.000E+05 4.312E-09 2.927E+03 1.638E+06
 2.19918862E+00  16519.8 6.773E+03 1.437E+15 1.482E+01 1.144E+02 2.000E+05 2.445E-09 2.228E+03 1.672E+06
 2.77250734E+00  17731.3 8.525E+03 1.706E+15 1.303E+01 1.005E+02 2.000E+05 6.954E-10 1.407E+03 1.750E+06
 3.61723869E+00  19039.5 1.112E+04 2.090E+15 1.207E+01 9.303E+01 2.000E+05 2.115E-12 2.039E+02 1.872E+06
 4.81242708E+00  20443.5 1.479E+04 2.602E+15 1.154E+01 8.884E+01 2.000E+05 0.000E+00 0.000E+00 2.014E+06
 6.45458470E+00  21959.2 1.983E+04 3.257E+15 1.134E+01 8.720E+01 2.000E+05 0.000E+00 0.000E+00 2.144E+06
 8.65901551E+00  23583.9 2.662E+04 4.074E+15 1.135E+01 8.465E+01 2.000E+05 0.000E+00 0.000E+00 2.253E+06
PRADK 5.4813E+00
BEGIN                    ITERATION  15 COMPLETED
