TEFF   6500.  GRAVITY 1.50000 LTE 
TITLE  [-0.5a] N(He)/Ntot=0.0784 VTURB=2.0  L/H=1.25 ODFNEW                     
 OPACITY IFOP 1 1 1 1 1 1 1 1 1 1 1 1 1 0 1 0 0 0 0 0
 CONVECTION ON   1.25 TURBULENCE OFF  0.00  0.00  0.00  0.00
ABUNDANCE SCALE   0.31622 ABUNDANCE CHANGE 1 0.92080 2 0.07838
 ABUNDANCE CHANGE  3 -10.94  4 -10.64  5  -9.49  6  -3.52  7  -4.12  8  -2.81
 ABUNDANCE CHANGE  9  -7.48 10  -3.56 11  -5.71 12  -4.06 13  -5.57 14  -4.09
 ABUNDANCE CHANGE 15  -6.59 16  -4.31 17  -6.54 18  -5.24 19  -6.92 20  -5.28
 ABUNDANCE CHANGE 21  -8.87 22  -6.62 23  -8.04 24  -6.37 25  -6.65 26  -4.54
 ABUNDANCE CHANGE 27  -7.12 28  -5.79 29  -7.83 30  -7.44 31  -9.16 32  -8.63
 ABUNDANCE CHANGE 33  -9.67 34  -8.63 35  -9.41 36  -8.73 37  -9.44 38  -9.07
 ABUNDANCE CHANGE 39  -9.80 40  -9.44 41 -10.62 42 -10.12 43 -20.00 44 -10.20
 ABUNDANCE CHANGE 45 -10.92 46 -10.35 47 -11.10 48 -10.27 49 -10.38 50 -10.04
 ABUNDANCE CHANGE 51 -11.04 52  -9.80 53 -10.53 54  -9.87 55 -10.91 56  -9.91
 ABUNDANCE CHANGE 57 -10.87 58 -10.46 59 -11.33 60 -10.54 61 -20.00 62 -11.03
 ABUNDANCE CHANGE 63 -11.53 64 -10.92 65 -11.69 66 -10.90 67 -11.78 68 -11.11
 ABUNDANCE CHANGE 69 -12.04 70 -10.96 71 -11.98 72 -11.16 73 -12.17 74 -10.93
 ABUNDANCE CHANGE 75 -11.76 76 -10.59 77 -10.69 78 -10.24 79 -11.03 80 -10.91
 ABUNDANCE CHANGE 81 -11.14 82 -10.09 83 -11.33 84 -20.00 85 -20.00 86 -20.00
 ABUNDANCE CHANGE 87 -20.00 88 -20.00 89 -20.00 90 -11.95 91 -20.00 92 -12.54
 ABUNDANCE CHANGE 93 -20.00 94 -20.00 95 -20.00 96 -20.00 97 -20.00 98 -20.00
 ABUNDANCE CHANGE 99 -20.00
READ DECK6 72 RHOX,T,P,XNE,ABROSS,ACCRAD,VTURB, FLXCNV,VCONV,VELSND
 4.97716680E-04   4028.1 1.572E-02 1.410E+07 2.679E-04 4.164E-02 2.000E+05 0.000E+00 0.000E+00 9.385E+06
 6.73844717E-04   4029.1 2.128E-02 1.673E+07 2.371E-04 2.963E-02 2.000E+05 0.000E+00 0.000E+00 8.178E+06
 9.37999159E-04   4032.5 2.963E-02 2.039E+07 2.119E-04 2.224E-02 2.000E+05 0.000E+00 0.000E+00 7.023E+06
 1.32166110E-03   4047.9 4.175E-02 2.639E+07 2.004E-04 2.127E-02 2.000E+05 0.000E+00 0.000E+00 5.979E+06
 1.85890936E-03   4067.7 5.873E-02 3.472E+07 1.931E-04 2.105E-02 2.000E+05 0.000E+00 0.000E+00 5.092E+06
 2.59636656E-03   4090.7 8.204E-02 4.609E+07 1.889E-04 2.073E-02 2.000E+05 0.000E+00 0.000E+00 4.351E+06
 3.59423974E-03   4116.9 1.136E-01 6.158E+07 1.874E-04 2.037E-02 2.000E+05 0.000E+00 0.000E+00 3.736E+06
 4.92686864E-03   4145.7 1.557E-01 8.254E+07 1.882E-04 1.995E-02 2.000E+05 0.000E+00 0.000E+00 3.226E+06
 6.68635138E-03   4176.6 2.113E-01 1.108E+08 1.911E-04 1.945E-02 2.000E+05 0.000E+00 0.000E+00 2.803E+06
 8.98639310E-03   4209.2 2.840E-01 1.485E+08 1.957E-04 1.891E-02 2.000E+05 0.000E+00 0.000E+00 2.451E+06
 1.19703800E-02   4242.8 3.783E-01 1.985E+08 2.018E-04 1.837E-02 2.000E+05 0.000E+00 0.000E+00 2.158E+06
 1.58180109E-02   4276.9 4.999E-01 2.640E+08 2.092E-04 1.782E-02 2.000E+05 0.000E+00 0.000E+00 1.914E+06
 2.07577328E-02   4311.0 6.560E-01 3.492E+08 2.177E-04 1.728E-02 2.000E+05 0.000E+00 0.000E+00 1.709E+06
 2.70770194E-02   4345.0 8.557E-01 4.594E+08 2.273E-04 1.678E-02 2.000E+05 0.000E+00 0.000E+00 1.537E+06
 3.51244410E-02   4379.2 1.110E+00 6.015E+08 2.387E-04 1.647E-02 2.000E+05 0.000E+00 0.000E+00 1.393E+06
 4.53035080E-02   4413.7 1.432E+00 7.847E+08 2.526E-04 1.644E-02 2.000E+05 0.000E+00 0.000E+00 1.273E+06
 5.80730813E-02   4449.3 1.835E+00 1.022E+09 2.697E-04 1.644E-02 2.000E+05 0.000E+00 0.000E+00 1.173E+06
 7.39516187E-02   4485.9 2.337E+00 1.328E+09 2.905E-04 1.646E-02 2.000E+05 0.000E+00 0.000E+00 1.091E+06
 9.35214370E-02   4523.3 2.956E+00 1.722E+09 3.156E-04 1.649E-02 2.000E+05 0.000E+00 0.000E+00 1.023E+06
 1.17432161E-01   4561.5 3.712E+00 2.224E+09 3.458E-04 1.658E-02 2.000E+05 0.000E+00 0.000E+00 9.677E+05
 1.46472464E-01   4600.1 4.629E+00 2.862E+09 3.802E-04 1.628E-02 2.000E+05 0.000E+00 0.000E+00 9.227E+05
 1.81629297E-01   4638.4 5.741E+00 3.660E+09 4.196E-04 1.588E-02 2.000E+05 0.000E+00 0.000E+00 8.861E+05
 2.24019842E-01   4676.4 7.080E+00 4.652E+09 4.650E-04 1.551E-02 2.000E+05 0.000E+00 0.000E+00 8.563E+05
 2.74904916E-01   4714.0 8.689E+00 5.880E+09 5.177E-04 1.518E-02 2.000E+05 0.000E+00 0.000E+00 8.323E+05
 3.35712612E-01   4751.5 1.061E+01 7.394E+09 5.790E-04 1.491E-02 2.000E+05 0.000E+00 0.000E+00 8.129E+05
 4.08048861E-01   4788.8 1.290E+01 9.256E+09 6.506E-04 1.470E-02 2.000E+05 0.000E+00 0.000E+00 7.973E+05
 4.93651604E-01   4825.5 1.560E+01 1.152E+10 7.351E-04 1.479E-02 2.000E+05 0.000E+00 0.000E+00 7.849E+05
 5.94435268E-01   4862.6 1.879E+01 1.429E+10 8.344E-04 1.493E-02 2.000E+05 0.000E+00 0.000E+00 7.751E+05
 7.12599116E-01   4899.8 2.252E+01 1.766E+10 9.506E-04 1.510E-02 2.000E+05 0.000E+00 0.000E+00 7.673E+05
 8.50705074E-01   4937.0 2.689E+01 2.174E+10 1.086E-03 1.533E-02 2.000E+05 0.000E+00 0.000E+00 7.612E+05
 1.01170925E+00   4974.1 3.198E+01 2.668E+10 1.244E-03 1.560E-02 2.000E+05 0.000E+00 0.000E+00 7.565E+05
 1.19905981E+00   5011.0 3.790E+01 3.259E+10 1.426E-03 1.598E-02 2.000E+05 0.000E+00 0.000E+00 7.530E+05
 1.41673278E+00   5047.6 4.478E+01 3.966E+10 1.638E-03 1.646E-02 2.000E+05 0.000E+00 0.000E+00 7.503E+05
 1.66933633E+00   5084.0 5.276E+01 4.810E+10 1.883E-03 1.704E-02 2.000E+05 0.000E+00 0.000E+00 7.484E+05
 1.96230063E+00   5120.2 6.202E+01 5.813E+10 2.166E-03 1.771E-02 2.000E+05 0.000E+00 0.000E+00 7.471E+05
 2.30204012E+00   5155.8 7.276E+01 7.000E+10 2.490E-03 1.851E-02 2.000E+05 0.000E+00 0.000E+00 7.464E+05
 2.69604699E+00   5191.2 8.521E+01 8.402E+10 2.863E-03 1.946E-02 2.000E+05 0.000E+00 0.000E+00 7.460E+05
 3.15306993E+00   5226.2 9.965E+01 1.006E+11 3.292E-03 2.058E-02 2.000E+05 0.000E+00 0.000E+00 7.460E+05
 3.68295881E+00   5261.2 1.164E+02 1.201E+11 3.787E-03 2.197E-02 2.000E+05 0.000E+00 0.000E+00 7.464E+05
 4.29673161E+00   5296.6 1.358E+02 1.434E+11 4.363E-03 2.361E-02 2.000E+05 0.000E+00 0.000E+00 7.470E+05
 5.00670136E+00   5332.7 1.582E+02 1.712E+11 5.034E-03 2.557E-02 2.000E+05 0.000E+00 0.000E+00 7.478E+05
 5.82612140E+00   5370.1 1.841E+02 2.046E+11 5.825E-03 2.792E-02 2.000E+05 0.000E+00 0.000E+00 7.488E+05
 6.76869140E+00   5409.2 2.139E+02 2.452E+11 6.767E-03 3.082E-02 2.000E+05 0.000E+00 0.000E+00 7.500E+05
 7.84748730E+00   5451.4 2.480E+02 2.954E+11 7.908E-03 3.440E-02 2.000E+05 0.000E+00 0.000E+00 7.513E+05
 9.07410134E+00   5497.4 2.867E+02 3.583E+11 9.310E-03 3.887E-02 2.000E+05 0.000E+00 0.000E+00 7.528E+05
 1.04566381E+01   5549.1 3.304E+02 4.392E+11 1.107E-02 4.460E-02 2.000E+05 0.000E+00 0.000E+00 7.544E+05
 1.19965721E+01   5608.0 3.790E+02 5.456E+11 1.335E-02 5.208E-02 2.000E+05 0.000E+00 0.000E+00 7.560E+05
 1.36867798E+01   5676.3 4.324E+02 6.894E+11 1.635E-02 6.202E-02 2.000E+05 0.000E+00 0.000E+00 7.576E+05
 1.55090093E+01   5756.3 4.899E+02 8.891E+11 2.043E-02 7.559E-02 2.000E+05 0.000E+00 0.000E+00 7.591E+05
 1.74292413E+01   5851.0 5.504E+02 1.175E+12 2.620E-02 9.500E-02 2.000E+05 0.000E+00 0.000E+00 7.603E+05
 1.93977048E+01   5963.8 6.125E+02 1.599E+12 3.459E-02 1.234E-01 2.000E+05 0.000E+00 0.000E+00 7.612E+05
 2.13527781E+01   6098.3 6.740E+02 2.247E+12 4.728E-02 1.665E-01 2.000E+05 0.000E+00 0.000E+00 7.614E+05
 2.32212339E+01   6259.5 7.327E+02 3.273E+12 6.743E-02 2.359E-01 2.000E+05 4.116E-14 5.808E+01 7.610E+05
 2.49249323E+01   6453.1 7.861E+02 4.960E+12 1.012E-01 3.539E-01 2.000E+05 2.950E-12 2.297E+02 7.603E+05
 2.63922510E+01   6686.4 8.318E+02 7.837E+12 1.619E-01 5.698E-01 2.000E+05 1.618E-10 8.254E+02 7.602E+05
 2.75674260E+01   6968.8 8.681E+02 1.294E+13 2.805E-01 1.001E+00 2.000E+05 1.236E-08 3.290E+03 7.629E+05
 2.84311689E+01   7305.9 8.942E+02 2.212E+13 5.306E-01 1.930E+00 2.000E+05 1.610E-06 1.562E+04 7.713E+05
 2.90068981E+01   7710.2 9.108E+02 3.892E+13 1.111E+00 4.147E+00 2.000E+05 2.388E-04 7.793E+04 7.897E+05
 2.93498934E+01   8200.1 9.194E+02 6.966E+13 2.581E+00 9.405E+00 2.000E+05 2.370E-03 1.597E+05 8.248E+05
 2.95533214E+01   8689.9 9.233E+02 1.121E+14 5.450E+00 1.615E+01 2.000E+05 1.338E-01 6.102E+05 8.754E+05
 2.97035895E+01   9043.8 9.255E+02 1.481E+14 8.587E+00 1.694E+01 2.000E+05 4.219E-01 9.406E+05 9.226E+05
 2.98441653E+01   9304.8 9.277E+02 1.754E+14 1.139E+01 1.520E+01 2.000E+05 5.857E-01 1.067E+06 9.629E+05
 2.99915401E+01   9540.1 9.302E+02 1.990E+14 1.400E+01 1.400E+01 2.000E+05 6.899E-01 1.155E+06 1.002E+06
 3.01551112E+01   9778.4 9.331E+02 2.207E+14 1.651E+01 1.410E+01 2.000E+05 7.495E-01 1.239E+06 1.044E+06
 3.03431431E+01  10053.4 9.363E+02 2.415E+14 1.884E+01 1.468E+01 2.000E+05 7.561E-01 1.263E+06 1.094E+06
 3.05692912E+01  10360.4 9.396E+02 2.584E+14 2.021E+01 2.063E+01 2.000E+05 7.391E-01 1.404E+06 1.148E+06
 3.08668759E+01  11065.6 9.403E+02 2.730E+14 1.918E+01 3.813E+01 2.000E+05 4.016E-01 1.260E+06 1.263E+06
 3.13862349E+01  12443.1 9.377E+02 2.580E+14 1.128E+01 3.445E+01 2.000E+05 6.312E-04 1.901E+05 1.488E+06
 3.26967209E+01  13974.8 9.442E+02 2.346E+14 5.640E+00 1.899E+01 2.000E+05 2.890E-06 3.469E+04 1.623E+06
 3.58686547E+01  15469.9 9.971E+02 2.277E+14 3.575E+00 1.200E+01 2.000E+05 2.712E-07 1.506E+04 1.688E+06
 4.19572697E+01  16946.5 1.127E+03 2.387E+14 2.718E+00 9.072E+00 2.000E+05 5.850E-09 4.441E+03 1.877E+06
 5.20063015E+01  18452.7 1.361E+03 2.661E+14 2.260E+00 7.636E+00 2.000E+05 8.821E-10 2.410E+03 2.071E+06
PRADK 2.3882E+00
BEGIN                    ITERATION  15 COMPLETED
