TEFF   7000.  GRAVITY 1.00000 LTE 
TITLE  [-0.5a] N(He)/Ntot=0.0784 VTURB=2.0  L/H=1.25 ODFNEW                     
 OPACITY IFOP 1 1 1 1 1 1 1 1 1 1 1 1 1 0 1 0 0 0 0 0
 CONVECTION ON   1.25 TURBULENCE OFF  0.00  0.00  0.00  0.00
ABUNDANCE SCALE   0.31622 ABUNDANCE CHANGE 1 0.92080 2 0.07838
 ABUNDANCE CHANGE  3 -10.94  4 -10.64  5  -9.49  6  -3.52  7  -4.12  8  -2.81
 ABUNDANCE CHANGE  9  -7.48 10  -3.56 11  -5.71 12  -4.06 13  -5.57 14  -4.09
 ABUNDANCE CHANGE 15  -6.59 16  -4.31 17  -6.54 18  -5.24 19  -6.92 20  -5.28
 ABUNDANCE CHANGE 21  -8.87 22  -6.62 23  -8.04 24  -6.37 25  -6.65 26  -4.54
 ABUNDANCE CHANGE 27  -7.12 28  -5.79 29  -7.83 30  -7.44 31  -9.16 32  -8.63
 ABUNDANCE CHANGE 33  -9.67 34  -8.63 35  -9.41 36  -8.73 37  -9.44 38  -9.07
 ABUNDANCE CHANGE 39  -9.80 40  -9.44 41 -10.62 42 -10.12 43 -20.00 44 -10.20
 ABUNDANCE CHANGE 45 -10.92 46 -10.35 47 -11.10 48 -10.27 49 -10.38 50 -10.04
 ABUNDANCE CHANGE 51 -11.04 52  -9.80 53 -10.53 54  -9.87 55 -10.91 56  -9.91
 ABUNDANCE CHANGE 57 -10.87 58 -10.46 59 -11.33 60 -10.54 61 -20.00 62 -11.03
 ABUNDANCE CHANGE 63 -11.53 64 -10.92 65 -11.69 66 -10.90 67 -11.78 68 -11.11
 ABUNDANCE CHANGE 69 -12.04 70 -10.96 71 -11.98 72 -11.16 73 -12.17 74 -10.93
 ABUNDANCE CHANGE 75 -11.76 76 -10.59 77 -10.69 78 -10.24 79 -11.03 80 -10.91
 ABUNDANCE CHANGE 81 -11.14 82 -10.09 83 -11.33 84 -20.00 85 -20.00 86 -20.00
 ABUNDANCE CHANGE 87 -20.00 88 -20.00 89 -20.00 90 -11.95 91 -20.00 92 -12.54
 ABUNDANCE CHANGE 93 -20.00 94 -20.00 95 -20.00 96 -20.00 97 -20.00 98 -20.00
 ABUNDANCE CHANGE 99 -20.00
READ DECK6 72 RHOX,T,P,XNE,ABROSS,ACCRAD,VTURB, FLXCNV,VCONV,VELSND
 1.35839957E-04   4121.2 1.351E-03 5.889E+06 9.817E-04 5.482E-02 2.000E+05 0.000E+00 0.000E+00 2.836E+07
 1.82537108E-04   4136.0 1.815E-03 7.330E+06 9.232E-04 5.422E-02 2.000E+05 0.000E+00 0.000E+00 2.501E+07
 2.48626874E-04   4152.9 2.473E-03 9.275E+06 8.716E-04 5.293E-02 2.000E+05 0.000E+00 0.000E+00 2.189E+07
 3.41625458E-04   4172.5 3.398E-03 1.192E+07 8.293E-04 5.138E-02 2.000E+05 0.000E+00 0.000E+00 1.904E+07
 4.71715405E-04   4194.4 4.692E-03 1.552E+07 7.949E-04 4.968E-02 2.000E+05 0.000E+00 0.000E+00 1.649E+07
 6.52232131E-04   4217.8 6.489E-03 2.030E+07 7.655E-04 4.803E-02 2.000E+05 0.000E+00 0.000E+00 1.426E+07
 9.01691104E-04   4242.2 8.971E-03 2.666E+07 7.401E-04 4.657E-02 2.000E+05 0.000E+00 0.000E+00 1.232E+07
 1.24501211E-03   4267.7 1.239E-02 3.511E+07 7.187E-04 4.530E-02 2.000E+05 0.000E+00 0.000E+00 1.064E+07
 1.71506959E-03   4294.6 1.707E-02 4.639E+07 7.021E-04 4.424E-02 2.000E+05 0.000E+00 0.000E+00 9.187E+06
 2.35410016E-03   4323.5 2.343E-02 6.160E+07 6.914E-04 4.333E-02 2.000E+05 0.000E+00 0.000E+00 7.937E+06
 3.21503818E-03   4354.7 3.200E-02 8.220E+07 6.878E-04 4.250E-02 2.000E+05 0.000E+00 0.000E+00 6.864E+06
 4.36119981E-03   4388.9 4.342E-02 1.104E+08 6.933E-04 4.198E-02 2.000E+05 0.000E+00 0.000E+00 5.944E+06
 5.86833582E-03   4425.4 5.842E-02 1.488E+08 7.068E-04 4.156E-02 2.000E+05 0.000E+00 0.000E+00 5.162E+06
 7.82993806E-03   4463.9 7.796E-02 2.007E+08 7.272E-04 4.109E-02 2.000E+05 0.000E+00 0.000E+00 4.497E+06
 1.03626576E-02   4504.0 1.032E-01 2.703E+08 7.538E-04 4.056E-02 2.000E+05 0.000E+00 0.000E+00 3.932E+06
 1.36111387E-02   4544.9 1.355E-01 3.631E+08 7.855E-04 3.999E-02 2.000E+05 0.000E+00 0.000E+00 3.452E+06
 1.77641033E-02   4586.2 1.769E-01 4.854E+08 8.196E-04 3.891E-02 2.000E+05 0.000E+00 0.000E+00 3.042E+06
 2.30773346E-02   4627.1 2.298E-01 6.446E+08 8.532E-04 3.708E-02 2.000E+05 0.000E+00 0.000E+00 2.692E+06
 2.98904531E-02   4667.2 2.977E-01 8.502E+08 8.865E-04 3.543E-02 2.000E+05 0.000E+00 0.000E+00 2.392E+06
 3.86380262E-02   4706.9 3.849E-01 1.116E+09 9.206E-04 3.401E-02 2.000E+05 0.000E+00 0.000E+00 2.133E+06
 4.98669806E-02   4746.6 4.968E-01 1.461E+09 9.570E-04 3.278E-02 2.000E+05 0.000E+00 0.000E+00 1.910E+06
 6.42536672E-02   4786.8 6.402E-01 1.909E+09 9.977E-04 3.170E-02 2.000E+05 0.000E+00 0.000E+00 1.717E+06
 8.26004732E-02   4827.7 8.231E-01 2.492E+09 1.046E-03 3.124E-02 2.000E+05 0.000E+00 0.000E+00 1.551E+06
 1.05838717E-01   4870.0 1.055E+00 3.254E+09 1.106E-03 3.088E-02 2.000E+05 0.000E+00 0.000E+00 1.410E+06
 1.35055772E-01   4913.5 1.346E+00 4.247E+09 1.177E-03 3.064E-02 2.000E+05 0.000E+00 0.000E+00 1.289E+06
 1.71515728E-01   4958.0 1.710E+00 5.536E+09 1.262E-03 3.047E-02 2.000E+05 0.000E+00 0.000E+00 1.188E+06
 2.16677001E-01   5003.5 2.160E+00 7.197E+09 1.364E-03 3.040E-02 2.000E+05 0.000E+00 0.000E+00 1.103E+06
 2.72205871E-01   5049.7 2.713E+00 9.329E+09 1.484E-03 3.045E-02 2.000E+05 0.000E+00 0.000E+00 1.033E+06
 3.39958057E-01   5096.7 3.389E+00 1.206E+10 1.629E-03 3.065E-02 2.000E+05 0.000E+00 0.000E+00 9.743E+05
 4.21990142E-01   5144.6 4.207E+00 1.553E+10 1.800E-03 3.098E-02 2.000E+05 0.000E+00 0.000E+00 9.264E+05
 5.20588543E-01   5193.0 5.190E+00 1.993E+10 2.004E-03 3.141E-02 2.000E+05 0.000E+00 0.000E+00 8.872E+05
 6.38341065E-01   5241.7 6.363E+00 2.544E+10 2.243E-03 3.193E-02 2.000E+05 0.000E+00 0.000E+00 8.553E+05
 7.78294686E-01   5290.0 7.758E+00 3.226E+10 2.522E-03 3.256E-02 2.000E+05 0.000E+00 0.000E+00 8.295E+05
 9.44090709E-01   5337.7 9.411E+00 4.064E+10 2.842E-03 3.334E-02 2.000E+05 0.000E+00 0.000E+00 8.088E+05
 1.14010484E+00   5384.2 1.136E+01 5.082E+10 3.208E-03 3.435E-02 2.000E+05 0.000E+00 0.000E+00 7.922E+05
 1.37149890E+00   5429.8 1.367E+01 6.311E+10 3.626E-03 3.563E-02 2.000E+05 0.000E+00 0.000E+00 7.789E+05
 1.64420027E+00   5474.7 1.639E+01 7.793E+10 4.107E-03 3.720E-02 2.000E+05 0.000E+00 0.000E+00 7.683E+05
 1.96499407E+00   5518.9 1.958E+01 9.575E+10 4.660E-03 3.909E-02 2.000E+05 0.000E+00 0.000E+00 7.599E+05
 2.34169144E+00   5562.6 2.333E+01 1.171E+11 5.296E-03 4.136E-02 2.000E+05 0.000E+00 0.000E+00 7.534E+05
 2.78317220E+00   5606.2 2.773E+01 1.427E+11 6.033E-03 4.411E-02 2.000E+05 0.000E+00 0.000E+00 7.483E+05
 3.29924482E+00   5649.9 3.287E+01 1.735E+11 6.892E-03 4.744E-02 2.000E+05 0.000E+00 0.000E+00 7.444E+05
 3.90046922E+00   5694.5 3.885E+01 2.107E+11 7.907E-03 5.157E-02 2.000E+05 0.000E+00 0.000E+00 7.415E+05
 4.59734902E+00   5740.9 4.578E+01 2.562E+11 9.124E-03 5.667E-02 2.000E+05 0.000E+00 0.000E+00 7.393E+05
 5.39957538E+00   5790.2 5.376E+01 3.125E+11 1.061E-02 6.311E-02 2.000E+05 0.000E+00 0.000E+00 7.378E+05
 6.31476737E+00   5843.8 6.285E+01 3.833E+11 1.247E-02 7.136E-02 2.000E+05 0.000E+00 0.000E+00 7.367E+05
 7.34670045E+00   5903.4 7.309E+01 4.744E+11 1.485E-02 8.211E-02 2.000E+05 0.000E+00 0.000E+00 7.360E+05
 8.49328308E+00   5970.8 8.445E+01 5.939E+11 1.797E-02 9.646E-02 2.000E+05 0.000E+00 0.000E+00 7.356E+05
 9.74414605E+00   6048.6 9.683E+01 7.548E+11 2.219E-02 1.162E-01 2.000E+05 0.000E+00 0.000E+00 7.353E+05
 1.10779200E+01   6139.7 1.100E+02 9.777E+11 2.812E-02 1.443E-01 2.000E+05 0.000E+00 0.000E+00 7.353E+05
 1.24592964E+01   6247.8 1.236E+02 1.296E+12 3.683E-02 1.863E-01 2.000E+05 0.000E+00 0.000E+00 7.356E+05
 1.38384395E+01   6377.6 1.371E+02 1.768E+12 5.023E-02 2.520E-01 2.000E+05 8.403E-17 1.249E+01 7.365E+05
 1.51548963E+01   6534.2 1.498E+02 2.490E+12 7.199E-02 3.604E-01 2.000E+05 3.112E-15 3.935E+01 7.387E+05
 1.63430792E+01   6724.3 1.612E+02 3.631E+12 1.098E-01 5.517E-01 2.000E+05 8.825E-14 1.133E+02 7.432E+05
 1.73439878E+01   6954.8 1.705E+02 5.491E+12 1.804E-01 9.137E-01 2.000E+05 4.443E-12 3.958E+02 7.517E+05
 1.81229328E+01   7232.1 1.773E+02 8.560E+12 3.214E-01 1.640E+00 2.000E+05 4.250E-10 1.725E+03 7.667E+05
 1.86827715E+01   7559.5 1.816E+02 1.355E+13 6.164E-01 3.153E+00 2.000E+05 6.594E-08 8.973E+03 7.917E+05
 1.90613204E+01   7938.2 1.837E+02 2.126E+13 1.236E+00 6.253E+00 2.000E+05 1.154E-05 4.987E+04 8.317E+05
 1.93150607E+01   8360.5 1.841E+02 3.175E+13 2.417E+00 1.192E+01 2.000E+05 3.467E-04 1.594E+05 8.921E+05
 1.94956451E+01   8821.5 1.830E+02 4.333E+13 4.216E+00 2.017E+01 2.000E+05 2.554E-03 3.309E+05 9.772E+05
 1.96510160E+01   9323.3 1.808E+02 5.249E+13 5.965E+00 2.782E+01 2.000E+05 1.542E-03 3.094E+05 1.083E+06
 1.98182236E+01   9874.0 1.776E+02 5.631E+13 6.461E+00 2.963E+01 2.000E+05 6.653E-04 2.695E+05 1.198E+06
 2.00517829E+01  10479.4 1.735E+02 5.530E+13 5.583E+00 2.534E+01 2.000E+05 1.809E-05 9.677E+04 1.332E+06
 2.04344727E+01  11145.8 1.689E+02 5.185E+13 4.253E+00 1.930E+01 2.000E+05 1.887E-07 2.466E+04 1.499E+06
 2.11337479E+01  11881.2 1.645E+02 4.783E+13 3.030E+00 1.371E+01 2.000E+05 7.030E-09 8.916E+03 1.657E+06
 2.24512064E+01  12693.2 1.626E+02 4.447E+13 2.148E+00 9.719E+00 2.000E+05 8.711E-10 4.528E+03 1.760E+06
 2.48548153E+01  13576.7 1.665E+02 4.292E+13 1.627E+00 7.366E+00 2.000E+05 3.378E-10 3.245E+03 1.826E+06
 2.88976558E+01  14541.9 1.801E+02 4.396E+13 1.346E+00 6.082E+00 2.000E+05 1.386E-10 2.399E+03 1.950E+06
 3.52121507E+01  15583.8 2.075E+02 4.782E+13 1.181E+00 5.335E+00 2.000E+05 2.158E-11 1.299E+03 2.153E+06
 4.45911271E+01  16715.7 2.537E+02 5.476E+13 1.082E+00 4.887E+00 2.000E+05 1.830E-12 5.574E+02 2.335E+06
 5.79528024E+01  17933.2 3.237E+02 6.524E+13 1.030E+00 4.662E+00 2.000E+05 8.228E-15 8.741E+01 2.465E+06
 7.64427592E+01  19252.9 4.237E+02 7.960E+13 1.002E+00 4.523E+00 2.000E+05 0.000E+00 0.000E+00 2.570E+06
 1.01624652E+02  20667.7 5.638E+02 9.870E+13 9.846E-01 4.350E+00 2.000E+05 7.958E-12 7.553E+02 2.663E+06
PRADK 3.2165E+00
BEGIN                    ITERATION  15 COMPLETED
