TEFF   7500.  GRAVITY 2.00000 LTE 
TITLE  [-0.5a] N(He)/Ntot=0.0784 VTURB=2.0  L/H=1.25 ODFNEW                     
 OPACITY IFOP 1 1 1 1 1 1 1 1 1 1 1 1 1 0 1 0 0 0 0 0
 CONVECTION ON   1.25 TURBULENCE OFF  0.00  0.00  0.00  0.00
ABUNDANCE SCALE   0.31622 ABUNDANCE CHANGE 1 0.92080 2 0.07838
 ABUNDANCE CHANGE  3 -10.94  4 -10.64  5  -9.49  6  -3.52  7  -4.12  8  -2.81
 ABUNDANCE CHANGE  9  -7.48 10  -3.56 11  -5.71 12  -4.06 13  -5.57 14  -4.09
 ABUNDANCE CHANGE 15  -6.59 16  -4.31 17  -6.54 18  -5.24 19  -6.92 20  -5.28
 ABUNDANCE CHANGE 21  -8.87 22  -6.62 23  -8.04 24  -6.37 25  -6.65 26  -4.54
 ABUNDANCE CHANGE 27  -7.12 28  -5.79 29  -7.83 30  -7.44 31  -9.16 32  -8.63
 ABUNDANCE CHANGE 33  -9.67 34  -8.63 35  -9.41 36  -8.73 37  -9.44 38  -9.07
 ABUNDANCE CHANGE 39  -9.80 40  -9.44 41 -10.62 42 -10.12 43 -20.00 44 -10.20
 ABUNDANCE CHANGE 45 -10.92 46 -10.35 47 -11.10 48 -10.27 49 -10.38 50 -10.04
 ABUNDANCE CHANGE 51 -11.04 52  -9.80 53 -10.53 54  -9.87 55 -10.91 56  -9.91
 ABUNDANCE CHANGE 57 -10.87 58 -10.46 59 -11.33 60 -10.54 61 -20.00 62 -11.03
 ABUNDANCE CHANGE 63 -11.53 64 -10.92 65 -11.69 66 -10.90 67 -11.78 68 -11.11
 ABUNDANCE CHANGE 69 -12.04 70 -10.96 71 -11.98 72 -11.16 73 -12.17 74 -10.93
 ABUNDANCE CHANGE 75 -11.76 76 -10.59 77 -10.69 78 -10.24 79 -11.03 80 -10.91
 ABUNDANCE CHANGE 81 -11.14 82 -10.09 83 -11.33 84 -20.00 85 -20.00 86 -20.00
 ABUNDANCE CHANGE 87 -20.00 88 -20.00 89 -20.00 90 -11.95 91 -20.00 92 -12.54
 ABUNDANCE CHANGE 93 -20.00 94 -20.00 95 -20.00 96 -20.00 97 -20.00 98 -20.00
 ABUNDANCE CHANGE 99 -20.00
READ DECK6 72 RHOX,T,P,XNE,ABROSS,ACCRAD,VTURB, FLXCNV,VCONV,VELSND
 6.67990968E-05   4460.7 6.667E-03 5.622E+07 1.996E-03 1.978E-01 2.000E+05 0.000E+00 0.000E+00 1.290E+07
 8.95962795E-05   4481.8 8.943E-03 7.093E+07 1.905E-03 1.953E-01 2.000E+05 0.000E+00 0.000E+00 1.140E+07
 1.21472129E-04   4503.8 1.212E-02 9.020E+07 1.816E-03 1.909E-01 2.000E+05 0.000E+00 0.000E+00 1.002E+07
 1.65911389E-04   4528.7 1.656E-02 1.164E+08 1.744E-03 1.859E-01 2.000E+05 0.000E+00 0.000E+00 8.765E+06
 2.27480651E-04   4556.1 2.271E-02 1.516E+08 1.686E-03 1.807E-01 2.000E+05 0.000E+00 0.000E+00 7.639E+06
 3.12203278E-04   4584.8 3.116E-02 1.984E+08 1.637E-03 1.736E-01 2.000E+05 0.000E+00 0.000E+00 6.650E+06
 4.28548119E-04   4614.1 4.278E-02 2.599E+08 1.590E-03 1.647E-01 2.000E+05 0.000E+00 0.000E+00 5.788E+06
 5.88183981E-04   4643.6 5.872E-02 3.404E+08 1.546E-03 1.565E-01 2.000E+05 0.000E+00 0.000E+00 5.040E+06
 8.07132104E-04   4673.3 8.058E-02 4.452E+08 1.503E-03 1.493E-01 2.000E+05 0.000E+00 0.000E+00 4.391E+06
 1.10716928E-03   4703.4 1.105E-01 5.822E+08 1.464E-03 1.434E-01 2.000E+05 0.000E+00 0.000E+00 3.830E+06
 1.51704620E-03   4734.6 1.515E-01 7.629E+08 1.433E-03 1.386E-01 2.000E+05 0.000E+00 0.000E+00 3.342E+06
 2.07352551E-03   4767.6 2.071E-01 1.003E+09 1.413E-03 1.344E-01 2.000E+05 0.000E+00 0.000E+00 2.921E+06
 2.82155210E-03   4803.3 2.818E-01 1.326E+09 1.410E-03 1.313E-01 2.000E+05 0.000E+00 0.000E+00 2.557E+06
 3.81345619E-03   4842.1 3.808E-01 1.763E+09 1.428E-03 1.291E-01 2.000E+05 0.000E+00 0.000E+00 2.246E+06
 5.11062960E-03   4883.6 5.104E-01 2.348E+09 1.465E-03 1.269E-01 2.000E+05 0.000E+00 0.000E+00 1.983E+06
 6.78626347E-03   4927.2 6.777E-01 3.127E+09 1.521E-03 1.244E-01 2.000E+05 0.000E+00 0.000E+00 1.762E+06
 8.92766353E-03   4972.3 8.916E-01 4.154E+09 1.594E-03 1.218E-01 2.000E+05 0.000E+00 0.000E+00 1.577E+06
 1.16392527E-02   5018.2 1.162E+00 5.494E+09 1.686E-03 1.191E-01 2.000E+05 0.000E+00 0.000E+00 1.423E+06
 1.50464010E-02   5064.6 1.503E+00 7.225E+09 1.795E-03 1.166E-01 2.000E+05 0.000E+00 0.000E+00 1.295E+06
 1.93018738E-02   5110.7 1.928E+00 9.433E+09 1.921E-03 1.142E-01 2.000E+05 0.000E+00 0.000E+00 1.190E+06
 2.45908584E-02   5156.4 2.456E+00 1.223E+10 2.066E-03 1.122E-01 2.000E+05 0.000E+00 0.000E+00 1.103E+06
 3.11325264E-02   5201.7 3.110E+00 1.574E+10 2.233E-03 1.106E-01 2.000E+05 0.000E+00 0.000E+00 1.031E+06
 3.91798707E-02   5246.8 3.913E+00 2.015E+10 2.427E-03 1.098E-01 2.000E+05 0.000E+00 0.000E+00 9.725E+05
 4.90193686E-02   5291.9 4.896E+00 2.566E+10 2.655E-03 1.095E-01 2.000E+05 0.000E+00 0.000E+00 9.244E+05
 6.09687133E-02   5337.3 6.090E+00 3.254E+10 2.926E-03 1.096E-01 2.000E+05 0.000E+00 0.000E+00 8.852E+05
 7.53756812E-02   5383.1 7.529E+00 4.109E+10 3.248E-03 1.102E-01 2.000E+05 0.000E+00 0.000E+00 8.533E+05
 9.26204790E-02   5429.4 9.252E+00 5.169E+10 3.631E-03 1.114E-01 2.000E+05 0.000E+00 0.000E+00 8.276E+05
 1.13119432E-01   5476.1 1.130E+01 6.477E+10 4.086E-03 1.131E-01 2.000E+05 0.000E+00 0.000E+00 8.069E+05
 1.37337075E-01   5523.3 1.372E+01 8.083E+10 4.624E-03 1.152E-01 2.000E+05 0.000E+00 0.000E+00 7.903E+05
 1.65803931E-01   5570.6 1.656E+01 1.004E+11 5.257E-03 1.177E-01 2.000E+05 0.000E+00 0.000E+00 7.771E+05
 1.99138722E-01   5617.7 1.989E+01 1.241E+11 5.995E-03 1.206E-01 2.000E+05 0.000E+00 0.000E+00 7.666E+05
 2.38084386E-01   5664.3 2.378E+01 1.525E+11 6.847E-03 1.240E-01 2.000E+05 0.000E+00 0.000E+00 7.584E+05
 2.83546273E-01   5709.9 2.832E+01 1.863E+11 7.822E-03 1.279E-01 2.000E+05 0.000E+00 0.000E+00 7.521E+05
 3.36614143E-01   5754.6 3.362E+01 2.263E+11 8.935E-03 1.327E-01 2.000E+05 0.000E+00 0.000E+00 7.472E+05
 3.98579880E-01   5798.1 3.981E+01 2.733E+11 1.020E-02 1.387E-01 2.000E+05 0.000E+00 0.000E+00 7.436E+05
 4.70943092E-01   5840.9 4.704E+01 3.287E+11 1.165E-02 1.458E-01 2.000E+05 0.000E+00 0.000E+00 7.409E+05
 5.55416300E-01   5883.2 5.547E+01 3.940E+11 1.331E-02 1.541E-01 2.000E+05 0.000E+00 0.000E+00 7.391E+05
 6.54022044E-01   5925.1 6.532E+01 4.706E+11 1.521E-02 1.639E-01 2.000E+05 0.000E+00 0.000E+00 7.380E+05
 7.69066241E-01   5966.8 7.680E+01 5.609E+11 1.739E-02 1.754E-01 2.000E+05 0.000E+00 0.000E+00 7.374E+05
 9.03170878E-01   6008.7 9.019E+01 6.675E+11 1.991E-02 1.891E-01 2.000E+05 0.000E+00 0.000E+00 7.373E+05
 1.05915769E+00   6051.5 1.058E+02 7.944E+11 2.286E-02 2.057E-01 2.000E+05 0.000E+00 0.000E+00 7.375E+05
 1.24001523E+00   6096.1 1.238E+02 9.468E+11 2.634E-02 2.260E-01 2.000E+05 0.000E+00 0.000E+00 7.381E+05
 1.44865792E+00   6143.5 1.446E+02 1.132E+12 3.054E-02 2.509E-01 2.000E+05 0.000E+00 0.000E+00 7.389E+05
 1.68772529E+00   6194.7 1.685E+02 1.361E+12 3.569E-02 2.823E-01 2.000E+05 0.000E+00 0.000E+00 7.399E+05
 1.95912441E+00   6251.5 1.955E+02 1.648E+12 4.215E-02 3.226E-01 2.000E+05 0.000E+00 0.000E+00 7.410E+05
 2.26359327E+00   6315.5 2.259E+02 2.017E+12 5.045E-02 3.753E-01 2.000E+05 0.000E+00 0.000E+00 7.423E+05
 2.59998461E+00   6389.3 2.594E+02 2.501E+12 6.143E-02 4.462E-01 2.000E+05 0.000E+00 0.000E+00 7.436E+05
 2.96452818E+00   6475.7 2.956E+02 3.153E+12 7.644E-02 5.446E-01 2.000E+05 0.000E+00 0.000E+00 7.451E+05
 3.35009686E+00   6578.0 3.340E+02 4.057E+12 9.773E-02 6.862E-01 2.000E+05 0.000E+00 0.000E+00 7.468E+05
 3.74537170E+00   6700.7 3.732E+02 5.350E+12 1.295E-01 9.000E-01 2.000E+05 3.067E-16 1.518E+01 7.490E+05
 4.13525805E+00   6848.1 4.117E+02 7.248E+12 1.788E-01 1.236E+00 2.000E+05 2.441E-14 6.184E+01 7.523E+05
 4.50266277E+00   7025.7 4.479E+02 1.012E+13 2.596E-01 1.792E+00 2.000E+05 4.168E-13 1.508E+02 7.573E+05
 4.83016961E+00   7239.7 4.800E+02 1.456E+13 4.005E-01 2.765E+00 2.000E+05 9.610E-12 4.068E+02 7.652E+05
 5.10393122E+00   7495.8 5.064E+02 2.154E+13 6.601E-01 4.559E+00 2.000E+05 4.215E-10 1.366E+03 7.780E+05
 5.31786645E+00   7798.9 5.265E+02 3.251E+13 1.162E+00 7.979E+00 2.000E+05 3.177E-08 5.553E+03 7.979E+05
 5.47559157E+00   8149.9 5.405E+02 4.918E+13 2.145E+00 1.453E+01 2.000E+05 3.097E-06 2.504E+04 8.285E+05
 5.58872237E+00   8546.4 5.496E+02 7.277E+13 3.983E+00 2.627E+01 2.000E+05 1.839E-04 9.809E+04 8.736E+05
 5.67185711E+00   8982.9 5.551E+02 1.022E+14 6.995E+00 4.473E+01 2.000E+05 3.997E-04 1.313E+05 9.373E+05
 5.73820042E+00   9463.8 5.580E+02 1.327E+14 1.088E+01 6.747E+01 2.000E+05 2.367E-03 2.528E+05 1.022E+06
 5.80155840E+00   9988.8 5.595E+02 1.561E+14 1.390E+01 8.447E+01 2.000E+05 2.649E-03 2.875E+05 1.120E+06
 5.87621540E+00  10572.5 5.606E+02 1.670E+14 1.403E+01 8.410E+01 2.000E+05 7.149E-04 2.101E+05 1.221E+06
 5.98472006E+00  11218.1 5.630E+02 1.674E+14 1.189E+01 7.135E+01 2.000E+05 8.513E-06 5.606E+04 1.331E+06
 6.16629039E+00  11936.9 5.699E+02 1.631E+14 8.918E+00 5.330E+01 2.000E+05 4.628E-08 1.141E+04 1.463E+06
 6.49786836E+00  12727.4 5.881E+02 1.594E+14 6.447E+00 3.857E+01 2.000E+05 8.160E-10 3.199E+03 1.582E+06
 7.10877245E+00  13599.2 6.292E+02 1.606E+14 4.701E+00 2.810E+01 2.000E+05 7.250E-11 1.406E+03 1.636E+06
 8.18770590E+00  14546.9 7.106E+02 1.709E+14 3.687E+00 2.201E+01 2.000E+05 3.439E-11 1.021E+03 1.656E+06
 9.94627786E+00  15581.7 8.510E+02 1.936E+14 3.134E+00 1.869E+01 2.000E+05 1.469E-11 7.340E+02 1.723E+06
 1.26209914E+01  16697.9 1.071E+03 2.299E+14 2.818E+00 1.679E+01 2.000E+05 7.214E-13 2.676E+02 1.848E+06
 1.65297000E+01  17911.6 1.399E+03 2.815E+14 2.606E+00 1.553E+01 2.000E+05 0.000E+00 0.000E+00 1.991E+06
 2.20516828E+01  19215.2 1.868E+03 3.510E+14 2.501E+00 1.490E+01 2.000E+05 0.000E+00 0.000E+00 2.109E+06
 2.96719248E+01  20629.1 2.518E+03 4.412E+14 2.432E+00 1.446E+01 2.000E+05 0.000E+00 0.000E+00 2.205E+06
 3.99938971E+01  22144.1 3.403E+03 5.556E+14 2.414E+00 1.409E+01 2.000E+05 0.000E+00 0.000E+00 2.290E+06
PRADK 4.2362E+00
BEGIN                    ITERATION  15 COMPLETED
