TEFF   7000.  GRAVITY 5.00000 LTE 
TITLE  [-0.5a] N(He)/Ntot=0.0784 VTURB=2.0  L/H=1.25 ODFNEW                     
 OPACITY IFOP 1 1 1 1 1 1 1 1 1 1 1 1 1 0 1 0 0 0 0 0
 CONVECTION ON   1.25 TURBULENCE OFF  0.00  0.00  0.00  0.00
ABUNDANCE SCALE   0.31622 ABUNDANCE CHANGE 1 0.92080 2 0.07838
 ABUNDANCE CHANGE  3 -10.94  4 -10.64  5  -9.49  6  -3.52  7  -4.12  8  -2.81
 ABUNDANCE CHANGE  9  -7.48 10  -3.56 11  -5.71 12  -4.06 13  -5.57 14  -4.09
 ABUNDANCE CHANGE 15  -6.59 16  -4.31 17  -6.54 18  -5.24 19  -6.92 20  -5.28
 ABUNDANCE CHANGE 21  -8.87 22  -6.62 23  -8.04 24  -6.37 25  -6.65 26  -4.54
 ABUNDANCE CHANGE 27  -7.12 28  -5.79 29  -7.83 30  -7.44 31  -9.16 32  -8.63
 ABUNDANCE CHANGE 33  -9.67 34  -8.63 35  -9.41 36  -8.73 37  -9.44 38  -9.07
 ABUNDANCE CHANGE 39  -9.80 40  -9.44 41 -10.62 42 -10.12 43 -20.00 44 -10.20
 ABUNDANCE CHANGE 45 -10.92 46 -10.35 47 -11.10 48 -10.27 49 -10.38 50 -10.04
 ABUNDANCE CHANGE 51 -11.04 52  -9.80 53 -10.53 54  -9.87 55 -10.91 56  -9.91
 ABUNDANCE CHANGE 57 -10.87 58 -10.46 59 -11.33 60 -10.54 61 -20.00 62 -11.03
 ABUNDANCE CHANGE 63 -11.53 64 -10.92 65 -11.69 66 -10.90 67 -11.78 68 -11.11
 ABUNDANCE CHANGE 69 -12.04 70 -10.96 71 -11.98 72 -11.16 73 -12.17 74 -10.93
 ABUNDANCE CHANGE 75 -11.76 76 -10.59 77 -10.69 78 -10.24 79 -11.03 80 -10.91
 ABUNDANCE CHANGE 81 -11.14 82 -10.09 83 -11.33 84 -20.00 85 -20.00 86 -20.00
 ABUNDANCE CHANGE 87 -20.00 88 -20.00 89 -20.00 90 -11.95 91 -20.00 92 -12.54
 ABUNDANCE CHANGE 93 -20.00 94 -20.00 95 -20.00 96 -20.00 97 -20.00 98 -20.00
 ABUNDANCE CHANGE 99 -20.00
READ DECK6 72 RHOX,T,P,XNE,ABROSS,ACCRAD,VTURB, FLXCNV,VCONV,VELSND
 2.61115534E-04   4643.9 2.611E+01 8.800E+09 5.107E-04 2.097E-01 2.000E+05 0.000E+00 0.000E+00 7.709E+05
 3.42860975E-04   4662.6 3.429E+01 1.092E+10 5.775E-04 2.123E-01 2.000E+05 0.000E+00 0.000E+00 7.585E+05
 4.39236780E-04   4680.9 4.392E+01 1.335E+10 6.534E-04 2.122E-01 2.000E+05 0.000E+00 0.000E+00 7.500E+05
 5.52766861E-04   4699.3 5.528E+01 1.615E+10 7.400E-04 2.115E-01 2.000E+05 0.000E+00 0.000E+00 7.440E+05
 6.86340986E-04   4717.7 6.863E+01 1.938E+10 8.387E-04 2.108E-01 2.000E+05 0.000E+00 0.000E+00 7.399E+05
 8.43429975E-04   4736.3 8.434E+01 2.311E+10 9.514E-04 2.100E-01 2.000E+05 0.000E+00 0.000E+00 7.370E+05
 1.02803917E-03   4755.1 1.028E+02 2.744E+10 1.080E-03 2.096E-01 2.000E+05 0.000E+00 0.000E+00 7.350E+05
 1.24471654E-03   4774.4 1.245E+02 3.247E+10 1.228E-03 2.106E-01 2.000E+05 0.000E+00 0.000E+00 7.337E+05
 1.49854840E-03   4794.4 1.499E+02 3.836E+10 1.400E-03 2.124E-01 2.000E+05 0.000E+00 0.000E+00 7.330E+05
 1.79509477E-03   4815.3 1.795E+02 4.526E+10 1.600E-03 2.156E-01 2.000E+05 0.000E+00 0.000E+00 7.328E+05
 2.14081350E-03   4837.2 2.141E+02 5.335E+10 1.831E-03 2.186E-01 2.000E+05 0.000E+00 0.000E+00 7.330E+05
 2.54345225E-03   4860.0 2.543E+02 6.286E+10 2.097E-03 2.213E-01 2.000E+05 0.000E+00 0.000E+00 7.334E+05
 3.01195793E-03   4883.6 3.012E+02 7.403E+10 2.405E-03 2.236E-01 2.000E+05 0.000E+00 0.000E+00 7.342E+05
 3.55631542E-03   4908.2 3.556E+02 8.718E+10 2.762E-03 2.272E-01 2.000E+05 0.000E+00 0.000E+00 7.351E+05
 4.18781891E-03   4934.0 4.188E+02 1.027E+11 3.177E-03 2.309E-01 2.000E+05 0.000E+00 0.000E+00 7.363E+05
 4.91961773E-03   4960.7 4.920E+02 1.211E+11 3.658E-03 2.339E-01 2.000E+05 0.000E+00 0.000E+00 7.376E+05
 5.76694112E-03   4988.5 5.767E+02 1.428E+11 4.214E-03 2.363E-01 2.000E+05 0.000E+00 0.000E+00 7.391E+05
 6.74740096E-03   5017.1 6.747E+02 1.684E+11 4.858E-03 2.384E-01 2.000E+05 0.000E+00 0.000E+00 7.407E+05
 7.88087856E-03   5046.5 7.881E+02 1.986E+11 5.607E-03 2.420E-01 2.000E+05 0.000E+00 0.000E+00 7.424E+05
 9.19035226E-03   5076.6 9.190E+02 2.342E+11 6.473E-03 2.454E-01 2.000E+05 0.000E+00 0.000E+00 7.442E+05
 1.07026360E-02   5107.3 1.070E+03 2.762E+11 7.476E-03 2.496E-01 2.000E+05 0.000E+00 0.000E+00 7.460E+05
 1.24483461E-02   5138.5 1.245E+03 3.256E+11 8.637E-03 2.549E-01 2.000E+05 0.000E+00 0.000E+00 7.480E+05
 1.44636020E-02   5170.2 1.446E+03 3.838E+11 9.976E-03 2.602E-01 2.000E+05 0.000E+00 0.000E+00 7.499E+05
 1.67912557E-02   5202.1 1.679E+03 4.520E+11 1.151E-02 2.656E-01 2.000E+05 0.000E+00 0.000E+00 7.520E+05
 1.94820524E-02   5234.1 1.948E+03 5.318E+11 1.327E-02 2.713E-01 2.000E+05 0.000E+00 0.000E+00 7.540E+05
 2.25962475E-02   5265.8 2.260E+03 6.248E+11 1.528E-02 2.775E-01 2.000E+05 0.000E+00 0.000E+00 7.561E+05
 2.62047067E-02   5297.5 2.620E+03 7.333E+11 1.758E-02 2.846E-01 2.000E+05 0.000E+00 0.000E+00 7.581E+05
 3.03916284E-02   5328.7 3.039E+03 8.591E+11 2.019E-02 2.926E-01 2.000E+05 0.000E+00 0.000E+00 7.602E+05
 3.52545241E-02   5359.7 3.525E+03 1.005E+12 2.318E-02 3.036E-01 2.000E+05 0.000E+00 0.000E+00 7.622E+05
 4.09039238E-02   5390.3 4.090E+03 1.175E+12 2.660E-02 3.182E-01 2.000E+05 0.000E+00 0.000E+00 7.643E+05
 4.74676540E-02   5420.8 4.747E+03 1.372E+12 3.053E-02 3.357E-01 2.000E+05 0.000E+00 0.000E+00 7.663E+05
 5.50958095E-02   5451.5 5.510E+03 1.602E+12 3.503E-02 3.552E-01 2.000E+05 0.000E+00 0.000E+00 7.684E+05
 6.39649257E-02   5482.3 6.396E+03 1.869E+12 4.017E-02 3.772E-01 2.000E+05 0.000E+00 0.000E+00 7.704E+05
 7.42816715E-02   5513.1 7.428E+03 2.180E+12 4.604E-02 4.018E-01 2.000E+05 0.000E+00 0.000E+00 7.725E+05
 8.62880337E-02   5543.9 8.629E+03 2.542E+12 5.274E-02 4.293E-01 2.000E+05 0.000E+00 0.000E+00 7.746E+05
 1.00270940E-01   5574.7 1.003E+04 2.961E+12 6.037E-02 4.603E-01 2.000E+05 0.000E+00 0.000E+00 7.767E+05
 1.16548726E-01   5605.7 1.165E+04 3.450E+12 6.920E-02 4.986E-01 2.000E+05 0.000E+00 0.000E+00 7.788E+05
 1.35490583E-01   5636.9 1.355E+04 4.019E+12 7.927E-02 5.417E-01 2.000E+05 0.000E+00 0.000E+00 7.809E+05
 1.57540161E-01   5668.5 1.575E+04 4.682E+12 9.081E-02 5.905E-01 2.000E+05 0.000E+00 0.000E+00 7.830E+05
 1.83213451E-01   5700.4 1.832E+04 5.455E+12 1.040E-01 6.464E-01 2.000E+05 0.000E+00 0.000E+00 7.852E+05
 2.13102106E-01   5733.3 2.131E+04 6.364E+12 1.192E-01 7.110E-01 2.000E+05 0.000E+00 0.000E+00 7.874E+05
 2.47846496E-01   5767.7 2.478E+04 7.441E+12 1.368E-01 7.878E-01 2.000E+05 0.000E+00 0.000E+00 7.896E+05
 2.88126958E-01   5804.6 2.881E+04 8.735E+12 1.577E-01 8.809E-01 2.000E+05 0.000E+00 0.000E+00 7.920E+05
 3.34602552E-01   5845.6 3.346E+04 1.032E+13 1.828E-01 9.948E-01 2.000E+05 0.000E+00 0.000E+00 7.947E+05
 3.87860095E-01   5892.4 3.879E+04 1.231E+13 2.136E-01 1.136E+00 2.000E+05 0.000E+00 0.000E+00 7.976E+05
 4.48400923E-01   5946.1 4.484E+04 1.485E+13 2.516E-01 1.310E+00 2.000E+05 0.000E+00 0.000E+00 8.008E+05
 5.16607080E-01   6008.7 5.166E+04 1.816E+13 2.993E-01 1.528E+00 2.000E+05 0.000E+00 0.000E+00 8.045E+05
 5.92589899E-01   6082.3 5.926E+04 2.258E+13 3.606E-01 1.807E+00 2.000E+05 0.000E+00 0.000E+00 8.087E+05
 6.76101297E-01   6169.3 6.761E+04 2.865E+13 4.409E-01 2.171E+00 2.000E+05 0.000E+00 0.000E+00 8.135E+05
 7.66131575E-01   6274.2 7.661E+04 3.734E+13 5.520E-01 2.681E+00 2.000E+05 0.000E+00 0.000E+00 8.189E+05
 8.60929895E-01   6399.8 8.609E+04 5.013E+13 7.072E-01 3.391E+00 2.000E+05 0.000E+00 0.000E+00 8.250E+05
 9.58360618E-01   6550.2 9.583E+04 6.951E+13 9.300E-01 4.409E+00 2.000E+05 0.000E+00 0.000E+00 8.316E+05
 1.05550216E+00   6730.9 1.055E+05 1.001E+14 1.266E+00 5.956E+00 2.000E+05 0.000E+00 0.000E+00 8.386E+05
 1.14890290E+00   6947.7 1.149E+05 1.499E+14 1.790E+00 8.383E+00 2.000E+05 1.434E-06 4.410E+03 8.456E+05
 1.23507615E+00   7209.9 1.235E+05 2.348E+14 2.649E+00 1.240E+01 2.000E+05 1.201E-04 1.876E+04 8.520E+05
 1.31070552E+00   7526.9 1.311E+05 3.846E+14 4.139E+00 1.939E+01 2.000E+05 3.492E-03 5.594E+04 8.573E+05
 1.37279657E+00   7917.7 1.373E+05 6.643E+14 6.957E+00 3.192E+01 2.000E+05 2.299E-02 1.007E+05 8.616E+05
 1.42118198E+00   8342.1 1.421E+05 1.130E+15 1.190E+01 4.916E+01 2.000E+05 1.082E-01 1.609E+05 8.661E+05
 1.46060297E+00   8704.6 1.461E+05 1.707E+15 1.851E+01 6.012E+01 2.000E+05 3.086E-01 2.222E+05 8.718E+05
 1.49638423E+00   8989.9 1.496E+05 2.310E+15 2.591E+01 6.052E+01 2.000E+05 4.891E-01 2.514E+05 8.782E+05
 1.53151341E+00   9234.4 1.531E+05 2.952E+15 3.428E+01 5.630E+01 2.000E+05 6.350E-01 2.673E+05 8.852E+05
 1.56769852E+00   9450.7 1.568E+05 3.632E+15 4.356E+01 5.079E+01 2.000E+05 7.393E-01 2.747E+05 8.925E+05
 1.60616090E+00   9651.7 1.606E+05 4.370E+15 5.403E+01 4.573E+01 2.000E+05 8.112E-01 2.774E+05 9.004E+05
 1.64796477E+00   9840.2 1.648E+05 5.167E+15 6.569E+01 4.166E+01 2.000E+05 8.596E-01 2.776E+05 9.086E+05
 1.69405749E+00  10024.9 1.694E+05 6.056E+15 7.903E+01 3.834E+01 2.000E+05 8.930E-01 2.762E+05 9.174E+05
 1.74550496E+00  10203.7 1.745E+05 7.031E+15 9.387E+01 3.562E+01 2.000E+05 9.165E-01 2.743E+05 9.267E+05
 1.80336221E+00  10385.5 1.803E+05 8.144E+15 1.111E+02 3.323E+01 2.000E+05 9.342E-01 2.716E+05 9.368E+05
 1.86885080E+00  10563.5 1.869E+05 9.372E+15 1.304E+02 3.111E+01 2.000E+05 9.476E-01 2.693E+05 9.474E+05
 1.94324729E+00  10750.1 1.943E+05 1.080E+16 1.531E+02 2.917E+01 2.000E+05 9.579E-01 2.657E+05 9.591E+05
 2.02820719E+00  10930.9 2.028E+05 1.237E+16 1.779E+02 2.739E+01 2.000E+05 9.664E-01 2.638E+05 9.710E+05
 2.12536224E+00  11128.8 2.125E+05 1.426E+16 2.081E+02 2.583E+01 2.000E+05 9.726E-01 2.596E+05 9.848E+05
 2.23718518E+00  11314.0 2.237E+05 1.628E+16 2.392E+02 2.536E+01 2.000E+05 9.768E-01 2.570E+05 9.981E+05
PRADK 3.2124E+00
BEGIN                    ITERATION  15 COMPLETED
