TEFF   5250.  GRAVITY 2.50000 LTE 
TITLE  [-0.5a] N(He)/Ntot=0.0784 VTURB=2.0  L/H=1.25 ODFNEW                     
 OPACITY IFOP 1 1 1 1 1 1 1 1 1 1 1 1 1 0 1 0 0 0 0 0
 CONVECTION ON   1.25 TURBULENCE OFF  0.00  0.00  0.00  0.00
ABUNDANCE SCALE   0.31622 ABUNDANCE CHANGE 1 0.92080 2 0.07838
 ABUNDANCE CHANGE  3 -10.94  4 -10.64  5  -9.49  6  -3.52  7  -4.12  8  -2.81
 ABUNDANCE CHANGE  9  -7.48 10  -3.56 11  -5.71 12  -4.06 13  -5.57 14  -4.09
 ABUNDANCE CHANGE 15  -6.59 16  -4.31 17  -6.54 18  -5.24 19  -6.92 20  -5.28
 ABUNDANCE CHANGE 21  -8.87 22  -6.62 23  -8.04 24  -6.37 25  -6.65 26  -4.54
 ABUNDANCE CHANGE 27  -7.12 28  -5.79 29  -7.83 30  -7.44 31  -9.16 32  -8.63
 ABUNDANCE CHANGE 33  -9.67 34  -8.63 35  -9.41 36  -8.73 37  -9.44 38  -9.07
 ABUNDANCE CHANGE 39  -9.80 40  -9.44 41 -10.62 42 -10.12 43 -20.00 44 -10.20
 ABUNDANCE CHANGE 45 -10.92 46 -10.35 47 -11.10 48 -10.27 49 -10.38 50 -10.04
 ABUNDANCE CHANGE 51 -11.04 52  -9.80 53 -10.53 54  -9.87 55 -10.91 56  -9.91
 ABUNDANCE CHANGE 57 -10.87 58 -10.46 59 -11.33 60 -10.54 61 -20.00 62 -11.03
 ABUNDANCE CHANGE 63 -11.53 64 -10.92 65 -11.69 66 -10.90 67 -11.78 68 -11.11
 ABUNDANCE CHANGE 69 -12.04 70 -10.96 71 -11.98 72 -11.16 73 -12.17 74 -10.93
 ABUNDANCE CHANGE 75 -11.76 76 -10.59 77 -10.69 78 -10.24 79 -11.03 80 -10.91
 ABUNDANCE CHANGE 81 -11.14 82 -10.09 83 -11.33 84 -20.00 85 -20.00 86 -20.00
 ABUNDANCE CHANGE 87 -20.00 88 -20.00 89 -20.00 90 -11.95 91 -20.00 92 -12.54
 ABUNDANCE CHANGE 93 -20.00 94 -20.00 95 -20.00 96 -20.00 97 -20.00 98 -20.00
 ABUNDANCE CHANGE 99 -20.00
READ DECK6 72 RHOX,T,P,XNE,ABROSS,ACCRAD,VTURB, FLXCNV,VCONV,VELSND
 2.47947189E-03   3187.9 7.840E-01 8.634E+07 5.378E-05 8.517E-03 2.000E+05 0.000E+00 0.000E+00 1.033E+06
 3.28656350E-03   3211.0 1.039E+00 1.126E+08 5.643E-05 8.817E-03 2.000E+05 0.000E+00 0.000E+00 9.475E+05
 4.30774374E-03   3236.7 1.362E+00 1.460E+08 5.973E-05 8.840E-03 2.000E+05 0.000E+00 0.000E+00 8.800E+05
 5.58852182E-03   3264.3 1.767E+00 1.879E+08 6.378E-05 8.831E-03 2.000E+05 0.000E+00 0.000E+00 8.270E+05
 7.18121343E-03   3293.2 2.271E+00 2.401E+08 6.863E-05 8.850E-03 2.000E+05 0.000E+00 0.000E+00 7.854E+05
 9.14867761E-03   3323.7 2.893E+00 3.051E+08 7.428E-05 8.801E-03 2.000E+05 0.000E+00 0.000E+00 7.529E+05
 1.15684011E-02   3355.6 3.658E+00 3.855E+08 8.067E-05 8.526E-03 2.000E+05 0.000E+00 0.000E+00 7.275E+05
 1.45327121E-02   3386.8 4.595E+00 4.836E+08 8.801E-05 8.281E-03 2.000E+05 0.000E+00 0.000E+00 7.077E+05
 1.81466834E-02   3417.3 5.738E+00 6.027E+08 9.650E-05 8.129E-03 2.000E+05 0.000E+00 0.000E+00 6.921E+05
 2.25294543E-02   3447.1 7.124E+00 7.465E+08 1.063E-04 8.049E-03 2.000E+05 0.000E+00 0.000E+00 6.801E+05
 2.78528238E-02   3476.2 8.808E+00 9.201E+08 1.160E-04 7.592E-03 2.000E+05 0.000E+00 0.000E+00 6.708E+05
 3.44521142E-02   3504.9 1.089E+01 1.134E+09 1.237E-04 6.330E-03 2.000E+05 0.000E+00 0.000E+00 6.634E+05
 4.26624237E-02   3533.0 1.349E+01 1.396E+09 1.333E-04 5.341E-03 2.000E+05 0.000E+00 0.000E+00 6.578E+05
 5.27612828E-02   3559.8 1.668E+01 1.715E+09 1.453E-04 4.624E-03 2.000E+05 0.000E+00 0.000E+00 6.534E+05
 6.50589826E-02   3586.2 2.057E+01 2.100E+09 1.597E-04 4.082E-03 2.000E+05 0.000E+00 0.000E+00 6.503E+05
 7.99100667E-02   3613.0 2.527E+01 2.562E+09 1.771E-04 3.639E-03 2.000E+05 0.000E+00 0.000E+00 6.483E+05
 9.76417079E-02   3639.6 3.088E+01 3.111E+09 1.995E-04 3.490E-03 2.000E+05 0.000E+00 0.000E+00 6.471E+05
 1.18375743E-01   3665.2 3.743E+01 3.747E+09 2.297E-04 3.821E-03 2.000E+05 0.000E+00 0.000E+00 6.465E+05
 1.42338021E-01   3691.8 4.501E+01 4.485E+09 2.655E-04 4.256E-03 2.000E+05 0.000E+00 0.000E+00 6.466E+05
 1.69911376E-01   3720.0 5.373E+01 5.340E+09 3.085E-04 4.837E-03 2.000E+05 0.000E+00 0.000E+00 6.472E+05
 2.01451309E-01   3750.4 6.370E+01 6.329E+09 3.609E-04 5.620E-03 2.000E+05 0.000E+00 0.000E+00 6.483E+05
 2.37252460E-01   3783.0 7.502E+01 7.468E+09 4.248E-04 6.715E-03 2.000E+05 0.000E+00 0.000E+00 6.499E+05
 2.78086599E-01   3820.8 8.794E+01 8.803E+09 4.925E-04 7.346E-03 2.000E+05 0.000E+00 0.000E+00 6.521E+05
 3.25727224E-01   3860.8 1.030E+02 1.037E+10 5.568E-04 7.035E-03 2.000E+05 0.000E+00 0.000E+00 6.547E+05
 3.81915053E-01   3897.6 1.208E+02 1.220E+10 6.300E-04 6.779E-03 2.000E+05 0.000E+00 0.000E+00 6.572E+05
 4.48052748E-01   3932.2 1.417E+02 1.432E+10 7.147E-04 6.631E-03 2.000E+05 0.000E+00 0.000E+00 6.595E+05
 5.25710138E-01   3964.7 1.662E+02 1.678E+10 8.124E-04 6.577E-03 2.000E+05 0.000E+00 0.000E+00 6.657E+05
 6.16808991E-01   3996.1 1.950E+02 1.965E+10 9.233E-04 6.573E-03 2.000E+05 0.000E+00 0.000E+00 6.639E+05
 7.23741012E-01   4026.4 2.289E+02 2.299E+10 1.049E-03 6.598E-03 2.000E+05 0.000E+00 0.000E+00 6.660E+05
 8.49151598E-01   4055.6 2.685E+02 2.687E+10 1.194E-03 6.684E-03 2.000E+05 0.000E+00 0.000E+00 6.681E+05
 9.95984104E-01   4083.7 3.150E+02 3.138E+10 1.360E-03 6.835E-03 2.000E+05 0.000E+00 0.000E+00 6.701E+05
 1.16780522E+00   4111.5 3.693E+02 3.662E+10 1.550E-03 7.028E-03 2.000E+05 0.000E+00 0.000E+00 6.722E+05
 1.36874491E+00   4138.6 4.328E+02 4.269E+10 1.769E-03 7.288E-03 2.000E+05 0.000E+00 0.000E+00 6.742E+05
 1.60344323E+00   4165.1 5.070E+02 4.973E+10 2.020E-03 7.624E-03 2.000E+05 0.000E+00 0.000E+00 6.761E+05
 1.87760063E+00   4191.4 5.937E+02 5.790E+10 2.305E-03 8.007E-03 2.000E+05 0.000E+00 0.000E+00 6.780E+05
 2.19795087E+00   4217.5 6.950E+02 6.737E+10 2.632E-03 8.455E-03 2.000E+05 0.000E+00 0.000E+00 6.800E+05
 2.57204949E+00   4243.5 8.133E+02 7.836E+10 3.006E-03 8.980E-03 2.000E+05 0.000E+00 0.000E+00 6.819E+05
 3.00866579E+00   4269.5 9.514E+02 9.110E+10 3.435E-03 9.593E-03 2.000E+05 0.000E+00 0.000E+00 6.838E+05
 3.51820896E+00   4296.1 1.113E+03 1.059E+11 3.925E-03 1.029E-02 2.000E+05 0.000E+00 0.000E+00 6.858E+05
 4.11282687E+00   4323.2 1.301E+03 1.231E+11 4.486E-03 1.110E-02 2.000E+05 0.000E+00 0.000E+00 6.878E+05
 4.80640979E+00   4351.5 1.520E+03 1.431E+11 5.131E-03 1.204E-02 2.000E+05 0.000E+00 0.000E+00 6.900E+05
 5.61437020E+00   4380.9 1.775E+03 1.663E+11 5.878E-03 1.318E-02 2.000E+05 0.000E+00 0.000E+00 6.922E+05
 6.55406525E+00   4413.0 2.073E+03 1.935E+11 6.744E-03 1.455E-02 2.000E+05 0.000E+00 0.000E+00 6.946E+05
 7.64606500E+00   4448.8 2.418E+03 2.254E+11 7.740E-03 1.610E-02 2.000E+05 0.000E+00 0.000E+00 6.974E+05
 8.91458225E+00   4489.4 2.819E+03 2.631E+11 8.887E-03 1.786E-02 2.000E+05 0.000E+00 0.000E+00 7.006E+05
 1.03873317E+01   4536.1 3.285E+03 3.079E+11 1.021E-02 1.987E-02 2.000E+05 0.000E+00 0.000E+00 7.042E+05
 1.20994629E+01   4590.3 3.826E+03 3.617E+11 1.169E-02 2.193E-02 2.000E+05 0.000E+00 0.000E+00 7.085E+05
 1.41016493E+01   4650.7 4.459E+03 4.268E+11 1.330E-02 2.385E-02 2.000E+05 0.000E+00 0.000E+00 7.133E+05
 1.64440060E+01   4719.6 5.200E+03 5.074E+11 1.518E-02 2.613E-02 2.000E+05 0.000E+00 0.000E+00 7.187E+05
 1.91714533E+01   4798.3 6.062E+03 6.093E+11 1.745E-02 2.898E-02 2.000E+05 0.000E+00 0.000E+00 7.248E+05
 2.23060476E+01   4893.6 7.053E+03 7.461E+11 2.046E-02 3.307E-02 2.000E+05 0.000E+00 0.000E+00 7.320E+05
 2.58388020E+01   5004.4 8.170E+03 9.396E+11 2.446E-02 3.840E-02 2.000E+05 0.000E+00 0.000E+00 7.402E+05
 2.97031018E+01   5136.6 9.392E+03 1.242E+12 3.049E-02 4.677E-02 2.000E+05 0.000E+00 0.000E+00 7.496E+05
 3.37368841E+01   5290.5 1.067E+04 1.746E+12 3.998E-02 5.988E-02 2.000E+05 0.000E+00 0.000E+00 7.599E+05
 3.77084171E+01   5470.4 1.192E+04 2.644E+12 5.600E-02 8.234E-02 2.000E+05 0.000E+00 0.000E+00 7.711E+05
 4.13643862E+01   5680.8 1.308E+04 4.317E+12 8.380E-02 1.215E-01 2.000E+05 1.592E-08 1.333E+03 7.830E+05
 4.45248783E+01   5924.7 1.408E+04 7.515E+12 1.330E-01 1.913E-01 2.000E+05 1.850E-06 6.391E+03 7.946E+05
 4.71065286E+01   6208.2 1.489E+04 1.381E+13 2.229E-01 3.188E-01 2.000E+05 7.471E-05 2.156E+04 8.048E+05
 4.91124957E+01   6533.1 1.553E+04 2.626E+13 3.915E-01 5.603E-01 2.000E+05 1.646E-03 5.920E+04 8.118E+05
 5.05803094E+01   6917.4 1.599E+04 5.214E+13 7.358E-01 1.036E+00 2.000E+05 1.220E-02 1.113E+05 8.148E+05
 5.16028743E+01   7333.2 1.631E+04 1.011E+14 1.411E+00 1.762E+00 2.000E+05 9.166E-02 2.057E+05 8.156E+05
 5.23477556E+01   7694.1 1.655E+04 1.694E+14 2.438E+00 2.203E+00 2.000E+05 3.804E-01 3.235E+05 8.179E+05
 5.29706997E+01   7960.4 1.674E+04 2.408E+14 3.621E+00 2.080E+00 2.000E+05 6.036E-01 3.652E+05 8.219E+05
 5.35593233E+01   8168.0 1.693E+04 3.117E+14 4.902E+00 1.844E+00 2.000E+05 7.374E-01 3.778E+05 8.267E+05
 5.41538232E+01   8346.7 1.711E+04 3.853E+14 6.337E+00 1.654E+00 2.000E+05 8.184E-01 3.816E+05 8.320E+05
 5.47774225E+01   8506.6 1.731E+04 4.622E+14 7.944E+00 1.504E+00 2.000E+05 8.686E-01 3.814E+05 8.378E+05
 5.54468072E+01   8657.2 1.752E+04 5.452E+14 9.791E+00 1.381E+00 2.000E+05 9.018E-01 3.787E+05 8.441E+05
 5.61772708E+01   8799.5 1.775E+04 6.341E+14 1.188E+01 1.282E+00 2.000E+05 9.254E-01 3.771E+05 8.508E+05
 5.69814583E+01   8941.9 1.800E+04 7.337E+14 1.435E+01 1.190E+00 2.000E+05 9.419E-01 3.724E+05 8.582E+05
 5.78756421E+01   9077.1 1.829E+04 8.394E+14 1.711E+01 1.114E+00 2.000E+05 9.551E-01 3.713E+05 8.659E+05
 5.88725216E+01   9221.1 1.860E+04 9.637E+14 2.052E+01 1.047E+00 2.000E+05 9.643E-01 3.663E+05 8.748E+05
 5.99919570E+01   9354.0 1.895E+04 1.091E+15 2.416E+01 1.038E+00 2.000E+05 9.702E-01 3.641E+05 8.836E+05
PRADK 1.0143E+00
BEGIN                    ITERATION  15 COMPLETED
