TEFF   6750.  GRAVITY 2.00000 LTE 
TITLE  [-0.5a] N(He)/Ntot=0.0784 VTURB=2.0  L/H=1.25 ODFNEW                     
 OPACITY IFOP 1 1 1 1 1 1 1 1 1 1 1 1 1 0 1 0 0 0 0 0
 CONVECTION ON   1.25 TURBULENCE OFF  0.00  0.00  0.00  0.00
ABUNDANCE SCALE   0.31622 ABUNDANCE CHANGE 1 0.92080 2 0.07838
 ABUNDANCE CHANGE  3 -10.94  4 -10.64  5  -9.49  6  -3.52  7  -4.12  8  -2.81
 ABUNDANCE CHANGE  9  -7.48 10  -3.56 11  -5.71 12  -4.06 13  -5.57 14  -4.09
 ABUNDANCE CHANGE 15  -6.59 16  -4.31 17  -6.54 18  -5.24 19  -6.92 20  -5.28
 ABUNDANCE CHANGE 21  -8.87 22  -6.62 23  -8.04 24  -6.37 25  -6.65 26  -4.54
 ABUNDANCE CHANGE 27  -7.12 28  -5.79 29  -7.83 30  -7.44 31  -9.16 32  -8.63
 ABUNDANCE CHANGE 33  -9.67 34  -8.63 35  -9.41 36  -8.73 37  -9.44 38  -9.07
 ABUNDANCE CHANGE 39  -9.80 40  -9.44 41 -10.62 42 -10.12 43 -20.00 44 -10.20
 ABUNDANCE CHANGE 45 -10.92 46 -10.35 47 -11.10 48 -10.27 49 -10.38 50 -10.04
 ABUNDANCE CHANGE 51 -11.04 52  -9.80 53 -10.53 54  -9.87 55 -10.91 56  -9.91
 ABUNDANCE CHANGE 57 -10.87 58 -10.46 59 -11.33 60 -10.54 61 -20.00 62 -11.03
 ABUNDANCE CHANGE 63 -11.53 64 -10.92 65 -11.69 66 -10.90 67 -11.78 68 -11.11
 ABUNDANCE CHANGE 69 -12.04 70 -10.96 71 -11.98 72 -11.16 73 -12.17 74 -10.93
 ABUNDANCE CHANGE 75 -11.76 76 -10.59 77 -10.69 78 -10.24 79 -11.03 80 -10.91
 ABUNDANCE CHANGE 81 -11.14 82 -10.09 83 -11.33 84 -20.00 85 -20.00 86 -20.00
 ABUNDANCE CHANGE 87 -20.00 88 -20.00 89 -20.00 90 -11.95 91 -20.00 92 -12.54
 ABUNDANCE CHANGE 93 -20.00 94 -20.00 95 -20.00 96 -20.00 97 -20.00 98 -20.00
 ABUNDANCE CHANGE 99 -20.00
READ DECK6 72 RHOX,T,P,XNE,ABROSS,ACCRAD,VTURB, FLXCNV,VCONV,VELSND
 4.47910338E-04   4163.5 4.477E-02 4.452E+07 2.977E-04 4.173E-02 2.000E+05 0.000E+00 0.000E+00 6.065E+06
 6.00365058E-04   4179.8 6.001E-02 5.582E+07 2.857E-04 4.173E-02 2.000E+05 0.000E+00 0.000E+00 5.297E+06
 8.11585547E-04   4198.2 8.112E-02 7.091E+07 2.758E-04 4.104E-02 2.000E+05 0.000E+00 0.000E+00 4.608E+06
 1.10218974E-03   4219.1 1.102E-01 9.116E+07 2.685E-04 4.034E-02 2.000E+05 0.000E+00 0.000E+00 4.000E+06
 1.49895455E-03   4242.5 1.498E-01 1.184E+08 2.638E-04 3.972E-02 2.000E+05 0.000E+00 0.000E+00 3.471E+06
 2.03483034E-03   4268.2 2.034E-01 1.548E+08 2.616E-04 3.911E-02 2.000E+05 0.000E+00 0.000E+00 3.018E+06
 2.75156048E-03   4296.1 2.750E-01 2.036E+08 2.621E-04 3.849E-02 2.000E+05 0.000E+00 0.000E+00 2.633E+06
 3.69981065E-03   4326.4 3.698E-01 2.690E+08 2.657E-04 3.786E-02 2.000E+05 0.000E+00 0.000E+00 2.308E+06
 4.94061215E-03   4359.0 4.939E-01 3.564E+08 2.722E-04 3.717E-02 2.000E+05 0.000E+00 0.000E+00 2.035E+06
 6.54472972E-03   4393.6 6.542E-01 4.729E+08 2.824E-04 3.680E-02 2.000E+05 0.000E+00 0.000E+00 1.807E+06
 8.59532538E-03   4429.7 8.592E-01 6.267E+08 2.960E-04 3.645E-02 2.000E+05 0.000E+00 0.000E+00 1.617E+06
 1.11924728E-02   4466.8 1.119E+00 8.279E+08 3.130E-04 3.608E-02 2.000E+05 0.000E+00 0.000E+00 1.460E+06
 1.44559221E-02   4504.3 1.445E+00 1.088E+09 3.332E-04 3.572E-02 2.000E+05 0.000E+00 0.000E+00 1.329E+06
 1.85301609E-02   4541.9 1.852E+00 1.422E+09 3.569E-04 3.536E-02 2.000E+05 0.000E+00 0.000E+00 1.221E+06
 2.35910405E-02   4579.2 2.358E+00 1.845E+09 3.838E-04 3.479E-02 2.000E+05 0.000E+00 0.000E+00 1.132E+06
 2.98639277E-02   4616.0 2.985E+00 2.378E+09 4.131E-04 3.348E-02 2.000E+05 0.000E+00 0.000E+00 1.058E+06
 3.76206913E-02   4652.0 3.761E+00 3.044E+09 4.464E-04 3.242E-02 2.000E+05 0.000E+00 0.000E+00 9.967E+05
 4.71671882E-02   4687.7 4.715E+00 3.875E+09 4.850E-04 3.152E-02 2.000E+05 0.000E+00 0.000E+00 9.466E+05
 5.88507011E-02   4723.3 5.883E+00 4.910E+09 5.300E-04 3.070E-02 2.000E+05 0.000E+00 0.000E+00 9.055E+05
 7.30627534E-02   4759.0 7.304E+00 6.196E+09 5.828E-04 2.996E-02 2.000E+05 0.000E+00 0.000E+00 8.721E+05
 9.02378047E-02   4794.8 9.021E+00 7.788E+09 6.454E-04 2.940E-02 2.000E+05 0.000E+00 0.000E+00 8.451E+05
 1.10833412E-01   4830.8 1.108E+01 9.747E+09 7.204E-04 2.934E-02 2.000E+05 0.000E+00 0.000E+00 8.234E+05
 1.35351152E-01   4867.2 1.353E+01 1.216E+10 8.095E-04 2.938E-02 2.000E+05 0.000E+00 0.000E+00 8.060E+05
 1.64359554E-01   4904.2 1.643E+01 1.513E+10 9.148E-04 2.947E-02 2.000E+05 0.000E+00 0.000E+00 7.922E+05
 1.98513926E-01   4941.3 1.985E+01 1.874E+10 1.038E-03 2.959E-02 2.000E+05 0.000E+00 0.000E+00 7.812E+05
 2.38565111E-01   4978.6 2.385E+01 2.314E+10 1.183E-03 2.978E-02 2.000E+05 0.000E+00 0.000E+00 7.726E+05
 2.85366724E-01   5016.1 2.853E+01 2.846E+10 1.352E-03 3.004E-02 2.000E+05 0.000E+00 0.000E+00 7.658E+05
 3.39892743E-01   5053.6 3.398E+01 3.489E+10 1.549E-03 3.049E-02 2.000E+05 0.000E+00 0.000E+00 7.606E+05
 4.03250639E-01   5091.3 4.031E+01 4.262E+10 1.780E-03 3.108E-02 2.000E+05 0.000E+00 0.000E+00 7.566E+05
 4.76716813E-01   5129.1 4.766E+01 5.192E+10 2.049E-03 3.177E-02 2.000E+05 0.000E+00 0.000E+00 7.535E+05
 5.61772687E-01   5166.9 5.616E+01 6.304E+10 2.361E-03 3.256E-02 2.000E+05 0.000E+00 0.000E+00 7.513E+05
 6.60175007E-01   5204.6 6.600E+01 7.628E+10 2.722E-03 3.348E-02 2.000E+05 0.000E+00 0.000E+00 7.498E+05
 7.73993145E-01   5241.9 7.737E+01 9.199E+10 3.138E-03 3.454E-02 2.000E+05 0.000E+00 0.000E+00 7.488E+05
 9.05694662E-01   5278.7 9.054E+01 1.105E+11 3.615E-03 3.578E-02 2.000E+05 0.000E+00 0.000E+00 7.483E+05
 1.05820762E+00   5315.0 1.058E+02 1.323E+11 4.161E-03 3.728E-02 2.000E+05 0.000E+00 0.000E+00 7.482E+05
 1.23498989E+00   5350.6 1.235E+02 1.577E+11 4.785E-03 3.909E-02 2.000E+05 0.000E+00 0.000E+00 7.484E+05
 1.44005920E+00   5385.8 1.440E+02 1.876E+11 5.500E-03 4.127E-02 2.000E+05 0.000E+00 0.000E+00 7.489E+05
 1.67805189E+00   5420.6 1.677E+02 2.225E+11 6.318E-03 4.388E-02 2.000E+05 0.000E+00 0.000E+00 7.496E+05
 1.95424623E+00   5455.5 1.954E+02 2.637E+11 7.262E-03 4.697E-02 2.000E+05 0.000E+00 0.000E+00 7.505E+05
 2.27462846E+00   5490.6 2.274E+02 3.122E+11 8.351E-03 5.062E-02 2.000E+05 0.000E+00 0.000E+00 7.516E+05
 2.64585482E+00   5526.6 2.645E+02 3.699E+11 9.619E-03 5.498E-02 2.000E+05 0.000E+00 0.000E+00 7.528E+05
 3.07511302E+00   5563.9 3.074E+02 4.390E+11 1.111E-02 6.022E-02 2.000E+05 0.000E+00 0.000E+00 7.542E+05
 3.56974464E+00   5603.4 3.568E+02 5.229E+11 1.289E-02 6.669E-02 2.000E+05 0.000E+00 0.000E+00 7.557E+05
 4.13667458E+00   5646.2 4.135E+02 6.265E+11 1.504E-02 7.465E-02 2.000E+05 0.000E+00 0.000E+00 7.573E+05
 4.78209920E+00   5693.4 4.780E+02 7.564E+11 1.768E-02 8.457E-02 2.000E+05 0.000E+00 0.000E+00 7.590E+05
 5.51041743E+00   5746.6 5.507E+02 9.230E+11 2.101E-02 9.717E-02 2.000E+05 0.000E+00 0.000E+00 7.607E+05
 6.32244934E+00   5807.5 6.318E+02 1.142E+12 2.530E-02 1.137E-01 2.000E+05 0.000E+00 0.000E+00 7.624E+05
 7.21406339E+00   5878.5 7.209E+02 1.436E+12 3.100E-02 1.359E-01 2.000E+05 0.000E+00 0.000E+00 7.641E+05
 8.17505529E+00   5962.1 8.168E+02 1.846E+12 3.875E-02 1.663E-01 2.000E+05 0.000E+00 0.000E+00 7.656E+05
 9.18806457E+00   6061.1 9.180E+02 2.429E+12 4.963E-02 2.091E-01 2.000E+05 0.000E+00 0.000E+00 7.668E+05
 1.02276789E+01   6179.4 1.022E+03 3.290E+12 6.549E-02 2.720E-01 2.000E+05 0.000E+00 0.000E+00 7.677E+05
 1.12592681E+01   6321.4 1.124E+03 4.604E+12 8.972E-02 3.695E-01 2.000E+05 1.022E-17 3.373E+00 7.680E+05
 1.22424355E+01   6492.2 1.222E+03 6.680E+12 1.284E-01 5.267E-01 2.000E+05 4.662E-13 1.150E+02 7.679E+05
 1.31353709E+01   6698.2 1.311E+03 1.008E+13 1.937E-01 7.970E-01 2.000E+05 2.622E-11 4.184E+02 7.679E+05
 1.38992028E+01   6947.0 1.387E+03 1.585E+13 3.123E-01 1.298E+00 2.000E+05 1.414E-09 1.493E+03 7.692E+05
 1.45053194E+01   7248.1 1.446E+03 2.598E+13 5.460E-01 2.303E+00 2.000E+05 1.086E-07 5.961E+03 7.741E+05
 1.49494161E+01   7601.7 1.489E+03 4.361E+13 1.031E+00 4.428E+00 2.000E+05 1.389E-05 2.824E+04 7.855E+05
 1.52439386E+01   8035.6 1.517E+03 7.591E+13 2.179E+00 9.542E+00 2.000E+05 8.518E-04 1.056E+05 8.083E+05
 1.54209579E+01   8546.8 1.532E+03 1.316E+14 4.907E+00 2.005E+01 2.000E+05 1.285E-02 2.500E+05 8.485E+05
 1.55350742E+01   9000.9 1.541E+03 1.962E+14 9.184E+00 2.862E+01 2.000E+05 2.281E-01 6.668E+05 8.976E+05
 1.56282327E+01   9327.9 1.547E+03 2.485E+14 1.346E+01 2.774E+01 2.000E+05 4.644E-01 8.715E+05 9.413E+05
 1.57200909E+01   9576.1 1.554E+03 2.889E+14 1.710E+01 2.445E+01 2.000E+05 6.215E-01 9.701E+05 9.735E+05
 1.58191493E+01   9814.2 1.562E+03 3.262E+14 2.070E+01 2.327E+01 2.000E+05 6.995E-01 1.040E+06 1.017E+06
 1.59302312E+01  10066.9 1.570E+03 3.620E+14 2.421E+01 2.392E+01 2.000E+05 7.534E-01 1.117E+06 1.060E+06
 1.60594425E+01  10359.6 1.580E+03 3.966E+14 2.720E+01 2.472E+01 2.000E+05 7.524E-01 1.128E+06 1.111E+06
 1.62165975E+01  10688.5 1.591E+03 4.252E+14 2.898E+01 3.792E+01 2.000E+05 7.246E-01 1.271E+06 1.166E+06
 1.64305245E+01  11562.7 1.601E+03 4.501E+14 2.591E+01 6.764E+01 2.000E+05 2.580E-01 9.705E+05 1.301E+06
 1.68241018E+01  13050.3 1.616E+03 4.248E+14 1.429E+01 5.306E+01 2.000E+05 2.087E-04 1.208E+05 1.525E+06
 1.78427842E+01  14611.0 1.678E+03 3.993E+14 7.475E+00 2.932E+01 2.000E+05 1.320E-06 2.312E+04 1.621E+06
 2.01726791E+01  16131.1 1.856E+03 4.073E+14 5.009E+00 1.954E+01 2.000E+05 1.134E-07 9.742E+03 1.694E+06
 2.44538070E+01  17654.0 2.211E+03 4.496E+14 3.922E+00 1.525E+01 2.000E+05 1.597E-09 2.477E+03 1.870E+06
 3.13074464E+01  19205.0 2.798E+03 5.257E+14 3.376E+00 1.326E+01 2.000E+05 1.393E-10 1.109E+03 2.047E+06
PRADK 2.7774E+00
BEGIN                    ITERATION  15 COMPLETED
