TEFF   6000.  GRAVITY 2.00000 LTE 
TITLE  [-0.5a] N(He)/Ntot=0.0784 VTURB=2.0  L/H=1.25 ODFNEW                     
 OPACITY IFOP 1 1 1 1 1 1 1 1 1 1 1 1 1 0 1 0 0 0 0 0
 CONVECTION ON   1.25 TURBULENCE OFF  0.00  0.00  0.00  0.00
ABUNDANCE SCALE   0.31622 ABUNDANCE CHANGE 1 0.92080 2 0.07838
 ABUNDANCE CHANGE  3 -10.94  4 -10.64  5  -9.49  6  -3.52  7  -4.12  8  -2.81
 ABUNDANCE CHANGE  9  -7.48 10  -3.56 11  -5.71 12  -4.06 13  -5.57 14  -4.09
 ABUNDANCE CHANGE 15  -6.59 16  -4.31 17  -6.54 18  -5.24 19  -6.92 20  -5.28
 ABUNDANCE CHANGE 21  -8.87 22  -6.62 23  -8.04 24  -6.37 25  -6.65 26  -4.54
 ABUNDANCE CHANGE 27  -7.12 28  -5.79 29  -7.83 30  -7.44 31  -9.16 32  -8.63
 ABUNDANCE CHANGE 33  -9.67 34  -8.63 35  -9.41 36  -8.73 37  -9.44 38  -9.07
 ABUNDANCE CHANGE 39  -9.80 40  -9.44 41 -10.62 42 -10.12 43 -20.00 44 -10.20
 ABUNDANCE CHANGE 45 -10.92 46 -10.35 47 -11.10 48 -10.27 49 -10.38 50 -10.04
 ABUNDANCE CHANGE 51 -11.04 52  -9.80 53 -10.53 54  -9.87 55 -10.91 56  -9.91
 ABUNDANCE CHANGE 57 -10.87 58 -10.46 59 -11.33 60 -10.54 61 -20.00 62 -11.03
 ABUNDANCE CHANGE 63 -11.53 64 -10.92 65 -11.69 66 -10.90 67 -11.78 68 -11.11
 ABUNDANCE CHANGE 69 -12.04 70 -10.96 71 -11.98 72 -11.16 73 -12.17 74 -10.93
 ABUNDANCE CHANGE 75 -11.76 76 -10.59 77 -10.69 78 -10.24 79 -11.03 80 -10.91
 ABUNDANCE CHANGE 81 -11.14 82 -10.09 83 -11.33 84 -20.00 85 -20.00 86 -20.00
 ABUNDANCE CHANGE 87 -20.00 88 -20.00 89 -20.00 90 -11.95 91 -20.00 92 -12.54
 ABUNDANCE CHANGE 93 -20.00 94 -20.00 95 -20.00 96 -20.00 97 -20.00 98 -20.00
 ABUNDANCE CHANGE 99 -20.00
READ DECK6 72 RHOX,T,P,XNE,ABROSS,ACCRAD,VTURB, FLXCNV,VCONV,VELSND
 1.89683819E-03   3784.7 1.897E-01 3.061E+07 7.030E-05 9.786E-03 2.000E+05 0.000E+00 0.000E+00 2.534E+06
 2.52473336E-03   3804.5 2.524E-01 4.004E+07 7.136E-05 1.028E-02 2.000E+05 0.000E+00 0.000E+00 2.226E+06
 3.35017725E-03   3824.0 3.350E-01 5.224E+07 7.234E-05 1.025E-02 2.000E+05 0.000E+00 0.000E+00 1.965E+06
 4.43226950E-03   3846.2 4.432E-01 6.825E+07 7.384E-05 1.028E-02 2.000E+05 0.000E+00 0.000E+00 1.743E+06
 5.84171588E-03   3870.5 5.841E-01 8.914E+07 7.582E-05 1.021E-02 2.000E+05 0.000E+00 0.000E+00 1.557E+06
 7.66704951E-03   3896.4 7.666E-01 1.162E+08 7.826E-05 1.005E-02 2.000E+05 0.000E+00 0.000E+00 1.400E+06
 1.00188745E-02   3923.5 1.002E+00 1.512E+08 8.120E-05 9.812E-03 2.000E+05 0.000E+00 0.000E+00 1.270E+06
 1.30322815E-02   3951.3 1.303E+00 1.960E+08 8.475E-05 9.650E-03 2.000E+05 0.000E+00 0.000E+00 1.161E+06
 1.68716284E-02   3979.7 1.687E+00 2.533E+08 8.894E-05 9.417E-03 2.000E+05 0.000E+00 0.000E+00 1.072E+06
 2.17329634E-02   4008.2 2.173E+00 3.258E+08 9.398E-05 9.289E-03 2.000E+05 0.000E+00 0.000E+00 9.981E+05
 2.78489553E-02   4037.1 2.785E+00 4.173E+08 9.991E-05 9.142E-03 2.000E+05 0.000E+00 0.000E+00 9.382E+05
 3.54956156E-02   4066.3 3.549E+00 5.323E+08 1.069E-04 9.038E-03 2.000E+05 0.000E+00 0.000E+00 8.897E+05
 4.49907546E-02   4096.1 4.499E+00 6.762E+08 1.152E-04 8.965E-03 2.000E+05 0.000E+00 0.000E+00 8.507E+05
 5.67009536E-02   4126.4 5.670E+00 8.554E+08 1.249E-04 8.841E-03 2.000E+05 0.000E+00 0.000E+00 8.197E+05
 7.10516864E-02   4157.0 7.105E+00 1.077E+09 1.364E-04 8.669E-03 2.000E+05 0.000E+00 0.000E+00 7.950E+05
 8.85196826E-02   4187.8 8.851E+00 1.351E+09 1.499E-04 8.550E-03 2.000E+05 0.000E+00 0.000E+00 7.756E+05
 1.09629535E-01   4219.1 1.096E+01 1.687E+09 1.660E-04 8.505E-03 2.000E+05 0.000E+00 0.000E+00 7.604E+05
 1.34972908E-01   4250.8 1.350E+01 2.097E+09 1.849E-04 8.482E-03 2.000E+05 0.000E+00 0.000E+00 7.487E+05
 1.65233435E-01   4282.8 1.652E+01 2.598E+09 2.070E-04 8.416E-03 2.000E+05 0.000E+00 0.000E+00 7.397E+05
 2.01206975E-01   4314.8 2.012E+01 3.204E+09 2.326E-04 8.317E-03 2.000E+05 0.000E+00 0.000E+00 7.328E+05
 2.43822839E-01   4346.5 2.438E+01 3.934E+09 2.623E-04 8.194E-03 2.000E+05 0.000E+00 0.000E+00 7.276E+05
 2.94083638E-01   4377.8 2.941E+01 4.810E+09 2.973E-04 8.151E-03 2.000E+05 0.000E+00 0.000E+00 7.238E+05
 3.53027005E-01   4408.9 3.530E+01 5.857E+09 3.391E-04 8.312E-03 2.000E+05 0.000E+00 0.000E+00 7.210E+05
 4.21825193E-01   4440.5 4.218E+01 7.113E+09 3.880E-04 8.505E-03 2.000E+05 0.000E+00 0.000E+00 7.192E+05
 5.01914549E-01   4472.3 5.019E+01 8.615E+09 4.449E-04 8.688E-03 2.000E+05 0.000E+00 0.000E+00 7.181E+05
 5.94973440E-01   4504.2 5.949E+01 1.041E+10 5.110E-04 8.867E-03 2.000E+05 0.000E+00 0.000E+00 7.176E+05
 7.02956886E-01   4536.2 7.029E+01 1.254E+10 5.875E-04 9.046E-03 2.000E+05 0.000E+00 0.000E+00 7.176E+05
 8.28152255E-01   4568.0 8.281E+01 1.507E+10 6.759E-04 9.244E-03 2.000E+05 0.000E+00 0.000E+00 7.179E+05
 9.73410082E-01   4600.5 9.733E+01 1.811E+10 7.761E-04 9.269E-03 2.000E+05 0.000E+00 0.000E+00 7.186E+05
 1.14205040E+00   4632.4 1.142E+02 2.170E+10 8.917E-04 9.360E-03 2.000E+05 0.000E+00 0.000E+00 7.194E+05
 1.33774213E+00   4663.9 1.338E+02 2.595E+10 1.025E-03 9.486E-03 2.000E+05 0.000E+00 0.000E+00 7.205E+05
 1.56477771E+00   4695.2 1.565E+02 3.096E+10 1.178E-03 9.637E-03 2.000E+05 0.000E+00 0.000E+00 7.217E+05
 1.82824604E+00   4725.8 1.828E+02 3.685E+10 1.353E-03 9.820E-03 2.000E+05 0.000E+00 0.000E+00 7.231E+05
 2.13418269E+00   4755.9 2.134E+02 4.375E+10 1.554E-03 1.005E-02 2.000E+05 0.000E+00 0.000E+00 7.245E+05
 2.48963358E+00   4785.5 2.489E+02 5.184E+10 1.783E-03 1.032E-02 2.000E+05 0.000E+00 0.000E+00 7.260E+05
 2.90264525E+00   4813.4 2.902E+02 6.112E+10 2.047E-03 1.085E-02 2.000E+05 0.000E+00 0.000E+00 7.274E+05
 3.38201992E+00   4841.7 3.382E+02 7.207E+10 2.353E-03 1.152E-02 2.000E+05 0.000E+00 0.000E+00 7.290E+05
 3.93774081E+00   4870.4 3.937E+02 8.497E+10 2.708E-03 1.233E-02 2.000E+05 0.000E+00 0.000E+00 7.307E+05
 4.58134750E+00   4899.8 4.581E+02 1.002E+11 3.120E-03 1.325E-02 2.000E+05 0.000E+00 0.000E+00 7.324E+05
 5.32609419E+00   4929.9 5.326E+02 1.183E+11 3.597E-03 1.432E-02 2.000E+05 0.000E+00 0.000E+00 7.342E+05
 6.18702286E+00   4961.0 6.186E+02 1.398E+11 4.152E-03 1.556E-02 2.000E+05 0.000E+00 0.000E+00 7.362E+05
 7.18071056E+00   4993.5 7.180E+02 1.655E+11 4.802E-03 1.701E-02 2.000E+05 0.000E+00 0.000E+00 7.382E+05
 8.32480388E+00   5027.9 8.324E+02 1.966E+11 5.571E-03 1.878E-02 2.000E+05 0.000E+00 0.000E+00 7.404E+05
 9.63651552E+00   5065.3 9.635E+02 2.348E+11 6.498E-03 2.097E-02 2.000E+05 0.000E+00 0.000E+00 7.427E+05
 1.11306367E+01   5107.1 1.113E+03 2.827E+11 7.636E-03 2.373E-02 2.000E+05 0.000E+00 0.000E+00 7.453E+05
 1.28185849E+01   5154.7 1.282E+03 3.441E+11 9.055E-03 2.718E-02 2.000E+05 0.000E+00 0.000E+00 7.483E+05
 1.47066986E+01   5209.3 1.470E+03 4.247E+11 1.085E-02 3.155E-02 2.000E+05 0.000E+00 0.000E+00 7.515E+05
 1.67929805E+01   5272.8 1.679E+03 5.333E+11 1.319E-02 3.720E-02 2.000E+05 0.000E+00 0.000E+00 7.552E+05
 1.90638024E+01   5347.0 1.906E+03 6.840E+11 1.630E-02 4.470E-02 2.000E+05 0.000E+00 0.000E+00 7.593E+05
 2.14850621E+01   5435.1 2.148E+03 9.018E+11 2.065E-02 5.529E-02 2.000E+05 0.000E+00 0.000E+00 7.639E+05
 2.39993802E+01   5540.1 2.399E+03 1.228E+12 2.689E-02 7.051E-02 2.000E+05 0.000E+00 0.000E+00 7.689E+05
 2.65351779E+01   5664.7 2.653E+03 1.733E+12 3.612E-02 9.286E-02 2.000E+05 0.000E+00 0.000E+00 7.740E+05
 2.90089477E+01   5812.6 2.900E+03 2.544E+12 5.030E-02 1.272E-01 2.000E+05 0.000E+00 0.000E+00 7.791E+05
 3.13291589E+01   5988.0 3.131E+03 3.895E+12 7.303E-02 1.825E-01 2.000E+05 1.350E-11 2.390E+02 7.835E+05
 3.34151359E+01   6194.8 3.340E+03 6.212E+12 1.107E-01 2.743E-01 2.000E+05 1.030E-09 9.848E+02 7.865E+05
 3.52043066E+01   6438.7 3.518E+03 1.032E+13 1.767E-01 4.372E-01 2.000E+05 4.242E-08 3.289E+03 7.876E+05
 3.66539915E+01   6728.5 3.662E+03 1.789E+13 2.997E-01 7.451E-01 2.000E+05 1.826E-06 1.105E+04 7.871E+05
 3.77588169E+01   7065.7 3.771E+03 3.191E+13 5.411E-01 1.365E+00 2.000E+05 1.066E-04 4.060E+04 7.869E+05
 3.85260291E+01   7481.4 3.847E+03 6.013E+13 1.096E+00 2.810E+00 2.000E+05 3.997E-03 1.266E+05 7.913E+05
 3.89996304E+01   7966.7 3.892E+03 1.146E+14 2.431E+00 5.648E+00 2.000E+05 4.501E-02 2.591E+05 8.059E+05
 3.93100283E+01   8358.9 3.921E+03 1.808E+14 4.496E+00 7.256E+00 2.000E+05 3.575E-01 5.113E+05 8.258E+05
 3.95622037E+01   8623.3 3.944E+03 2.387E+14 6.668E+00 6.519E+00 2.000E+05 5.943E-01 5.982E+05 8.434E+05
 3.98049583E+01   8818.3 3.967E+03 2.887E+14 8.792E+00 5.491E+00 2.000E+05 7.319E-01 6.298E+05 8.585E+05
 4.00565040E+01   8990.4 3.991E+03 3.380E+14 1.109E+01 4.792E+00 2.000E+05 8.206E-01 6.544E+05 8.734E+05
 4.03270040E+01   9146.6 4.017E+03 3.868E+14 1.357E+01 4.205E+00 2.000E+05 8.713E-01 6.630E+05 8.883E+05
 4.06252324E+01   9294.2 4.046E+03 4.363E+14 1.626E+01 3.829E+00 2.000E+05 9.037E-01 6.728E+05 9.035E+05
 4.09590807E+01   9442.2 4.078E+03 4.890E+14 1.927E+01 3.549E+00 2.000E+05 9.253E-01 6.808E+05 9.199E+05
 4.13371886E+01   9589.5 4.114E+03 5.440E+14 2.257E+01 3.390E+00 2.000E+05 9.381E-01 6.926E+05 9.416E+05
 4.17671754E+01   9749.4 4.156E+03 6.060E+14 2.648E+01 3.187E+00 2.000E+05 9.515E-01 6.965E+05 9.574E+05
 4.22610896E+01   9900.9 4.204E+03 6.668E+14 3.047E+01 2.998E+00 2.000E+05 9.595E-01 6.994E+05 9.775E+05
 4.28324586E+01  10075.8 4.259E+03 7.376E+14 3.518E+01 2.972E+00 2.000E+05 9.658E-01 7.125E+05 1.002E+06
 4.34985158E+01  10253.7 4.324E+03 8.100E+14 3.992E+01 3.008E+00 2.000E+05 9.693E-01 7.208E+05 1.028E+06
PRADK 1.7323E+00
BEGIN                    ITERATION  15 COMPLETED
