TEFF   6750.  GRAVITY 3.00000 LTE 
TITLE  [-1.0a] N(He)/Ntot=0.0784 VTURB=2.0  L/H=1.25 ODFNEW                     
 OPACITY IFOP 1 1 1 1 1 1 1 1 1 1 1 1 1 0 1 0 0 0 0 0
 CONVECTION ON   1.25 TURBULENCE OFF  0.00  0.00  0.00  0.00
ABUNDANCE SCALE   0.10000 ABUNDANCE CHANGE 1 0.92130 2 0.07842
 ABUNDANCE CHANGE  3 -10.94  4 -10.64  5  -9.49  6  -3.52  7  -4.12  8  -2.81
 ABUNDANCE CHANGE  9  -7.48 10  -3.56 11  -5.71 12  -4.06 13  -5.57 14  -4.09
 ABUNDANCE CHANGE 15  -6.59 16  -4.31 17  -6.54 18  -5.24 19  -6.92 20  -5.28
 ABUNDANCE CHANGE 21  -8.87 22  -6.62 23  -8.04 24  -6.37 25  -6.65 26  -4.54
 ABUNDANCE CHANGE 27  -7.12 28  -5.79 29  -7.83 30  -7.44 31  -9.16 32  -8.63
 ABUNDANCE CHANGE 33  -9.67 34  -8.63 35  -9.41 36  -8.73 37  -9.44 38  -9.07
 ABUNDANCE CHANGE 39  -9.80 40  -9.44 41 -10.62 42 -10.12 43 -20.00 44 -10.20
 ABUNDANCE CHANGE 45 -10.92 46 -10.35 47 -11.10 48 -10.27 49 -10.38 50 -10.04
 ABUNDANCE CHANGE 51 -11.04 52  -9.80 53 -10.53 54  -9.87 55 -10.91 56  -9.91
 ABUNDANCE CHANGE 57 -10.87 58 -10.46 59 -11.33 60 -10.54 61 -20.00 62 -11.03
 ABUNDANCE CHANGE 63 -11.53 64 -10.92 65 -11.69 66 -10.90 67 -11.78 68 -11.11
 ABUNDANCE CHANGE 69 -12.04 70 -10.96 71 -11.98 72 -11.16 73 -12.17 74 -10.93
 ABUNDANCE CHANGE 75 -11.76 76 -10.59 77 -10.69 78 -10.24 79 -11.03 80 -10.91
 ABUNDANCE CHANGE 81 -11.14 82 -10.09 83 -11.33 84 -20.00 85 -20.00 86 -20.00
 ABUNDANCE CHANGE 87 -20.00 88 -20.00 89 -20.00 90 -11.95 91 -20.00 92 -12.54
 ABUNDANCE CHANGE 93 -20.00 94 -20.00 95 -20.00 96 -20.00 97 -20.00 98 -20.00
 ABUNDANCE CHANGE 99 -20.00
READ DECK6 72 RHOX,T,P,XNE,ABROSS,ACCRAD,VTURB, FLXCNV,VCONV,VELSND
 4.69933466E-04   4389.5 4.699E-01 3.617E+08 2.838E-04 4.064E-02 2.000E+05 0.000E+00 0.000E+00 2.075E+06
 6.28850319E-04   4406.8 6.288E-01 4.502E+08 2.760E-04 4.053E-02 2.000E+05 0.000E+00 0.000E+00 1.839E+06
 8.45576430E-04   4426.5 8.455E-01 5.668E+08 2.714E-04 3.984E-02 2.000E+05 0.000E+00 0.000E+00 1.634E+06
 1.13766202E-03   4448.3 1.138E+00 7.194E+08 2.702E-04 3.899E-02 2.000E+05 0.000E+00 0.000E+00 1.460E+06
 1.52657811E-03   4471.8 1.527E+00 9.174E+08 2.725E-04 3.818E-02 2.000E+05 0.000E+00 0.000E+00 1.314E+06
 2.03782863E-03   4496.1 2.038E+00 1.169E+09 2.779E-04 3.740E-02 2.000E+05 0.000E+00 0.000E+00 1.195E+06
 2.70278601E-03   4520.8 2.703E+00 1.485E+09 2.864E-04 3.675E-02 2.000E+05 0.000E+00 0.000E+00 1.098E+06
 3.55824476E-03   4546.0 3.558E+00 1.881E+09 2.985E-04 3.628E-02 2.000E+05 0.000E+00 0.000E+00 1.020E+06
 4.64591508E-03   4571.8 4.646E+00 2.376E+09 3.149E-04 3.598E-02 2.000E+05 0.000E+00 0.000E+00 9.581E+05
 6.01177833E-03   4598.4 6.012E+00 2.993E+09 3.364E-04 3.580E-02 2.000E+05 0.000E+00 0.000E+00 9.091E+05
 7.70582285E-03   4626.0 7.706E+00 3.760E+09 3.639E-04 3.565E-02 2.000E+05 0.000E+00 0.000E+00 8.708E+05
 9.78196594E-03   4654.6 9.782E+00 4.711E+09 3.981E-04 3.552E-02 2.000E+05 0.000E+00 0.000E+00 8.409E+05
 1.22987141E-02   4684.1 1.230E+01 5.885E+09 4.401E-04 3.549E-02 2.000E+05 0.000E+00 0.000E+00 8.177E+05
 1.53205577E-02   4714.4 1.532E+01 7.327E+09 4.908E-04 3.545E-02 2.000E+05 0.000E+00 0.000E+00 7.998E+05
 1.89207863E-02   4745.2 1.892E+01 9.085E+09 5.511E-04 3.538E-02 2.000E+05 0.000E+00 0.000E+00 7.860E+05
 2.31831000E-02   4776.4 2.318E+01 1.122E+10 6.224E-04 3.529E-02 2.000E+05 0.000E+00 0.000E+00 7.754E+05
 2.82030705E-02   4807.9 2.820E+01 1.380E+10 7.063E-04 3.524E-02 2.000E+05 0.000E+00 0.000E+00 7.673E+05
 3.40912374E-02   4839.6 3.409E+01 1.690E+10 8.043E-04 3.526E-02 2.000E+05 0.000E+00 0.000E+00 7.611E+05
 4.09765329E-02   4871.3 4.098E+01 2.062E+10 9.184E-04 3.538E-02 2.000E+05 0.000E+00 0.000E+00 7.565E+05
 4.90091316E-02   4903.1 4.901E+01 2.506E+10 1.051E-03 3.554E-02 2.000E+05 0.000E+00 0.000E+00 7.530E+05
 5.83644586E-02   4934.8 5.836E+01 3.035E+10 1.204E-03 3.575E-02 2.000E+05 0.000E+00 0.000E+00 7.505E+05
 6.92481976E-02   4966.4 6.925E+01 3.662E+10 1.380E-03 3.604E-02 2.000E+05 0.000E+00 0.000E+00 7.488E+05
 8.19006462E-02   4997.9 8.190E+01 4.405E+10 1.584E-03 3.642E-02 2.000E+05 0.000E+00 0.000E+00 7.478E+05
 9.65997508E-02   5029.3 9.660E+01 5.283E+10 1.819E-03 3.695E-02 2.000E+05 0.000E+00 0.000E+00 7.472E+05
 1.13668829E-01   5060.6 1.137E+02 6.318E+10 2.089E-03 3.770E-02 2.000E+05 0.000E+00 0.000E+00 7.470E+05
 1.33481110E-01   5091.9 1.335E+02 7.541E+10 2.401E-03 3.862E-02 2.000E+05 0.000E+00 0.000E+00 7.472E+05
 1.56465291E-01   5123.3 1.565E+02 8.985E+10 2.760E-03 3.970E-02 2.000E+05 0.000E+00 0.000E+00 7.477E+05
 1.83124911E-01   5154.7 1.831E+02 1.068E+11 3.173E-03 4.095E-02 2.000E+05 0.000E+00 0.000E+00 7.484E+05
 2.14046845E-01   5186.1 2.140E+02 1.268E+11 3.648E-03 4.239E-02 2.000E+05 0.000E+00 0.000E+00 7.493E+05
 2.49922306E-01   5217.2 2.499E+02 1.502E+11 4.192E-03 4.403E-02 2.000E+05 0.000E+00 0.000E+00 7.504E+05
 2.91564673E-01   5248.3 2.916E+02 1.775E+11 4.815E-03 4.592E-02 2.000E+05 0.000E+00 0.000E+00 7.517E+05
 3.39935518E-01   5278.9 3.399E+02 2.094E+11 5.524E-03 4.811E-02 2.000E+05 0.000E+00 0.000E+00 7.530E+05
 3.96176163E-01   5309.2 3.962E+02 2.463E+11 6.333E-03 5.067E-02 2.000E+05 0.000E+00 0.000E+00 7.545E+05
 4.61645844E-01   5338.8 4.616E+02 2.891E+11 7.249E-03 5.356E-02 2.000E+05 0.000E+00 0.000E+00 7.560E+05
 5.37959478E-01   5368.0 5.379E+02 3.385E+11 8.289E-03 5.686E-02 2.000E+05 0.000E+00 0.000E+00 7.576E+05
 6.27074623E-01   5396.1 6.270E+02 3.949E+11 9.455E-03 6.067E-02 2.000E+05 0.000E+00 0.000E+00 7.592E+05
 7.31292642E-01   5423.8 7.313E+02 4.600E+11 1.078E-02 6.509E-02 2.000E+05 0.000E+00 0.000E+00 7.609E+05
 8.53318369E-01   5450.7 8.533E+02 5.346E+11 1.227E-02 7.016E-02 2.000E+05 0.000E+00 0.000E+00 7.626E+05
 9.96290401E-01   5477.8 9.962E+02 6.212E+11 1.396E-02 7.606E-02 2.000E+05 0.000E+00 0.000E+00 7.644E+05
 1.16373378E+00   5505.0 1.164E+03 7.217E+11 1.591E-02 8.306E-02 2.000E+05 0.000E+00 0.000E+00 7.662E+05
 1.35954222E+00   5533.3 1.359E+03 8.404E+11 1.816E-02 9.132E-02 2.000E+05 0.000E+00 0.000E+00 7.681E+05
 1.58788795E+00   5563.3 1.588E+03 9.820E+11 2.080E-02 1.011E-01 2.000E+05 0.000E+00 0.000E+00 7.701E+05
 1.85319136E+00   5595.8 1.853E+03 1.153E+12 2.393E-02 1.129E-01 2.000E+05 0.000E+00 0.000E+00 7.722E+05
 2.15970791E+00   5632.2 2.160E+03 1.365E+12 2.771E-02 1.274E-01 2.000E+05 0.000E+00 0.000E+00 7.744E+05
 2.51112728E+00   5673.5 2.511E+03 1.632E+12 3.238E-02 1.453E-01 2.000E+05 0.000E+00 0.000E+00 7.768E+05
 2.91002403E+00   5721.8 2.910E+03 1.977E+12 3.826E-02 1.681E-01 2.000E+05 0.000E+00 0.000E+00 7.795E+05
 3.35684864E+00   5779.1 3.356E+03 2.436E+12 4.590E-02 1.980E-01 2.000E+05 0.000E+00 0.000E+00 7.823E+05
 3.84894778E+00   5847.8 3.848E+03 3.065E+12 5.611E-02 2.380E-01 2.000E+05 0.000E+00 0.000E+00 7.854E+05
 4.38029320E+00   5930.4 4.380E+03 3.950E+12 7.003E-02 2.927E-01 2.000E+05 0.000E+00 0.000E+00 7.887E+05
 4.94123702E+00   6029.8 4.940E+03 5.232E+12 8.956E-02 3.694E-01 2.000E+05 0.000E+00 0.000E+00 7.922E+05
 5.51824637E+00   6149.2 5.517E+03 7.144E+12 1.178E-01 4.802E-01 2.000E+05 0.000E+00 0.000E+00 7.956E+05
 6.09358639E+00   6293.1 6.092E+03 1.010E+13 1.603E-01 6.482E-01 2.000E+05 0.000E+00 0.000E+00 7.987E+05
 6.64720821E+00   6465.2 6.645E+03 1.478E+13 2.263E-01 9.104E-01 2.000E+05 5.826E-12 1.644E+02 8.012E+05
 7.15889588E+00   6671.4 7.157E+03 2.249E+13 3.340E-01 1.342E+00 2.000E+05 1.323E-09 9.662E+02 8.028E+05
 7.61001377E+00   6917.0 7.607E+03 3.550E+13 5.184E-01 2.092E+00 2.000E+05 6.425E-08 3.382E+03 8.035E+05
 7.98486372E+00   7213.5 7.981E+03 5.849E+13 8.599E-01 3.506E+00 2.000E+05 3.068E-06 1.168E+04 8.041E+05
 8.27660440E+00   7561.9 8.271E+03 9.913E+13 1.523E+00 6.320E+00 2.000E+05 1.956E-04 4.411E+04 8.071E+05
 8.48234713E+00   8001.5 8.475E+03 1.784E+14 3.045E+00 1.276E+01 2.000E+05 6.853E-03 1.348E+05 8.167E+05
 8.61332912E+00   8502.2 8.604E+03 3.189E+14 6.441E+00 2.421E+01 2.000E+05 6.091E-02 2.592E+05 8.369E+05
 8.70405654E+00   8898.3 8.692E+03 4.766E+14 1.119E+01 2.988E+01 2.000E+05 3.440E-01 4.603E+05 8.604E+05
 8.78192451E+00   9170.3 8.767E+03 6.115E+14 1.592E+01 2.720E+01 2.000E+05 5.560E-01 5.344E+05 8.804E+05
 8.85880768E+00   9384.9 8.842E+03 7.335E+14 2.066E+01 2.346E+01 2.000E+05 6.967E-01 5.707E+05 8.985E+05
 8.93979144E+00   9576.4 8.922E+03 8.536E+14 2.565E+01 2.034E+01 2.000E+05 7.927E-01 5.948E+05 9.152E+05
 9.02818731E+00   9752.8 9.008E+03 9.730E+14 3.093E+01 1.808E+01 2.000E+05 8.477E-01 6.083E+05 9.343E+05
 9.12670064E+00   9927.2 9.105E+03 1.098E+15 3.677E+01 1.656E+01 2.000E+05 8.851E-01 6.209E+05 9.534E+05
 9.23815830E+00  10099.5 9.215E+03 1.228E+15 4.297E+01 1.535E+01 2.000E+05 9.089E-01 6.288E+05 9.735E+05
 9.36601917E+00  10277.7 9.341E+03 1.368E+15 4.974E+01 1.454E+01 2.000E+05 9.256E-01 6.376E+05 9.956E+05
 9.51396177E+00  10463.4 9.487E+03 1.517E+15 5.711E+01 1.397E+01 2.000E+05 9.377E-01 6.463E+05 1.020E+06
 9.68630935E+00  10663.3 9.657E+03 1.680E+15 6.518E+01 1.369E+01 2.000E+05 9.466E-01 6.566E+05 1.047E+06
 9.88847443E+00  10880.8 9.856E+03 1.855E+15 7.380E+01 1.364E+01 2.000E+05 9.528E-01 6.671E+05 1.078E+06
 1.01276361E+01  11125.0 1.009E+04 2.045E+15 8.277E+01 1.413E+01 2.000E+05 9.567E-01 6.820E+05 1.114E+06
 1.04159716E+01  11413.5 1.038E+04 2.252E+15 9.072E+01 1.526E+01 2.000E+05 9.576E-01 6.984E+05 1.157E+06
PRADK 2.7801E+00
BEGIN                    ITERATION  15 COMPLETED
