TEFF   7750.  GRAVITY 2.50000 LTE 
TITLE  [-1.0a] N(He)/Ntot=0.0784 VTURB=2.0  L/H=1.25 ODFNEW                     
 OPACITY IFOP 1 1 1 1 1 1 1 1 1 1 1 1 1 0 1 0 0 0 0 0
 CONVECTION ON   1.25 TURBULENCE OFF  0.00  0.00  0.00  0.00
ABUNDANCE SCALE   0.10000 ABUNDANCE CHANGE 1 0.92130 2 0.07842
 ABUNDANCE CHANGE  3 -10.94  4 -10.64  5  -9.49  6  -3.52  7  -4.12  8  -2.81
 ABUNDANCE CHANGE  9  -7.48 10  -3.56 11  -5.71 12  -4.06 13  -5.57 14  -4.09
 ABUNDANCE CHANGE 15  -6.59 16  -4.31 17  -6.54 18  -5.24 19  -6.92 20  -5.28
 ABUNDANCE CHANGE 21  -8.87 22  -6.62 23  -8.04 24  -6.37 25  -6.65 26  -4.54
 ABUNDANCE CHANGE 27  -7.12 28  -5.79 29  -7.83 30  -7.44 31  -9.16 32  -8.63
 ABUNDANCE CHANGE 33  -9.67 34  -8.63 35  -9.41 36  -8.73 37  -9.44 38  -9.07
 ABUNDANCE CHANGE 39  -9.80 40  -9.44 41 -10.62 42 -10.12 43 -20.00 44 -10.20
 ABUNDANCE CHANGE 45 -10.92 46 -10.35 47 -11.10 48 -10.27 49 -10.38 50 -10.04
 ABUNDANCE CHANGE 51 -11.04 52  -9.80 53 -10.53 54  -9.87 55 -10.91 56  -9.91
 ABUNDANCE CHANGE 57 -10.87 58 -10.46 59 -11.33 60 -10.54 61 -20.00 62 -11.03
 ABUNDANCE CHANGE 63 -11.53 64 -10.92 65 -11.69 66 -10.90 67 -11.78 68 -11.11
 ABUNDANCE CHANGE 69 -12.04 70 -10.96 71 -11.98 72 -11.16 73 -12.17 74 -10.93
 ABUNDANCE CHANGE 75 -11.76 76 -10.59 77 -10.69 78 -10.24 79 -11.03 80 -10.91
 ABUNDANCE CHANGE 81 -11.14 82 -10.09 83 -11.33 84 -20.00 85 -20.00 86 -20.00
 ABUNDANCE CHANGE 87 -20.00 88 -20.00 89 -20.00 90 -11.95 91 -20.00 92 -12.54
 ABUNDANCE CHANGE 93 -20.00 94 -20.00 95 -20.00 96 -20.00 97 -20.00 98 -20.00
 ABUNDANCE CHANGE 99 -20.00
READ DECK6 72 RHOX,T,P,XNE,ABROSS,ACCRAD,VTURB, FLXCNV,VCONV,VELSND
 3.33357424E-05   4704.0 1.053E-02 1.755E+08 4.000E-03 2.632E-01 2.000E+05 0.000E+00 0.000E+00 9.260E+06
 4.47246852E-05   4727.7 1.413E-02 2.215E+08 3.810E-03 2.595E-01 2.000E+05 0.000E+00 0.000E+00 8.194E+06
 6.08223392E-05   4747.6 1.922E-02 2.777E+08 3.559E-03 2.541E-01 2.000E+05 0.000E+00 0.000E+00 7.245E+06
 8.36288162E-05   4773.5 2.642E-02 3.571E+08 3.377E-03 2.480E-01 2.000E+05 0.000E+00 0.000E+00 6.349E+06
 1.15594969E-04   4802.7 3.652E-02 4.652E+08 3.235E-03 2.409E-01 2.000E+05 0.000E+00 0.000E+00 5.540E+06
 1.59848581E-04   4835.2 5.051E-02 6.121E+08 3.131E-03 2.329E-01 2.000E+05 0.000E+00 0.000E+00 4.823E+06
 2.20561995E-04   4869.7 6.969E-02 8.089E+08 3.054E-03 2.244E-01 2.000E+05 0.000E+00 0.000E+00 4.199E+06
 3.03298760E-04   4905.6 9.584E-02 1.070E+09 2.997E-03 2.159E-01 2.000E+05 0.000E+00 0.000E+00 3.660E+06
 4.15464309E-04   4942.4 1.313E-01 1.415E+09 2.954E-03 2.076E-01 2.000E+05 0.000E+00 0.000E+00 3.198E+06
 5.66930784E-04   4979.7 1.792E-01 1.868E+09 2.922E-03 1.997E-01 2.000E+05 0.000E+00 0.000E+00 2.802E+06
 7.70757925E-04   5017.5 2.436E-01 2.459E+09 2.900E-03 1.921E-01 2.000E+05 0.000E+00 0.000E+00 2.463E+06
 1.04407955E-03   5055.6 3.299E-01 3.228E+09 2.889E-03 1.849E-01 2.000E+05 0.000E+00 0.000E+00 2.173E+06
 1.40947410E-03   5093.5 4.454E-01 4.222E+09 2.885E-03 1.783E-01 2.000E+05 0.000E+00 0.000E+00 1.927E+06
 1.89674510E-03   5131.1 5.994E-01 5.498E+09 2.888E-03 1.724E-01 2.000E+05 0.000E+00 0.000E+00 1.718E+06
 2.54498123E-03   5168.1 8.043E-01 7.125E+09 2.899E-03 1.676E-01 2.000E+05 0.000E+00 0.000E+00 1.541E+06
 3.40415486E-03   5205.1 1.076E+00 9.203E+09 2.925E-03 1.643E-01 2.000E+05 0.000E+00 0.000E+00 1.392E+06
 4.53527310E-03   5242.8 1.433E+00 1.187E+10 2.975E-03 1.621E-01 2.000E+05 0.000E+00 0.000E+00 1.266E+06
 6.00928900E-03   5281.9 1.899E+00 1.530E+10 3.062E-03 1.609E-01 2.000E+05 0.000E+00 0.000E+00 1.161E+06
 7.90531582E-03   5322.9 2.499E+00 1.973E+10 3.197E-03 1.604E-01 2.000E+05 0.000E+00 0.000E+00 1.075E+06
 1.03090626E-02   5365.9 3.258E+00 2.543E+10 3.386E-03 1.604E-01 2.000E+05 0.000E+00 0.000E+00 1.003E+06
 1.33122139E-02   5410.7 4.207E+00 3.270E+10 3.639E-03 1.612E-01 2.000E+05 0.000E+00 0.000E+00 9.457E+05
 1.70126718E-02   5456.9 5.377E+00 4.191E+10 3.963E-03 1.624E-01 2.000E+05 0.000E+00 0.000E+00 8.996E+05
 2.15179692E-02   5504.0 6.801E+00 5.346E+10 4.363E-03 1.640E-01 2.000E+05 0.000E+00 0.000E+00 8.628E+05
 2.69466505E-02   5551.9 8.517E+00 6.782E+10 4.851E-03 1.662E-01 2.000E+05 0.000E+00 0.000E+00 8.338E+05
 3.34330429E-02   5600.0 1.057E+01 8.552E+10 5.433E-03 1.689E-01 2.000E+05 0.000E+00 0.000E+00 8.109E+05
 4.11304635E-02   5648.2 1.300E+01 1.072E+11 6.123E-03 1.723E-01 2.000E+05 0.000E+00 0.000E+00 7.929E+05
 5.02175005E-02   5696.1 1.587E+01 1.334E+11 6.929E-03 1.763E-01 2.000E+05 0.000E+00 0.000E+00 7.788E+05
 6.09072056E-02   5743.5 1.925E+01 1.650E+11 7.865E-03 1.808E-01 2.000E+05 0.000E+00 0.000E+00 7.679E+05
 7.34605926E-02   5789.6 2.322E+01 2.025E+11 8.932E-03 1.861E-01 2.000E+05 0.000E+00 0.000E+00 7.594E+05
 8.82009287E-02   5834.2 2.788E+01 2.467E+11 1.014E-02 1.923E-01 2.000E+05 0.000E+00 0.000E+00 7.530E+05
 1.05523286E-01   5877.1 3.335E+01 2.984E+11 1.150E-02 1.996E-01 2.000E+05 0.000E+00 0.000E+00 7.482E+05
 1.25915778E-01   5918.1 3.980E+01 3.583E+11 1.301E-02 2.082E-01 2.000E+05 0.000E+00 0.000E+00 7.447E+05
 1.49964918E-01   5957.5 4.739E+01 4.277E+11 1.471E-02 2.182E-01 2.000E+05 0.000E+00 0.000E+00 7.422E+05
 1.78362435E-01   5995.5 5.637E+01 5.081E+11 1.660E-02 2.298E-01 2.000E+05 0.000E+00 0.000E+00 7.406E+05
 2.11911421E-01   6032.6 6.697E+01 6.014E+11 1.874E-02 2.432E-01 2.000E+05 0.000E+00 0.000E+00 7.397E+05
 2.51543530E-01   6069.1 7.949E+01 7.098E+11 2.116E-02 2.585E-01 2.000E+05 0.000E+00 0.000E+00 7.394E+05
 2.98335394E-01   6105.2 9.428E+01 8.361E+11 2.391E-02 2.762E-01 2.000E+05 0.000E+00 0.000E+00 7.395E+05
 3.53517352E-01   6141.3 1.117E+02 9.836E+11 2.705E-02 2.969E-01 2.000E+05 0.000E+00 0.000E+00 7.400E+05
 4.18484937E-01   6177.9 1.322E+02 1.156E+12 3.067E-02 3.210E-01 2.000E+05 0.000E+00 0.000E+00 7.409E+05
 4.94792993E-01   6215.3 1.563E+02 1.360E+12 3.488E-02 3.494E-01 2.000E+05 0.000E+00 0.000E+00 7.420E+05
 5.84113631E-01   6254.2 1.846E+02 1.601E+12 3.981E-02 3.832E-01 2.000E+05 0.000E+00 0.000E+00 7.434E+05
 6.88232514E-01   6295.5 2.174E+02 1.891E+12 4.565E-02 4.239E-01 2.000E+05 0.000E+00 0.000E+00 7.449E+05
 8.08911367E-01   6340.1 2.555E+02 2.243E+12 5.270E-02 4.738E-01 2.000E+05 0.000E+00 0.000E+00 7.466E+05
 9.47733106E-01   6389.4 2.994E+02 2.676E+12 6.136E-02 5.364E-01 2.000E+05 0.000E+00 0.000E+00 7.484E+05
 1.10581816E+00   6445.2 3.493E+02 3.223E+12 7.229E-02 6.170E-01 2.000E+05 0.000E+00 0.000E+00 7.502E+05
 1.28343433E+00   6509.8 4.053E+02 3.928E+12 8.647E-02 7.234E-01 2.000E+05 0.000E+00 0.000E+00 7.521E+05
 1.47966248E+00   6585.5 4.672E+02 4.857E+12 1.054E-01 8.676E-01 2.000E+05 0.000E+00 0.000E+00 7.541E+05
 1.69177092E+00   6675.9 5.341E+02 6.121E+12 1.317E-01 1.071E+00 2.000E+05 0.000E+00 0.000E+00 7.562E+05
 1.91489586E+00   6784.3 6.044E+02 7.881E+12 1.694E-01 1.367E+00 2.000E+05 0.000E+00 0.000E+00 7.585E+05
 2.14216099E+00   6914.7 6.759E+02 1.040E+13 2.259E-01 1.814E+00 2.000E+05 5.792E-15 3.485E+01 7.615E+05
 2.36489299E+00   7071.7 7.458E+02 1.409E+13 3.140E-01 2.521E+00 2.000E+05 2.593E-13 1.172E+02 7.655E+05
 2.57326055E+00   7260.3 8.111E+02 1.964E+13 4.594E-01 3.684E+00 2.000E+05 3.876E-12 2.736E+02 7.715E+05
 2.75809491E+00   7485.1 8.687E+02 2.809E+13 7.098E-01 5.682E+00 2.000E+05 8.109E-11 7.160E+02 7.806E+05
 2.91296365E+00   7750.4 9.166E+02 4.107E+13 1.162E+00 9.224E+00 2.000E+05 3.057E-09 2.293E+03 7.945E+05
 3.03576125E+00   8058.0 9.539E+02 6.072E+13 2.000E+00 1.562E+01 2.000E+05 1.777E-07 8.573E+03 8.153E+05
 3.12923644E+00   8408.2 9.815E+02 8.950E+13 3.549E+00 2.697E+01 2.000E+05 1.203E-05 3.431E+04 8.458E+05
 3.19924368E+00   8801.9 1.001E+03 1.292E+14 6.302E+00 4.635E+01 2.000E+05 4.118E-04 1.118E+05 8.897E+05
 3.25282972E+00   9239.5 1.015E+03 1.788E+14 1.067E+01 7.598E+01 2.000E+05 8.805E-04 1.482E+05 9.510E+05
 3.29704315E+00   9727.1 1.025E+03 2.318E+14 1.616E+01 1.120E+02 2.000E+05 4.490E-03 2.699E+05 1.032E+06
 3.33999900E+00  10264.1 1.033E+03 2.747E+14 2.038E+01 1.393E+02 2.000E+05 6.811E-03 3.372E+05 1.128E+06
 3.39081457E+00  10874.1 1.042E+03 2.982E+14 2.064E+01 1.415E+02 2.000E+05 1.486E-03 2.273E+05 1.229E+06
 3.46510462E+00  11556.1 1.056E+03 3.030E+14 1.723E+01 1.188E+02 2.000E+05 2.128E-05 6.400E+04 1.336E+06
 3.59134796E+00  12316.4 1.083E+03 2.995E+14 1.277E+01 8.810E+01 2.000E+05 7.901E-08 1.148E+04 1.460E+06
 3.82386042E+00  13146.2 1.139E+03 2.984E+14 9.162E+00 6.294E+01 2.000E+05 8.850E-10 2.778E+03 1.574E+06
 4.25299021E+00  14053.1 1.252E+03 3.089E+14 6.714E+00 4.588E+01 2.000E+05 6.246E-11 1.123E+03 1.624E+06
 5.00180394E+00  15031.3 1.458E+03 3.393E+14 5.358E+00 3.651E+01 2.000E+05 3.436E-11 8.456E+02 1.642E+06
 6.20264543E+00  16100.4 1.798E+03 3.952E+14 4.621E+00 3.143E+01 2.000E+05 1.899E-11 6.537E+02 1.702E+06
 8.00550389E+00  17252.3 2.314E+03 4.799E+14 4.202E+00 2.854E+01 2.000E+05 7.483E-13 2.201E+02 1.814E+06
 1.06174503E+01  18506.6 3.068E+03 5.967E+14 3.911E+00 2.656E+01 2.000E+05 0.000E+00 0.000E+00 1.954E+06
 1.42905823E+01  19852.6 4.134E+03 7.514E+14 3.767E+00 2.556E+01 2.000E+05 0.000E+00 0.000E+00 2.080E+06
 1.93270227E+01  21312.6 5.600E+03 9.490E+14 3.694E+00 2.502E+01 2.000E+05 0.000E+00 0.000E+00 2.185E+06
 2.60991659E+01  22877.8 7.574E+03 1.196E+15 3.692E+00 2.444E+01 2.000E+05 0.000E+00 0.000E+00 2.276E+06
PRADK 4.8293E+00
BEGIN                    ITERATION  15 COMPLETED
