TEFF   4500.  GRAVITY 0.50000 LTE 
TITLE  [-1.0a] N(He)/Ntot=0.0784 VTURB=2.0  L/H=1.25 ODFNEW                     
 OPACITY IFOP 1 1 1 1 1 1 1 1 1 1 1 1 1 0 1 0 0 0 0 0
 CONVECTION ON   1.25 TURBULENCE OFF  0.00  0.00  0.00  0.00
ABUNDANCE SCALE   0.10000 ABUNDANCE CHANGE 1 0.92130 2 0.07842
 ABUNDANCE CHANGE  3 -10.94  4 -10.64  5  -9.49  6  -3.52  7  -4.12  8  -2.81
 ABUNDANCE CHANGE  9  -7.48 10  -3.56 11  -5.71 12  -4.06 13  -5.57 14  -4.09
 ABUNDANCE CHANGE 15  -6.59 16  -4.31 17  -6.54 18  -5.24 19  -6.92 20  -5.28
 ABUNDANCE CHANGE 21  -8.87 22  -6.62 23  -8.04 24  -6.37 25  -6.65 26  -4.54
 ABUNDANCE CHANGE 27  -7.12 28  -5.79 29  -7.83 30  -7.44 31  -9.16 32  -8.63
 ABUNDANCE CHANGE 33  -9.67 34  -8.63 35  -9.41 36  -8.73 37  -9.44 38  -9.07
 ABUNDANCE CHANGE 39  -9.80 40  -9.44 41 -10.62 42 -10.12 43 -20.00 44 -10.20
 ABUNDANCE CHANGE 45 -10.92 46 -10.35 47 -11.10 48 -10.27 49 -10.38 50 -10.04
 ABUNDANCE CHANGE 51 -11.04 52  -9.80 53 -10.53 54  -9.87 55 -10.91 56  -9.91
 ABUNDANCE CHANGE 57 -10.87 58 -10.46 59 -11.33 60 -10.54 61 -20.00 62 -11.03
 ABUNDANCE CHANGE 63 -11.53 64 -10.92 65 -11.69 66 -10.90 67 -11.78 68 -11.11
 ABUNDANCE CHANGE 69 -12.04 70 -10.96 71 -11.98 72 -11.16 73 -12.17 74 -10.93
 ABUNDANCE CHANGE 75 -11.76 76 -10.59 77 -10.69 78 -10.24 79 -11.03 80 -10.91
 ABUNDANCE CHANGE 81 -11.14 82 -10.09 83 -11.33 84 -20.00 85 -20.00 86 -20.00
 ABUNDANCE CHANGE 87 -20.00 88 -20.00 89 -20.00 90 -11.95 91 -20.00 92 -12.54
 ABUNDANCE CHANGE 93 -20.00 94 -20.00 95 -20.00 96 -20.00 97 -20.00 98 -20.00
 ABUNDANCE CHANGE 99 -20.00
READ DECK6 72 RHOX,T,P,XNE,ABROSS,ACCRAD,VTURB, FLXCNV,VCONV,VELSND
 2.40722024E-02   2313.0 7.610E-02 3.725E+05 5.540E-06 9.115E-04 2.000E+05 0.000E+00 0.000E+00 1.647E+06
 3.19317984E-02   2342.7 1.009E-01 5.196E+05 5.778E-06 8.635E-04 2.000E+05 0.000E+00 0.000E+00 1.464E+06
 4.19469186E-02   2372.1 1.326E-01 7.190E+05 6.066E-06 8.183E-04 2.000E+05 0.000E+00 0.000E+00 1.312E+06
 5.46804642E-02   2404.2 1.729E-01 1.002E+06 6.356E-06 7.734E-04 2.000E+05 0.000E+00 0.000E+00 1.187E+06
 7.07877700E-02   2440.1 2.238E-01 1.415E+06 6.739E-06 7.251E-04 2.000E+05 0.000E+00 0.000E+00 1.085E+06
 9.10881565E-02   2478.3 2.880E-01 2.013E+06 7.116E-06 6.819E-04 2.000E+05 0.000E+00 0.000E+00 1.000E+06
 1.16603747E-01   2519.2 3.686E-01 2.886E+06 7.585E-06 6.426E-04 2.000E+05 0.000E+00 0.000E+00 9.296E+05
 1.48226861E-01   2561.8 4.686E-01 4.140E+06 8.233E-06 6.058E-04 2.000E+05 0.000E+00 0.000E+00 8.708E+05
 1.87139246E-01   2605.3 5.917E-01 5.906E+06 8.902E-06 5.749E-04 2.000E+05 0.000E+00 0.000E+00 8.218E+05
 2.34971046E-01   2649.5 7.429E-01 8.367E+06 9.691E-06 5.487E-04 2.000E+05 0.000E+00 0.000E+00 7.810E+05
 2.93305489E-01   2694.1 9.273E-01 1.174E+07 1.064E-05 5.269E-04 2.000E+05 0.000E+00 0.000E+00 7.473E+05
 3.64127160E-01   2738.9 1.151E+00 1.626E+07 1.169E-05 5.085E-04 2.000E+05 0.000E+00 0.000E+00 7.196E+05
 4.49658861E-01   2783.1 1.422E+00 2.219E+07 1.296E-05 4.912E-04 2.000E+05 0.000E+00 0.000E+00 6.970E+05
 5.52461702E-01   2826.7 1.747E+00 2.984E+07 1.437E-05 4.767E-04 2.000E+05 0.000E+00 0.000E+00 6.791E+05
 6.76398091E-01   2870.2 2.139E+00 3.965E+07 1.587E-05 4.651E-04 2.000E+05 0.000E+00 0.000E+00 6.637E+05
 8.25836743E-01   2912.9 2.611E+00 5.204E+07 1.758E-05 4.524E-04 2.000E+05 0.000E+00 0.000E+00 6.518E+05
 1.00552264E+00   2955.2 3.179E+00 6.756E+07 1.952E-05 4.421E-04 2.000E+05 0.000E+00 0.000E+00 6.423E+05
 1.22122398E+00   2997.1 3.861E+00 8.686E+07 2.169E-05 4.330E-04 2.000E+05 0.000E+00 0.000E+00 6.350E+05
 1.48016647E+00   3038.4 4.680E+00 1.107E+08 2.409E-05 4.232E-04 2.000E+05 0.000E+00 0.000E+00 6.294E+05
 1.79087969E+00   3079.1 5.663E+00 1.399E+08 2.679E-05 4.129E-04 2.000E+05 0.000E+00 0.000E+00 6.253E+05
 2.16325767E+00   3119.5 6.840E+00 1.758E+08 2.982E-05 4.065E-04 2.000E+05 0.000E+00 0.000E+00 6.224E+05
 2.60890662E+00   3160.1 8.249E+00 2.198E+08 3.327E-05 4.034E-04 2.000E+05 0.000E+00 0.000E+00 6.206E+05
 3.14093479E+00   3200.8 9.931E+00 2.735E+08 3.721E-05 3.950E-04 2.000E+05 0.000E+00 0.000E+00 6.196E+05
 3.77466792E+00   3240.4 1.194E+01 3.381E+08 4.169E-05 3.878E-04 2.000E+05 0.000E+00 0.000E+00 6.194E+05
 4.52829172E+00   3279.6 1.432E+01 4.158E+08 4.678E-05 3.843E-04 2.000E+05 0.000E+00 0.000E+00 6.196E+05
 5.42317342E+00   3318.4 1.715E+01 5.092E+08 5.258E-05 3.833E-04 2.000E+05 0.000E+00 0.000E+00 6.204E+05
 6.48409408E+00   3358.6 2.050E+01 6.223E+08 5.918E-05 3.779E-04 2.000E+05 0.000E+00 0.000E+00 6.217E+05
 7.74071869E+00   3396.3 2.448E+01 7.556E+08 6.666E-05 3.773E-04 2.000E+05 0.000E+00 0.000E+00 6.232E+05
 9.22558304E+00   3434.5 2.917E+01 9.148E+08 7.537E-05 3.821E-04 2.000E+05 0.000E+00 0.000E+00 6.249E+05
 1.09804917E+01   3474.5 3.472E+01 1.106E+09 8.476E-05 3.754E-04 2.000E+05 0.000E+00 0.000E+00 6.271E+05
 1.31004858E+01   3514.6 4.142E+01 1.338E+09 9.211E-05 3.207E-04 2.000E+05 0.000E+00 0.000E+00 6.295E+05
 1.56826272E+01   3551.0 4.959E+01 1.615E+09 1.016E-04 2.935E-04 2.000E+05 0.000E+00 0.000E+00 6.316E+05
 1.87855345E+01   3581.2 5.940E+01 1.936E+09 1.133E-04 2.835E-04 2.000E+05 0.000E+00 0.000E+00 6.334E+05
 2.24873477E+01   3606.8 7.111E+01 2.309E+09 1.270E-04 2.837E-04 2.000E+05 0.000E+00 0.000E+00 6.348E+05
 2.68817929E+01   3627.6 8.501E+01 2.738E+09 1.429E-04 2.913E-04 2.000E+05 0.000E+00 0.000E+00 6.359E+05
 3.20546120E+01   3644.4 1.014E+02 3.228E+09 1.628E-04 3.140E-04 2.000E+05 0.000E+00 0.000E+00 6.367E+05
 3.81107106E+01   3658.8 1.205E+02 3.787E+09 1.856E-04 3.417E-04 2.000E+05 0.000E+00 0.000E+00 6.373E+05
 4.51825981E+01   3674.8 1.429E+02 4.437E+09 2.122E-04 3.746E-04 2.000E+05 0.000E+00 0.000E+00 6.381E+05
 5.34157231E+01   3691.9 1.689E+02 5.190E+09 2.434E-04 4.129E-04 2.000E+05 0.000E+00 0.000E+00 6.391E+05
 6.29721358E+01   3710.8 1.991E+02 6.065E+09 2.802E-04 4.581E-04 2.000E+05 0.000E+00 0.000E+00 6.403E+05
 7.40190601E+01   3732.4 2.340E+02 7.087E+09 3.240E-04 5.121E-04 2.000E+05 0.000E+00 0.000E+00 6.418E+05
 8.67219697E+01   3757.7 2.742E+02 8.283E+09 3.768E-04 5.784E-04 2.000E+05 0.000E+00 0.000E+00 6.437E+05
 1.01213057E+02   3787.8 3.200E+02 9.687E+09 4.418E-04 6.653E-04 2.000E+05 0.000E+00 0.000E+00 6.461E+05
 1.17772891E+02   3831.0 3.724E+02 1.142E+10 5.128E-04 7.340E-04 2.000E+05 0.000E+00 0.000E+00 6.497E+05
 1.36941492E+02   3876.5 4.330E+02 1.345E+10 5.876E-04 7.872E-04 2.000E+05 0.000E+00 0.000E+00 6.536E+05
 1.59231377E+02   3923.9 5.034E+02 1.584E+10 6.744E-04 8.531E-04 2.000E+05 0.000E+00 0.000E+00 6.576E+05
 1.85102966E+02   3976.4 5.852E+02 1.867E+10 7.755E-04 9.313E-04 2.000E+05 0.000E+00 0.000E+00 6.622E+05
 2.15143552E+02   4035.7 6.802E+02 2.207E+10 8.896E-04 1.016E-03 2.000E+05 0.000E+00 0.000E+00 6.673E+05
 2.50034514E+02   4103.2 7.905E+02 2.615E+10 1.022E-03 1.112E-03 2.000E+05 0.000E+00 0.000E+00 6.731E+05
 2.90466085E+02   4180.6 9.183E+02 3.116E+10 1.179E-03 1.222E-03 2.000E+05 0.000E+00 0.000E+00 6.797E+05
 3.37087416E+02   4269.8 1.066E+03 3.753E+10 1.368E-03 1.354E-03 2.000E+05 0.000E+00 0.000E+00 6.872E+05
 3.90162934E+02   4372.2 1.233E+03 4.633E+10 1.621E-03 1.528E-03 2.000E+05 0.000E+00 0.000E+00 6.957E+05
 4.48730023E+02   4490.0 1.419E+03 5.999E+10 2.005E-03 1.805E-03 2.000E+05 0.000E+00 0.000E+00 7.051E+05
 5.09927173E+02   4624.3 1.612E+03 8.368E+10 2.647E-03 2.273E-03 2.000E+05 0.000E+00 0.000E+00 7.154E+05
 5.69427053E+02   4777.0 1.800E+03 1.276E+11 3.774E-03 3.105E-03 2.000E+05 0.000E+00 0.000E+00 7.266E+05
 6.22965404E+02   4951.5 1.969E+03 2.127E+11 5.802E-03 4.613E-03 2.000E+05 3.883E-11 2.650E+02 7.387E+05
 6.67943219E+02   5151.5 2.111E+03 3.823E+11 9.482E-03 7.366E-03 2.000E+05 6.721E-09 1.458E+03 7.513E+05
 7.03654935E+02   5382.0 2.224E+03 7.313E+11 1.633E-02 1.251E-02 2.000E+05 3.213E-07 5.243E+03 7.639E+05
 7.30561984E+02   5648.9 2.308E+03 1.471E+12 2.961E-02 2.261E-02 2.000E+05 1.129E-05 1.703E+04 7.749E+05
 7.49903352E+02   5954.2 2.369E+03 3.051E+12 5.603E-02 4.286E-02 2.000E+05 2.850E-04 4.926E+04 7.822E+05
 7.63189271E+02   6304.0 2.410E+03 6.465E+12 1.112E-01 8.526E-02 2.000E+05 3.631E-03 1.118E+05 7.841E+05
 7.71810316E+02   6702.0 2.436E+03 1.380E+13 2.330E-01 1.669E-01 2.000E+05 2.314E-02 1.937E+05 7.821E+05
 7.77449694E+02   7075.9 2.453E+03 2.597E+13 4.556E-01 2.461E-01 2.000E+05 2.876E-01 4.289E+05 7.821E+05
 7.81655091E+02   7353.6 2.465E+03 3.979E+13 7.428E-01 2.426E-01 2.000E+05 5.967E-01 5.363E+05 7.857E+05
 7.85426427E+02   7542.7 2.476E+03 5.220E+13 1.031E+00 2.028E-01 2.000E+05 7.461E-01 5.516E+05 7.902E+05
 7.89167914E+02   7700.0 2.487E+03 6.471E+13 1.351E+00 1.799E-01 2.000E+05 8.299E-01 5.592E+05 7.954E+05
 7.93054369E+02   7837.5 2.499E+03 7.747E+13 1.705E+00 1.605E-01 2.000E+05 8.785E-01 5.566E+05 8.009E+05
 7.97211170E+02   7963.4 2.511E+03 9.080E+13 2.105E+00 1.465E-01 2.000E+05 9.109E-01 5.560E+05 8.068E+05
 8.01723590E+02   8085.1 2.525E+03 1.053E+14 2.572E+00 1.341E-01 2.000E+05 9.324E-01 5.503E+05 8.133E+05
 8.06688662E+02   8199.6 2.540E+03 1.204E+14 3.096E+00 1.243E-01 2.000E+05 9.488E-01 5.498E+05 8.200E+05
 8.12177282E+02   8318.3 2.557E+03 1.378E+14 3.738E+00 1.156E-01 2.000E+05 9.597E-01 5.427E+05 8.276E+05
 8.18296495E+02   8428.2 2.576E+03 1.554E+14 4.436E+00 1.153E-01 2.000E+05 9.669E-01 5.435E+05 8.353E+05
PRADK 5.4559E-01
BEGIN                    ITERATION  15 COMPLETED
