TEFF   4000.  GRAVITY 2.50000 LTE 
TITLE  [-1.0a] N(He)/Ntot=0.0784 VTURB=2.0  L/H=1.25 ODFNEW                     
 OPACITY IFOP 1 1 1 1 1 1 1 1 1 1 1 1 1 0 1 0 0 0 0 0
 CONVECTION ON   1.25 TURBULENCE OFF  0.00  0.00  0.00  0.00
ABUNDANCE SCALE   0.10000 ABUNDANCE CHANGE 1 0.92130 2 0.07842
 ABUNDANCE CHANGE  3 -10.94  4 -10.64  5  -9.49  6  -3.52  7  -4.12  8  -2.81
 ABUNDANCE CHANGE  9  -7.48 10  -3.56 11  -5.71 12  -4.06 13  -5.57 14  -4.09
 ABUNDANCE CHANGE 15  -6.59 16  -4.31 17  -6.54 18  -5.24 19  -6.92 20  -5.28
 ABUNDANCE CHANGE 21  -8.87 22  -6.62 23  -8.04 24  -6.37 25  -6.65 26  -4.54
 ABUNDANCE CHANGE 27  -7.12 28  -5.79 29  -7.83 30  -7.44 31  -9.16 32  -8.63
 ABUNDANCE CHANGE 33  -9.67 34  -8.63 35  -9.41 36  -8.73 37  -9.44 38  -9.07
 ABUNDANCE CHANGE 39  -9.80 40  -9.44 41 -10.62 42 -10.12 43 -20.00 44 -10.20
 ABUNDANCE CHANGE 45 -10.92 46 -10.35 47 -11.10 48 -10.27 49 -10.38 50 -10.04
 ABUNDANCE CHANGE 51 -11.04 52  -9.80 53 -10.53 54  -9.87 55 -10.91 56  -9.91
 ABUNDANCE CHANGE 57 -10.87 58 -10.46 59 -11.33 60 -10.54 61 -20.00 62 -11.03
 ABUNDANCE CHANGE 63 -11.53 64 -10.92 65 -11.69 66 -10.90 67 -11.78 68 -11.11
 ABUNDANCE CHANGE 69 -12.04 70 -10.96 71 -11.98 72 -11.16 73 -12.17 74 -10.93
 ABUNDANCE CHANGE 75 -11.76 76 -10.59 77 -10.69 78 -10.24 79 -11.03 80 -10.91
 ABUNDANCE CHANGE 81 -11.14 82 -10.09 83 -11.33 84 -20.00 85 -20.00 86 -20.00
 ABUNDANCE CHANGE 87 -20.00 88 -20.00 89 -20.00 90 -11.95 91 -20.00 92 -12.54
 ABUNDANCE CHANGE 93 -20.00 94 -20.00 95 -20.00 96 -20.00 97 -20.00 98 -20.00
 ABUNDANCE CHANGE 99 -20.00
READ DECK6 72 RHOX,T,P,XNE,ABROSS,ACCRAD,VTURB, FLXCNV,VCONV,VELSND
 4.12883031E-03   2402.2 1.306E+00 4.614E+06 3.230E-05 1.368E-03 2.000E+05 0.000E+00 0.000E+00 5.149E+05
 5.41630725E-03   2421.0 1.713E+00 6.030E+06 3.679E-05 1.375E-03 2.000E+05 0.000E+00 0.000E+00 5.015E+05
 6.93786884E-03   2438.4 2.194E+00 7.704E+06 4.117E-05 1.376E-03 2.000E+05 0.000E+00 0.000E+00 4.922E+05
 8.76660945E-03   2455.6 2.772E+00 9.721E+06 4.533E-05 1.373E-03 2.000E+05 0.000E+00 0.000E+00 4.856E+05
 1.09831801E-02   2472.4 3.473E+00 1.216E+07 4.976E-05 1.366E-03 2.000E+05 0.000E+00 0.000E+00 4.806E+05
 1.36721437E-02   2489.1 4.323E+00 1.513E+07 5.474E-05 1.355E-03 2.000E+05 0.000E+00 0.000E+00 4.769E+05
 1.69541401E-02   2507.0 5.361E+00 1.881E+07 5.946E-05 1.338E-03 2.000E+05 0.000E+00 0.000E+00 4.746E+05
 2.09774064E-02   2525.4 6.634E+00 2.337E+07 6.478E-05 1.314E-03 2.000E+05 0.000E+00 0.000E+00 4.731E+05
 2.59063148E-02   2543.8 8.192E+00 2.898E+07 7.040E-05 1.286E-03 2.000E+05 0.000E+00 0.000E+00 4.721E+05
 3.19815234E-02   2562.8 1.011E+01 3.596E+07 7.602E-05 1.254E-03 2.000E+05 0.000E+00 0.000E+00 4.715E+05
 3.94382807E-02   2581.1 1.247E+01 4.450E+07 8.305E-05 1.222E-03 2.000E+05 0.000E+00 0.000E+00 4.711E+05
 4.85646485E-02   2600.6 1.536E+01 5.515E+07 9.003E-05 1.185E-03 2.000E+05 0.000E+00 0.000E+00 4.712E+05
 5.98317912E-02   2621.5 1.892E+01 6.860E+07 9.703E-05 1.144E-03 2.000E+05 0.000E+00 0.000E+00 4.719E+05
 7.37578942E-02   2643.4 2.332E+01 8.558E+07 1.048E-04 1.100E-03 2.000E+05 0.000E+00 0.000E+00 4.729E+05
 9.09264217E-02   2665.6 2.875E+01 1.068E+08 1.136E-04 1.056E-03 2.000E+05 0.000E+00 0.000E+00 4.740E+05
 1.12000012E-01   2687.2 3.542E+01 1.329E+08 1.237E-04 1.016E-03 2.000E+05 0.000E+00 0.000E+00 4.750E+05
 1.37734207E-01   2708.9 4.356E+01 1.652E+08 1.353E-04 9.797E-04 2.000E+05 0.000E+00 0.000E+00 4.761E+05
 1.69116396E-01   2731.3 5.348E+01 2.054E+08 1.479E-04 9.436E-04 2.000E+05 0.000E+00 0.000E+00 4.774E+05
 2.07458864E-01   2754.5 6.560E+01 2.557E+08 1.614E-04 9.069E-04 2.000E+05 0.000E+00 0.000E+00 4.789E+05
 2.54107770E-01   2778.1 8.036E+01 3.182E+08 1.776E-04 8.786E-04 2.000E+05 0.000E+00 0.000E+00 4.805E+05
 3.10655032E-01   2801.2 9.824E+01 3.947E+08 1.955E-04 8.524E-04 2.000E+05 0.000E+00 0.000E+00 4.821E+05
 3.78795565E-01   2822.9 1.198E+02 4.860E+08 2.173E-04 8.394E-04 2.000E+05 0.000E+00 0.000E+00 4.831E+05
 4.60441743E-01   2844.7 1.456E+02 5.970E+08 2.418E-04 8.295E-04 2.000E+05 0.000E+00 0.000E+00 4.844E+05
 5.58357407E-01   2866.8 1.766E+02 7.325E+08 2.687E-04 8.196E-04 2.000E+05 0.000E+00 0.000E+00 4.857E+05
 6.75889727E-01   2889.8 2.137E+02 8.990E+08 2.986E-04 8.109E-04 2.000E+05 0.000E+00 0.000E+00 4.872E+05
 8.16647823E-01   2912.9 2.582E+02 1.101E+09 3.331E-04 8.114E-04 2.000E+05 0.000E+00 0.000E+00 4.887E+05
 9.85185335E-01   2935.9 3.115E+02 1.347E+09 3.708E-04 8.107E-04 2.000E+05 0.000E+00 0.000E+00 4.901E+05
 1.18623554E+00   2957.2 3.751E+02 1.635E+09 4.160E-04 8.250E-04 2.000E+05 0.000E+00 0.000E+00 4.912E+05
 1.42520512E+00   2979.2 4.507E+02 1.985E+09 4.660E-04 8.405E-04 2.000E+05 0.000E+00 0.000E+00 4.924E+05
 1.71012996E+00   3002.2 5.408E+02 2.413E+09 5.205E-04 8.534E-04 2.000E+05 0.000E+00 0.000E+00 4.939E+05
 2.05055229E+00   3026.5 6.484E+02 2.941E+09 5.811E-04 8.668E-04 2.000E+05 0.000E+00 0.000E+00 4.956E+05
 2.45596816E+00   3050.7 7.766E+02 3.576E+09 6.524E-04 8.938E-04 2.000E+05 0.000E+00 0.000E+00 4.972E+05
 2.93845577E+00   3075.4 9.292E+02 4.349E+09 7.297E-04 9.194E-04 2.000E+05 0.000E+00 0.000E+00 4.989E+05
 3.51246193E+00   3098.6 1.111E+03 5.259E+09 8.196E-04 9.574E-04 2.000E+05 0.000E+00 0.000E+00 5.003E+05
 4.19285911E+00   3121.5 1.326E+03 6.342E+09 9.231E-04 1.007E-03 2.000E+05 0.000E+00 0.000E+00 5.015E+05
 4.99881846E+00   3145.4 1.581E+03 7.657E+09 1.039E-03 1.059E-03 2.000E+05 0.000E+00 0.000E+00 5.030E+05
 5.95303908E+00   3170.0 1.883E+03 9.247E+09 1.171E-03 1.121E-03 2.000E+05 0.000E+00 0.000E+00 5.045E+05
 7.07921973E+00   3194.2 2.239E+03 1.114E+10 1.326E-03 1.202E-03 2.000E+05 0.000E+00 0.000E+00 5.060E+05
 8.40750413E+00   3219.0 2.659E+03 1.341E+10 1.496E-03 1.290E-03 2.000E+05 0.000E+00 0.000E+00 5.076E+05
 9.98167148E+00   3245.4 3.157E+03 1.620E+10 1.680E-03 1.382E-03 2.000E+05 0.000E+00 0.000E+00 5.094E+05
 1.18473493E+01   3270.9 3.746E+03 1.950E+10 1.894E-03 1.499E-03 2.000E+05 0.000E+00 0.000E+00 5.110E+05
 1.40570003E+01   3299.1 4.445E+03 2.363E+10 2.131E-03 1.629E-03 2.000E+05 0.000E+00 0.000E+00 5.132E+05
 1.66709431E+01   3329.6 5.272E+03 2.877E+10 2.406E-03 1.790E-03 2.000E+05 0.000E+00 0.000E+00 5.157E+05
 1.97573758E+01   3363.0 6.248E+03 3.524E+10 2.716E-03 1.981E-03 2.000E+05 0.000E+00 0.000E+00 5.188E+05
 2.34077231E+01   3400.4 7.402E+03 4.356E+10 3.059E-03 2.202E-03 2.000E+05 0.000E+00 0.000E+00 5.225E+05
 2.77283342E+01   3443.4 8.768E+03 5.456E+10 3.445E-03 2.471E-03 2.000E+05 0.000E+00 0.000E+00 5.274E+05
 3.29742389E+01   3491.9 1.043E+04 6.935E+10 3.695E-03 2.702E-03 2.000E+05 0.000E+00 0.000E+00 5.331E+05
 3.95114078E+01   3545.6 1.249E+04 8.946E+10 3.957E-03 2.985E-03 2.000E+05 0.000E+00 0.000E+00 5.396E+05
 4.74104948E+01   3609.3 1.499E+04 1.180E+11 4.563E-03 3.450E-03 2.000E+05 0.000E+00 0.000E+00 5.479E+05
 5.58997974E+01   3690.9 1.768E+04 1.594E+11 6.053E-03 4.361E-03 2.000E+05 0.000E+00 0.000E+00 5.602E+05
 6.42153211E+01   3784.1 2.031E+04 2.146E+11 8.268E-03 5.712E-03 2.000E+05 0.000E+00 0.000E+00 5.754E+05
 7.25700747E+01   3890.3 2.295E+04 2.882E+11 1.071E-02 7.005E-03 2.000E+05 0.000E+00 0.000E+00 5.936E+05
 8.12571097E+01   4007.5 2.570E+04 3.824E+11 1.364E-02 8.395E-03 2.000E+05 1.619E-09 2.747E+02 6.137E+05
 9.04025130E+01   4137.7 2.859E+04 5.001E+11 1.715E-02 9.926E-03 2.000E+05 2.689E-08 7.072E+02 6.352E+05
 1.00217595E+02   4282.8 3.169E+04 6.433E+11 2.106E-02 1.152E-02 2.000E+05 1.650E-07 1.301E+03 6.572E+05
 1.11015167E+02   4445.7 3.511E+04 8.179E+11 2.525E-02 1.314E-02 2.000E+05 1.336E-06 2.613E+03 6.794E+05
 1.23118831E+02   4628.4 3.893E+04 1.040E+12 2.986E-02 1.494E-02 2.000E+05 1.437E-05 5.736E+03 7.011E+05
 1.36628133E+02   4835.7 4.320E+04 1.383E+12 3.636E-02 1.758E-02 2.000E+05 1.726E-04 1.299E+04 7.225E+05
 1.50744293E+02   5066.8 4.767E+04 2.074E+12 4.920E-02 2.301E-02 2.000E+05 2.216E-03 2.997E+04 7.434E+05
 1.63683275E+02   5326.3 5.176E+04 3.650E+12 7.672E-02 3.433E-02 2.000E+05 1.995E-02 6.151E+04 7.640E+05
 1.74242605E+02   5604.4 5.510E+04 7.032E+12 1.297E-01 5.394E-02 2.000E+05 6.510E-02 9.007E+04 7.837E+05
 1.82479631E+02   5892.6 5.770E+04 1.370E+13 2.219E-01 8.112E-02 2.000E+05 1.678E-01 1.226E+05 8.014E+05
 1.89025669E+02   6170.5 5.977E+04 2.511E+13 3.637E-01 1.080E-01 2.000E+05 3.574E-01 1.598E+05 8.159E+05
 1.94509295E+02   6425.1 6.151E+04 4.220E+13 5.602E-01 1.240E-01 2.000E+05 5.612E-01 1.901E+05 8.267E+05
 1.99454618E+02   6641.9 6.307E+04 6.394E+13 7.967E-01 1.228E-01 2.000E+05 7.073E-01 2.065E+05 8.340E+05
 2.04241876E+02   6825.6 6.458E+04 8.938E+13 1.066E+00 1.142E-01 2.000E+05 7.939E-01 2.115E+05 8.388E+05
 2.09134825E+02   6984.3 6.613E+04 1.180E+14 1.364E+00 1.085E-01 2.000E+05 8.397E-01 2.098E+05 8.421E+05
 2.14264258E+02   7141.1 6.775E+04 1.537E+14 1.731E+00 1.102E-01 2.000E+05 8.676E-01 2.072E+05 8.446E+05
 2.19653216E+02   7299.5 6.945E+04 1.986E+14 2.194E+00 1.100E-01 2.000E+05 8.946E-01 2.054E+05 8.467E+05
 2.25363706E+02   7450.7 7.126E+04 2.514E+14 2.741E+00 1.052E-01 2.000E+05 9.200E-01 2.046E+05 8.483E+05
 2.31496106E+02   7596.7 7.320E+04 3.135E+14 3.389E+00 1.034E-01 2.000E+05 9.387E-01 2.048E+05 8.497E+05
 2.38079279E+02   7748.3 7.528E+04 3.910E+14 4.210E+00 1.164E-01 2.000E+05 9.481E-01 2.061E+05 8.512E+05
PRADK 3.4114E-01
BEGIN                    ITERATION  15 COMPLETED
