TEFF   5750.  GRAVITY 2.00000 LTE 
TITLE  [-1.0a] N(He)/Ntot=0.0784 VTURB=2.0  L/H=1.25 ODFNEW                     
 OPACITY IFOP 1 1 1 1 1 1 1 1 1 1 1 1 1 0 1 0 0 0 0 0
 CONVECTION ON   1.25 TURBULENCE OFF  0.00  0.00  0.00  0.00
ABUNDANCE SCALE   0.10000 ABUNDANCE CHANGE 1 0.92130 2 0.07842
 ABUNDANCE CHANGE  3 -10.94  4 -10.64  5  -9.49  6  -3.52  7  -4.12  8  -2.81
 ABUNDANCE CHANGE  9  -7.48 10  -3.56 11  -5.71 12  -4.06 13  -5.57 14  -4.09
 ABUNDANCE CHANGE 15  -6.59 16  -4.31 17  -6.54 18  -5.24 19  -6.92 20  -5.28
 ABUNDANCE CHANGE 21  -8.87 22  -6.62 23  -8.04 24  -6.37 25  -6.65 26  -4.54
 ABUNDANCE CHANGE 27  -7.12 28  -5.79 29  -7.83 30  -7.44 31  -9.16 32  -8.63
 ABUNDANCE CHANGE 33  -9.67 34  -8.63 35  -9.41 36  -8.73 37  -9.44 38  -9.07
 ABUNDANCE CHANGE 39  -9.80 40  -9.44 41 -10.62 42 -10.12 43 -20.00 44 -10.20
 ABUNDANCE CHANGE 45 -10.92 46 -10.35 47 -11.10 48 -10.27 49 -10.38 50 -10.04
 ABUNDANCE CHANGE 51 -11.04 52  -9.80 53 -10.53 54  -9.87 55 -10.91 56  -9.91
 ABUNDANCE CHANGE 57 -10.87 58 -10.46 59 -11.33 60 -10.54 61 -20.00 62 -11.03
 ABUNDANCE CHANGE 63 -11.53 64 -10.92 65 -11.69 66 -10.90 67 -11.78 68 -11.11
 ABUNDANCE CHANGE 69 -12.04 70 -10.96 71 -11.98 72 -11.16 73 -12.17 74 -10.93
 ABUNDANCE CHANGE 75 -11.76 76 -10.59 77 -10.69 78 -10.24 79 -11.03 80 -10.91
 ABUNDANCE CHANGE 81 -11.14 82 -10.09 83 -11.33 84 -20.00 85 -20.00 86 -20.00
 ABUNDANCE CHANGE 87 -20.00 88 -20.00 89 -20.00 90 -11.95 91 -20.00 92 -12.54
 ABUNDANCE CHANGE 93 -20.00 94 -20.00 95 -20.00 96 -20.00 97 -20.00 98 -20.00
 ABUNDANCE CHANGE 99 -20.00
READ DECK6 72 RHOX,T,P,XNE,ABROSS,ACCRAD,VTURB, FLXCNV,VCONV,VELSND
 3.58456936E-03   3730.0 3.584E-01 2.220E+07 3.720E-05 3.487E-03 2.000E+05 0.000E+00 0.000E+00 1.758E+06
 4.77274564E-03   3748.2 4.773E-01 2.886E+07 3.766E-05 3.631E-03 2.000E+05 0.000E+00 0.000E+00 1.561E+06
 6.33478407E-03   3766.5 6.335E-01 3.745E+07 3.828E-05 3.752E-03 2.000E+05 0.000E+00 0.000E+00 1.396E+06
 8.37328997E-03   3787.9 8.373E-01 4.881E+07 3.932E-05 3.888E-03 2.000E+05 0.000E+00 0.000E+00 1.259E+06
 1.10111648E-02   3810.7 1.101E+00 6.356E+07 4.063E-05 3.979E-03 2.000E+05 0.000E+00 0.000E+00 1.146E+06
 1.44087088E-02   3834.4 1.441E+00 8.258E+07 4.215E-05 3.981E-03 2.000E+05 0.000E+00 0.000E+00 1.054E+06
 1.87606405E-02   3859.4 1.876E+00 1.072E+08 4.404E-05 3.963E-03 2.000E+05 0.000E+00 0.000E+00 9.786E+05
 2.42949042E-02   3885.5 2.429E+00 1.387E+08 4.634E-05 3.922E-03 2.000E+05 0.000E+00 0.000E+00 9.179E+05
 3.12821086E-02   3912.4 3.128E+00 1.790E+08 4.911E-05 3.859E-03 2.000E+05 0.000E+00 0.000E+00 8.692E+05
 4.00415761E-02   3939.6 4.004E+00 2.300E+08 5.242E-05 3.819E-03 2.000E+05 0.000E+00 0.000E+00 8.306E+05
 5.09446169E-02   3967.3 5.094E+00 2.944E+08 5.635E-05 3.761E-03 2.000E+05 0.000E+00 0.000E+00 8.023E+05
 6.44198633E-02   3994.8 6.442E+00 3.747E+08 6.101E-05 3.712E-03 2.000E+05 0.000E+00 0.000E+00 7.760E+05
 8.09561063E-02   4022.3 8.095E+00 4.743E+08 6.652E-05 3.683E-03 2.000E+05 0.000E+00 0.000E+00 7.572E+05
 1.01110683E-01   4050.0 1.011E+01 5.976E+08 7.302E-05 3.652E-03 2.000E+05 0.000E+00 0.000E+00 7.427E+05
 1.25510294E-01   4077.7 1.255E+01 7.495E+08 8.069E-05 3.651E-03 2.000E+05 0.000E+00 0.000E+00 7.315E+05
 1.54849924E-01   4105.9 1.548E+01 9.362E+08 8.977E-05 3.639E-03 2.000E+05 0.000E+00 0.000E+00 7.231E+05
 1.89914531E-01   4134.3 1.899E+01 1.164E+09 1.004E-04 3.616E-03 2.000E+05 0.000E+00 0.000E+00 7.167E+05
 2.31604449E-01   4162.7 2.316E+01 1.442E+09 1.129E-04 3.583E-03 2.000E+05 0.000E+00 0.000E+00 7.120E+05
 2.80913882E-01   4191.0 2.809E+01 1.778E+09 1.276E-04 3.576E-03 2.000E+05 0.000E+00 0.000E+00 7.087E+05
 3.38943765E-01   4219.5 3.389E+01 2.184E+09 1.449E-04 3.587E-03 2.000E+05 0.000E+00 0.000E+00 7.064E+05
 4.06942974E-01   4248.3 4.069E+01 2.673E+09 1.653E-04 3.613E-03 2.000E+05 0.000E+00 0.000E+00 7.049E+05
 4.86345903E-01   4277.1 4.863E+01 3.263E+09 1.890E-04 3.633E-03 2.000E+05 0.000E+00 0.000E+00 7.041E+05
 5.78829237E-01   4305.9 5.788E+01 3.968E+09 2.166E-04 3.650E-03 2.000E+05 0.000E+00 0.000E+00 7.038E+05
 6.86361825E-01   4334.6 6.863E+01 4.809E+09 2.486E-04 3.666E-03 2.000E+05 0.000E+00 0.000E+00 7.040E+05
 8.11237456E-01   4363.0 8.112E+01 5.811E+09 2.856E-04 3.682E-03 2.000E+05 0.000E+00 0.000E+00 7.044E+05
 9.56091289E-01   4390.8 9.561E+01 6.993E+09 3.285E-04 3.731E-03 2.000E+05 0.000E+00 0.000E+00 7.051E+05
 1.12393306E+00   4418.5 1.124E+02 8.394E+09 3.782E-04 3.809E-03 2.000E+05 0.000E+00 0.000E+00 7.060E+05
 1.31824289E+00   4446.2 1.318E+02 1.005E+10 4.358E-04 3.901E-03 2.000E+05 0.000E+00 0.000E+00 7.071E+05
 1.54309109E+00   4473.7 1.543E+02 1.202E+10 5.023E-04 4.002E-03 2.000E+05 0.000E+00 0.000E+00 7.083E+05
 1.80329171E+00   4501.0 1.803E+02 1.432E+10 5.787E-04 4.114E-03 2.000E+05 0.000E+00 0.000E+00 7.097E+05
 2.10460769E+00   4527.7 2.105E+02 1.703E+10 6.660E-04 4.240E-03 2.000E+05 0.000E+00 0.000E+00 7.111E+05
 2.45388901E+00   4553.8 2.454E+02 2.018E+10 7.658E-04 4.384E-03 2.000E+05 0.000E+00 0.000E+00 7.125E+05
 2.85925446E+00   4579.2 2.859E+02 2.385E+10 8.794E-04 4.557E-03 2.000E+05 0.000E+00 0.000E+00 7.140E+05
 3.33024746E+00   4603.8 3.330E+02 2.809E+10 1.009E-03 4.783E-03 2.000E+05 0.000E+00 0.000E+00 7.155E+05
 3.87795199E+00   4627.9 3.878E+02 3.301E+10 1.156E-03 5.059E-03 2.000E+05 0.000E+00 0.000E+00 7.169E+05
 4.51511188E+00   4651.8 4.515E+02 3.874E+10 1.326E-03 5.375E-03 2.000E+05 0.000E+00 0.000E+00 7.184E+05
 5.25674149E+00   4675.2 5.257E+02 4.540E+10 1.518E-03 5.739E-03 2.000E+05 0.000E+00 0.000E+00 7.200E+05
 6.12033164E+00   4698.7 6.120E+02 5.316E+10 1.738E-03 6.159E-03 2.000E+05 0.000E+00 0.000E+00 7.215E+05
 7.12616601E+00   4722.0 7.126E+02 6.218E+10 1.990E-03 6.645E-03 2.000E+05 0.000E+00 0.000E+00 7.231E+05
 8.29705497E+00   4745.8 8.297E+02 7.280E+10 2.281E-03 7.215E-03 2.000E+05 0.000E+00 0.000E+00 7.247E+05
 9.65838948E+00   4770.3 9.658E+02 8.533E+10 2.618E-03 7.883E-03 2.000E+05 0.000E+00 0.000E+00 7.264E+05
 1.12370592E+01   4796.6 1.124E+03 1.004E+11 3.018E-03 8.711E-03 2.000E+05 0.000E+00 0.000E+00 7.282E+05
 1.30585842E+01   4825.5 1.306E+03 1.188E+11 3.498E-03 9.723E-03 2.000E+05 0.000E+00 0.000E+00 7.303E+05
 1.51480277E+01   4857.9 1.515E+03 1.416E+11 4.079E-03 1.095E-02 2.000E+05 0.000E+00 0.000E+00 7.325E+05
 1.75276001E+01   4894.8 1.753E+03 1.705E+11 4.796E-03 1.245E-02 2.000E+05 0.000E+00 0.000E+00 7.351E+05
 2.02130907E+01   4937.3 2.021E+03 2.079E+11 5.696E-03 1.434E-02 2.000E+05 0.000E+00 0.000E+00 7.380E+05
 2.32098776E+01   4987.0 2.321E+03 2.574E+11 6.852E-03 1.674E-02 2.000E+05 0.000E+00 0.000E+00 7.414E+05
 2.65051049E+01   5045.9 2.650E+03 3.254E+11 8.382E-03 1.993E-02 2.000E+05 0.000E+00 0.000E+00 7.454E+05
 3.00608924E+01   5116.2 3.006E+03 4.218E+11 1.047E-02 2.429E-02 2.000E+05 0.000E+00 0.000E+00 7.500E+05
 3.38115111E+01   5200.4 3.381E+03 5.638E+11 1.340E-02 3.039E-02 2.000E+05 0.000E+00 0.000E+00 7.554E+05
 3.76648619E+01   5301.0 3.766E+03 7.802E+11 1.764E-02 3.916E-02 2.000E+05 0.000E+00 0.000E+00 7.615E+05
 4.15052275E+01   5421.2 4.150E+03 1.123E+12 2.401E-02 5.225E-02 2.000E+05 0.000E+00 0.000E+00 7.684E+05
 4.52000637E+01   5564.5 4.519E+03 1.687E+12 3.390E-02 7.257E-02 2.000E+05 0.000E+00 0.000E+00 7.758E+05
 4.86266872E+01   5733.9 4.861E+03 2.645E+12 4.967E-02 1.048E-01 2.000E+05 1.276E-10 4.172E+02 7.833E+05
 5.16787426E+01   5934.0 5.166E+03 4.330E+12 7.597E-02 1.586E-01 2.000E+05 8.437E-09 1.655E+03 7.902E+05
 5.42857671E+01   6168.0 5.426E+03 7.368E+12 1.211E-01 2.513E-01 2.000E+05 2.728E-07 5.166E+03 7.956E+05
 5.64083179E+01   6443.7 5.638E+03 1.306E+13 2.036E-01 4.224E-01 2.000E+05 8.285E-06 1.570E+04 7.984E+05
 5.80523118E+01   6762.2 5.801E+03 2.376E+13 3.597E-01 7.517E-01 2.000E+05 2.669E-04 4.819E+04 7.986E+05
 5.92322888E+01   7151.1 5.918E+03 4.565E+13 6.990E-01 1.473E+00 2.000E+05 4.914E-03 1.204E+05 7.983E+05
 5.99996540E+01   7602.3 5.993E+03 8.897E+13 1.471E+00 2.842E+00 2.000E+05 4.574E-02 2.321E+05 8.027E+05
 6.05134050E+01   7987.7 6.043E+03 1.474E+14 2.723E+00 3.788E+00 2.000E+05 3.433E-01 4.419E+05 8.129E+05
 6.09270439E+01   8252.6 6.083E+03 2.023E+14 4.104E+00 3.501E+00 2.000E+05 5.868E-01 5.156E+05 8.237E+05
 6.13182457E+01   8448.1 6.121E+03 2.518E+14 5.506E+00 2.981E+00 2.000E+05 7.300E-01 5.396E+05 8.336E+05
 6.17168778E+01   8617.3 6.159E+03 3.014E+14 7.053E+00 2.605E+00 2.000E+05 8.190E-01 5.532E+05 8.435E+05
 6.21396147E+01   8768.1 6.201E+03 3.511E+14 8.733E+00 2.300E+00 2.000E+05 8.714E-01 5.572E+05 8.535E+05
 6.25995082E+01   8910.6 6.246E+03 4.032E+14 1.061E+01 2.086E+00 2.000E+05 9.050E-01 5.603E+05 8.638E+05
 6.31077700E+01   9048.1 6.295E+03 4.582E+14 1.273E+01 1.909E+00 2.000E+05 9.273E-01 5.605E+05 8.746E+05
 6.36755575E+01   9183.2 6.351E+03 5.168E+14 1.514E+01 1.776E+00 2.000E+05 9.436E-01 5.629E+05 8.861E+05
 6.43135300E+01   9320.6 6.414E+03 5.811E+14 1.793E+01 1.655E+00 2.000E+05 9.551E-01 5.612E+05 8.986E+05
 6.50363016E+01   9456.3 6.485E+03 6.492E+14 2.099E+01 1.562E+00 2.000E+05 9.644E-01 5.655E+05 9.118E+05
 6.58576337E+01   9603.2 6.566E+03 7.275E+14 2.468E+01 1.478E+00 2.000E+05 9.709E-01 5.639E+05 9.271E+05
 6.67961231E+01   9744.3 6.658E+03 8.077E+14 2.862E+01 1.476E+00 2.000E+05 9.751E-01 5.672E+05 9.426E+05
PRADK 1.4605E+00
BEGIN                    ITERATION  15 COMPLETED
