TEFF   6250.  GRAVITY 0.50000 LTE 
TITLE  [-1.0a] N(He)/Ntot=0.0784 VTURB=2.0  L/H=1.25 ODFNEW                     
 OPACITY IFOP 1 1 1 1 1 1 1 1 1 1 1 1 1 0 1 0 0 0 0 0
 CONVECTION ON   1.25 TURBULENCE OFF  0.00  0.00  0.00  0.00
ABUNDANCE SCALE   0.10000 ABUNDANCE CHANGE 1 0.92130 2 0.07842
 ABUNDANCE CHANGE  3 -10.94  4 -10.64  5  -9.49  6  -3.52  7  -4.12  8  -2.81
 ABUNDANCE CHANGE  9  -7.48 10  -3.56 11  -5.71 12  -4.06 13  -5.57 14  -4.09
 ABUNDANCE CHANGE 15  -6.59 16  -4.31 17  -6.54 18  -5.24 19  -6.92 20  -5.28
 ABUNDANCE CHANGE 21  -8.87 22  -6.62 23  -8.04 24  -6.37 25  -6.65 26  -4.54
 ABUNDANCE CHANGE 27  -7.12 28  -5.79 29  -7.83 30  -7.44 31  -9.16 32  -8.63
 ABUNDANCE CHANGE 33  -9.67 34  -8.63 35  -9.41 36  -8.73 37  -9.44 38  -9.07
 ABUNDANCE CHANGE 39  -9.80 40  -9.44 41 -10.62 42 -10.12 43 -20.00 44 -10.20
 ABUNDANCE CHANGE 45 -10.92 46 -10.35 47 -11.10 48 -10.27 49 -10.38 50 -10.04
 ABUNDANCE CHANGE 51 -11.04 52  -9.80 53 -10.53 54  -9.87 55 -10.91 56  -9.91
 ABUNDANCE CHANGE 57 -10.87 58 -10.46 59 -11.33 60 -10.54 61 -20.00 62 -11.03
 ABUNDANCE CHANGE 63 -11.53 64 -10.92 65 -11.69 66 -10.90 67 -11.78 68 -11.11
 ABUNDANCE CHANGE 69 -12.04 70 -10.96 71 -11.98 72 -11.16 73 -12.17 74 -10.93
 ABUNDANCE CHANGE 75 -11.76 76 -10.59 77 -10.69 78 -10.24 79 -11.03 80 -10.91
 ABUNDANCE CHANGE 81 -11.14 82 -10.09 83 -11.33 84 -20.00 85 -20.00 86 -20.00
 ABUNDANCE CHANGE 87 -20.00 88 -20.00 89 -20.00 90 -11.95 91 -20.00 92 -12.54
 ABUNDANCE CHANGE 93 -20.00 94 -20.00 95 -20.00 96 -20.00 97 -20.00 98 -20.00
 ABUNDANCE CHANGE 99 -20.00
READ DECK6 72 RHOX,T,P,XNE,ABROSS,ACCRAD,VTURB, FLXCNV,VCONV,VELSND
 5.30140450E-04   3844.7 1.672E-03 1.641E+06 2.515E-04 7.910E-03 2.000E+05 0.000E+00 0.000E+00 2.550E+07
 7.11815029E-04   3857.3 2.245E-03 2.039E+06 2.381E-04 7.885E-03 2.000E+05 0.000E+00 0.000E+00 2.223E+07
 9.66440307E-04   3873.2 3.049E-03 2.591E+06 2.278E-04 7.810E-03 2.000E+05 0.000E+00 0.000E+00 1.926E+07
 1.31647327E-03   3895.2 4.153E-03 3.402E+06 2.241E-04 8.314E-03 2.000E+05 0.000E+00 0.000E+00 1.661E+07
 1.78494275E-03   3923.5 5.630E-03 4.589E+06 2.276E-04 9.668E-03 2.000E+05 0.000E+00 0.000E+00 1.434E+07
 2.38201569E-03   3960.5 7.511E-03 6.396E+06 2.444E-04 1.350E-02 2.000E+05 0.000E+00 0.000E+00 1.238E+07
 3.11166216E-03   4001.2 9.807E-03 8.946E+06 2.697E-04 1.804E-02 2.000E+05 0.000E+00 0.000E+00 1.087E+07
 4.08015691E-03   4010.1 1.285E-02 1.073E+07 2.468E-04 1.226E-02 2.000E+05 0.000E+00 0.000E+00 9.596E+06
 5.50504603E-03   4016.0 1.735E-02 1.288E+07 2.230E-04 8.965E-03 2.000E+05 0.000E+00 0.000E+00 8.364E+06
 7.59909899E-03   4024.8 2.395E-02 1.588E+07 2.039E-04 7.058E-03 2.000E+05 0.000E+00 0.000E+00 7.203E+06
 1.06073220E-02   4041.1 3.344E-02 2.039E+07 1.924E-04 6.094E-03 2.000E+05 0.000E+00 0.000E+00 6.159E+06
 1.47552427E-02   4067.0 4.653E-02 2.730E+07 1.896E-04 5.998E-03 2.000E+05 0.000E+00 0.000E+00 5.266E+06
 2.03251517E-02   4095.5 6.411E-02 3.674E+07 1.894E-04 5.858E-03 2.000E+05 0.000E+00 0.000E+00 4.525E+06
 2.77191684E-02   4125.9 8.745E-02 4.954E+07 1.912E-04 5.711E-03 2.000E+05 0.000E+00 0.000E+00 3.908E+06
 3.74389143E-02   4158.0 1.181E-01 6.680E+07 1.947E-04 5.565E-03 2.000E+05 0.000E+00 0.000E+00 3.394E+06
 5.01319373E-02   4190.8 1.582E-01 8.977E+07 1.994E-04 5.420E-03 2.000E+05 0.000E+00 0.000E+00 2.964E+06
 6.66329478E-02   4223.9 2.103E-01 1.200E+08 2.048E-04 5.285E-03 2.000E+05 0.000E+00 0.000E+00 2.603E+06
 8.80294348E-02   4257.0 2.778E-01 1.597E+08 2.108E-04 5.164E-03 2.000E+05 0.000E+00 0.000E+00 2.297E+06
 1.15703926E-01   4290.3 3.652E-01 2.116E+08 2.177E-04 5.067E-03 2.000E+05 0.000E+00 0.000E+00 2.038E+06
 1.51371170E-01   4324.2 4.778E-01 2.798E+08 2.257E-04 4.991E-03 2.000E+05 0.000E+00 0.000E+00 1.818E+06
 1.97111765E-01   4358.9 6.222E-01 3.694E+08 2.354E-04 4.929E-03 2.000E+05 0.000E+00 0.000E+00 1.632E+06
 2.55388610E-01   4394.7 8.062E-01 4.877E+08 2.472E-04 4.880E-03 2.000E+05 0.000E+00 0.000E+00 1.475E+06
 3.29079153E-01   4431.7 1.039E+00 6.435E+08 2.617E-04 4.839E-03 2.000E+05 0.000E+00 0.000E+00 1.343E+06
 4.21545066E-01   4469.7 1.331E+00 8.478E+08 2.792E-04 4.812E-03 2.000E+05 0.000E+00 0.000E+00 1.233E+06
 5.36692799E-01   4508.6 1.694E+00 1.115E+09 3.000E-04 4.789E-03 2.000E+05 0.000E+00 0.000E+00 1.141E+06
 6.79080147E-01   4548.0 2.144E+00 1.460E+09 3.245E-04 4.775E-03 2.000E+05 0.000E+00 0.000E+00 1.066E+06
 8.54008292E-01   4587.9 2.696E+00 1.904E+09 3.534E-04 4.775E-03 2.000E+05 0.000E+00 0.000E+00 1.003E+06
 1.06756997E+00   4627.9 3.371E+00 2.472E+09 3.871E-04 4.795E-03 2.000E+05 0.000E+00 0.000E+00 9.523E+05
 1.32665126E+00   4668.3 4.189E+00 3.195E+09 4.269E-04 4.837E-03 2.000E+05 0.000E+00 0.000E+00 9.106E+05
 1.63895255E+00   4709.1 5.175E+00 4.114E+09 4.737E-04 4.895E-03 2.000E+05 0.000E+00 0.000E+00 8.766E+05
 2.01315013E+00   4750.0 6.356E+00 5.271E+09 5.286E-04 4.969E-03 2.000E+05 0.000E+00 0.000E+00 8.491E+05
 2.45917206E+00   4790.9 7.764E+00 6.718E+09 5.927E-04 5.062E-03 2.000E+05 0.000E+00 0.000E+00 8.269E+05
 2.98859158E+00   4831.5 9.436E+00 8.511E+09 6.670E-04 5.178E-03 2.000E+05 0.000E+00 0.000E+00 8.091E+05
 3.61500388E+00   4871.5 1.141E+01 1.071E+10 7.527E-04 5.322E-03 2.000E+05 0.000E+00 0.000E+00 7.947E+05
 4.35456202E+00   4910.6 1.375E+01 1.339E+10 8.507E-04 5.495E-03 2.000E+05 0.000E+00 0.000E+00 7.832E+05
 5.22668373E+00   4948.7 1.650E+01 1.662E+10 9.623E-04 5.701E-03 2.000E+05 0.000E+00 0.000E+00 7.741E+05
 6.25472176E+00   4985.6 1.975E+01 2.048E+10 1.089E-03 5.947E-03 2.000E+05 0.000E+00 0.000E+00 7.668E+05
 7.46648388E+00   5021.4 2.357E+01 2.506E+10 1.232E-03 6.242E-03 2.000E+05 0.000E+00 0.000E+00 7.612E+05
 8.89419688E+00   5056.2 2.808E+01 3.051E+10 1.395E-03 6.598E-03 2.000E+05 0.000E+00 0.000E+00 7.568E+05
 1.05746296E+01   5090.4 3.338E+01 3.699E+10 1.581E-03 7.029E-03 2.000E+05 0.000E+00 0.000E+00 7.534E+05
 1.25483425E+01   5124.7 3.961E+01 4.475E+10 1.798E-03 7.555E-03 2.000E+05 0.000E+00 0.000E+00 7.510E+05
 1.48584320E+01   5159.8 4.689E+01 5.413E+10 2.053E-03 8.194E-03 2.000E+05 0.000E+00 0.000E+00 7.493E+05
 1.75496474E+01   5196.3 5.538E+01 6.558E+10 2.357E-03 8.980E-03 2.000E+05 0.000E+00 0.000E+00 7.482E+05
 2.06641371E+01   5235.6 6.520E+01 7.982E+10 2.726E-03 9.958E-03 2.000E+05 0.000E+00 0.000E+00 7.476E+05
 2.42381355E+01   5278.3 7.646E+01 9.778E+10 3.183E-03 1.119E-02 2.000E+05 0.000E+00 0.000E+00 7.474E+05
 2.82953913E+01   5326.4 8.924E+01 1.211E+11 3.763E-03 1.278E-02 2.000E+05 0.000E+00 0.000E+00 7.475E+05
 3.28382314E+01   5381.3 1.035E+02 1.519E+11 4.516E-03 1.487E-02 2.000E+05 0.000E+00 0.000E+00 7.479E+05
 3.78380766E+01   5445.3 1.193E+02 1.939E+11 5.526E-03 1.772E-02 2.000E+05 0.000E+00 0.000E+00 7.484E+05
 4.32250925E+01   5520.8 1.362E+02 2.531E+11 6.920E-03 2.167E-02 2.000E+05 0.000E+00 0.000E+00 7.489E+05
 4.88851178E+01   5610.5 1.540E+02 3.389E+11 8.906E-03 2.732E-02 2.000E+05 0.000E+00 0.000E+00 7.491E+05
 5.46600186E+01   5717.4 1.720E+02 4.672E+11 1.183E-02 3.568E-02 2.000E+05 0.000E+00 0.000E+00 7.489E+05
 6.03484212E+01   5845.4 1.898E+02 6.660E+11 1.634E-02 4.869E-02 2.000E+05 0.000E+00 0.000E+00 7.482E+05
 6.57203876E+01   5998.7 2.065E+02 9.847E+11 2.361E-02 6.987E-02 2.000E+05 7.799E-16 2.188E+01 7.468E+05
 7.05483280E+01   6182.9 2.213E+02 1.515E+12 3.603E-02 1.066E-01 2.000E+05 6.131E-14 8.894E+01 7.453E+05
 7.46231410E+01   6405.6 2.337E+02 2.437E+12 5.898E-02 1.758E-01 2.000E+05 4.020E-12 3.383E+02 7.448E+05
 7.78073583E+01   6673.9 2.430E+02 4.089E+12 1.048E-01 3.170E-01 2.000E+05 3.993E-10 1.469E+03 7.476E+05
 8.00666338E+01   6998.9 2.491E+02 7.154E+12 2.068E-01 6.377E-01 2.000E+05 7.532E-08 7.881E+03 7.571E+05
 8.15114477E+01   7382.6 2.523E+02 1.276E+13 4.496E-01 1.415E+00 2.000E+05 2.488E-05 5.155E+04 7.775E+05
 8.23504044E+01   7837.5 2.530E+02 2.278E+13 1.066E+00 3.388E+00 2.000E+05 2.218E-03 2.236E+05 8.156E+05
 8.28211882E+01   8343.2 2.521E+02 3.802E+13 2.465E+00 7.002E+00 2.000E+05 3.274E-02 5.481E+05 8.783E+05
 8.31342039E+01   8761.3 2.506E+02 5.204E+13 4.274E+00 8.956E+00 2.000E+05 2.859E-01 1.213E+06 9.477E+05
 8.34126217E+01   9083.6 2.490E+02 6.181E+13 5.809E+00 8.904E+00 2.000E+05 4.602E-01 1.506E+06 1.010E+06
 8.37029494E+01   9389.0 2.472E+02 6.894E+13 7.036E+00 9.438E+00 2.000E+05 5.193E-01 1.652E+06 1.073E+06
 8.40377252E+01   9756.3 2.445E+02 7.398E+13 7.759E+00 1.312E+01 2.000E+05 4.705E-01 1.798E+06 1.148E+06
 8.44849527E+01  10459.3 2.391E+02 7.521E+13 7.029E+00 1.707E+01 2.000E+05 6.900E-02 1.067E+06 1.287E+06
 8.52419210E+01  11398.9 2.300E+02 6.910E+13 4.721E+00 1.341E+01 2.000E+05 3.528E-04 2.377E+05 1.499E+06
 8.68639617E+01  12413.4 2.180E+02 6.078E+13 2.836E+00 8.180E+00 2.000E+05 7.423E-06 7.255E+04 1.680E+06
 9.03799599E+01  13459.9 2.063E+02 5.348E+13 1.816E+00 5.230E+00 2.000E+05 9.498E-07 3.684E+04 1.769E+06
 9.72831558E+01  14561.6 1.978E+02 4.818E+13 1.313E+00 3.770E+00 2.000E+05 2.485E-07 2.426E+04 1.922E+06
 1.09491989E+02  15718.7 1.961E+02 4.485E+13 1.030E+00 2.950E+00 2.000E+05 3.805E-08 1.390E+04 2.225E+06
 1.29567280E+02  16953.3 2.058E+02 4.386E+13 8.622E-01 2.467E+00 2.000E+05 1.171E-08 9.613E+03 2.514E+06
 1.60155575E+02  18260.5 2.313E+02 4.582E+13 7.731E-01 2.191E+00 2.000E+05 2.892E-08 1.283E+04 2.746E+06
PRADK 2.0423E+00
BEGIN                    ITERATION  15 COMPLETED
