TEFF   6250.  GRAVITY 2.00000 LTE 
TITLE  [-1.0a] N(He)/Ntot=0.0784 VTURB=2.0  L/H=1.25 ODFNEW                     
 OPACITY IFOP 1 1 1 1 1 1 1 1 1 1 1 1 1 0 1 0 0 0 0 0
 CONVECTION ON   1.25 TURBULENCE OFF  0.00  0.00  0.00  0.00
ABUNDANCE SCALE   0.10000 ABUNDANCE CHANGE 1 0.92130 2 0.07842
 ABUNDANCE CHANGE  3 -10.94  4 -10.64  5  -9.49  6  -3.52  7  -4.12  8  -2.81
 ABUNDANCE CHANGE  9  -7.48 10  -3.56 11  -5.71 12  -4.06 13  -5.57 14  -4.09
 ABUNDANCE CHANGE 15  -6.59 16  -4.31 17  -6.54 18  -5.24 19  -6.92 20  -5.28
 ABUNDANCE CHANGE 21  -8.87 22  -6.62 23  -8.04 24  -6.37 25  -6.65 26  -4.54
 ABUNDANCE CHANGE 27  -7.12 28  -5.79 29  -7.83 30  -7.44 31  -9.16 32  -8.63
 ABUNDANCE CHANGE 33  -9.67 34  -8.63 35  -9.41 36  -8.73 37  -9.44 38  -9.07
 ABUNDANCE CHANGE 39  -9.80 40  -9.44 41 -10.62 42 -10.12 43 -20.00 44 -10.20
 ABUNDANCE CHANGE 45 -10.92 46 -10.35 47 -11.10 48 -10.27 49 -10.38 50 -10.04
 ABUNDANCE CHANGE 51 -11.04 52  -9.80 53 -10.53 54  -9.87 55 -10.91 56  -9.91
 ABUNDANCE CHANGE 57 -10.87 58 -10.46 59 -11.33 60 -10.54 61 -20.00 62 -11.03
 ABUNDANCE CHANGE 63 -11.53 64 -10.92 65 -11.69 66 -10.90 67 -11.78 68 -11.11
 ABUNDANCE CHANGE 69 -12.04 70 -10.96 71 -11.98 72 -11.16 73 -12.17 74 -10.93
 ABUNDANCE CHANGE 75 -11.76 76 -10.59 77 -10.69 78 -10.24 79 -11.03 80 -10.91
 ABUNDANCE CHANGE 81 -11.14 82 -10.09 83 -11.33 84 -20.00 85 -20.00 86 -20.00
 ABUNDANCE CHANGE 87 -20.00 88 -20.00 89 -20.00 90 -11.95 91 -20.00 92 -12.54
 ABUNDANCE CHANGE 93 -20.00 94 -20.00 95 -20.00 96 -20.00 97 -20.00 98 -20.00
 ABUNDANCE CHANGE 99 -20.00
READ DECK6 72 RHOX,T,P,XNE,ABROSS,ACCRAD,VTURB, FLXCNV,VCONV,VELSND
 1.16117245E-03   4012.6 1.161E-01 3.449E+07 1.148E-04 1.071E-02 2.000E+05 0.000E+00 0.000E+00 3.472E+06
 1.55531021E-03   4026.9 1.555E-01 4.305E+07 1.108E-04 1.072E-02 2.000E+05 0.000E+00 0.000E+00 3.031E+06
 2.09744486E-03   4043.8 2.097E-01 5.457E+07 1.080E-04 1.059E-02 2.000E+05 0.000E+00 0.000E+00 2.643E+06
 2.83711241E-03   4062.4 2.837E-01 6.977E+07 1.059E-04 1.044E-02 2.000E+05 0.000E+00 0.000E+00 2.308E+06
 3.83892381E-03   4083.0 3.839E-01 8.997E+07 1.049E-04 1.031E-02 2.000E+05 0.000E+00 0.000E+00 2.021E+06
 5.18168419E-03   4105.4 5.181E-01 1.166E+08 1.048E-04 1.021E-02 2.000E+05 0.000E+00 0.000E+00 1.779E+06
 6.96401307E-03   4129.6 6.963E-01 1.518E+08 1.058E-04 1.010E-02 2.000E+05 0.000E+00 0.000E+00 1.578E+06
 9.30483567E-03   4155.5 9.304E-01 1.982E+08 1.080E-04 9.982E-03 2.000E+05 0.000E+00 0.000E+00 1.411E+06
 1.23430143E-02   4183.4 1.234E+00 2.595E+08 1.116E-04 9.880E-03 2.000E+05 0.000E+00 0.000E+00 1.275E+06
 1.62388698E-02   4212.9 1.624E+00 3.399E+08 1.167E-04 9.771E-03 2.000E+05 0.000E+00 0.000E+00 1.164E+06
 2.11788691E-02   4243.6 2.118E+00 4.444E+08 1.234E-04 9.639E-03 2.000E+05 0.000E+00 0.000E+00 1.074E+06
 2.73798664E-02   4275.1 2.738E+00 5.790E+08 1.317E-04 9.487E-03 2.000E+05 0.000E+00 0.000E+00 1.002E+06
 3.50927812E-02   4307.0 3.509E+00 7.508E+08 1.418E-04 9.338E-03 2.000E+05 0.000E+00 0.000E+00 9.449E+05
 4.46094459E-02   4338.9 4.461E+00 9.677E+08 1.538E-04 9.201E-03 2.000E+05 0.000E+00 0.000E+00 8.990E+05
 5.62689992E-02   4370.7 5.626E+00 1.239E+09 1.679E-04 9.066E-03 2.000E+05 0.000E+00 0.000E+00 8.625E+05
 7.04615394E-02   4402.3 7.046E+00 1.576E+09 1.845E-04 8.962E-03 2.000E+05 0.000E+00 0.000E+00 8.335E+05
 8.76353736E-02   4433.5 8.763E+00 1.992E+09 2.038E-04 8.875E-03 2.000E+05 0.000E+00 0.000E+00 8.106E+05
 1.08298146E-01   4464.6 1.083E+01 2.505E+09 2.266E-04 8.823E-03 2.000E+05 0.000E+00 0.000E+00 7.924E+05
 1.33020454E-01   4495.6 1.330E+01 3.132E+09 2.532E-04 8.806E-03 2.000E+05 0.000E+00 0.000E+00 7.782E+05
 1.62435876E-01   4526.7 1.624E+01 3.901E+09 2.845E-04 8.803E-03 2.000E+05 0.000E+00 0.000E+00 7.670E+05
 1.97249951E-01   4558.1 1.972E+01 4.841E+09 3.213E-04 8.810E-03 2.000E+05 0.000E+00 0.000E+00 7.584E+05
 2.38260398E-01   4589.5 2.382E+01 5.984E+09 3.645E-04 8.840E-03 2.000E+05 0.000E+00 0.000E+00 7.518E+05
 2.86365761E-01   4621.1 2.863E+01 7.370E+09 4.152E-04 8.892E-03 2.000E+05 0.000E+00 0.000E+00 7.467E+05
 3.42594871E-01   4652.9 3.426E+01 9.046E+09 4.744E-04 8.974E-03 2.000E+05 0.000E+00 0.000E+00 7.430E+05
 4.08133563E-01   4684.6 4.081E+01 1.106E+10 5.434E-04 9.090E-03 2.000E+05 0.000E+00 0.000E+00 7.402E+05
 4.84342486E-01   4716.5 4.843E+01 1.349E+10 6.238E-04 9.227E-03 2.000E+05 0.000E+00 0.000E+00 7.384E+05
 5.72832437E-01   4748.1 5.728E+01 1.639E+10 7.166E-04 9.382E-03 2.000E+05 0.000E+00 0.000E+00 7.371E+05
 6.75491819E-01   4779.7 6.754E+01 1.985E+10 8.241E-04 9.570E-03 2.000E+05 0.000E+00 0.000E+00 7.365E+05
 7.94511400E-01   4811.0 7.944E+01 2.394E+10 9.480E-04 9.805E-03 2.000E+05 0.000E+00 0.000E+00 7.362E+05
 9.32473544E-01   4842.0 9.324E+01 2.880E+10 1.091E-03 1.009E-02 2.000E+05 0.000E+00 0.000E+00 7.363E+05
 1.09237265E+00   4872.7 1.092E+02 3.453E+10 1.255E-03 1.043E-02 2.000E+05 0.000E+00 0.000E+00 7.367E+05
 1.27773531E+00   4903.1 1.278E+02 4.127E+10 1.443E-03 1.084E-02 2.000E+05 0.000E+00 0.000E+00 7.373E+05
 1.49270536E+00   4933.1 1.493E+02 4.920E+10 1.659E-03 1.131E-02 2.000E+05 0.000E+00 0.000E+00 7.382E+05
 1.74222592E+00   4962.6 1.742E+02 5.845E+10 1.905E-03 1.184E-02 2.000E+05 0.000E+00 0.000E+00 7.392E+05
 2.03223747E+00   4991.4 2.032E+02 6.920E+10 2.184E-03 1.246E-02 2.000E+05 0.000E+00 0.000E+00 7.403E+05
 2.36984981E+00   5019.4 2.370E+02 8.164E+10 2.500E-03 1.317E-02 2.000E+05 0.000E+00 0.000E+00 7.415E+05
 2.76351091E+00   5046.6 2.763E+02 9.599E+10 2.857E-03 1.401E-02 2.000E+05 0.000E+00 0.000E+00 7.427E+05
 3.22317801E+00   5073.1 3.223E+02 1.126E+11 3.261E-03 1.499E-02 2.000E+05 0.000E+00 0.000E+00 7.441E+05
 3.76021999E+00   5099.3 3.760E+02 1.318E+11 3.722E-03 1.617E-02 2.000E+05 0.000E+00 0.000E+00 7.455E+05
 4.38752756E+00   5125.7 4.387E+02 1.543E+11 4.251E-03 1.755E-02 2.000E+05 0.000E+00 0.000E+00 7.470E+05
 5.11929374E+00   5152.9 5.119E+02 1.809E+11 4.864E-03 1.920E-02 2.000E+05 0.000E+00 0.000E+00 7.486E+05
 5.97064725E+00   5181.6 5.970E+02 2.127E+11 5.586E-03 2.117E-02 2.000E+05 0.000E+00 0.000E+00 7.503E+05
 6.95718724E+00   5212.5 6.956E+02 2.514E+11 6.443E-03 2.355E-02 2.000E+05 0.000E+00 0.000E+00 7.522E+05
 8.09368344E+00   5246.9 8.092E+02 2.995E+11 7.486E-03 2.648E-02 2.000E+05 0.000E+00 0.000E+00 7.542E+05
 9.39255075E+00   5285.8 9.391E+02 3.604E+11 8.774E-03 3.013E-02 2.000E+05 0.000E+00 0.000E+00 7.565E+05
 1.08615591E+01   5331.1 1.086E+03 4.397E+11 1.041E-02 3.482E-02 2.000E+05 0.000E+00 0.000E+00 7.591E+05
 1.25003977E+01   5384.5 1.250E+03 5.458E+11 1.254E-02 4.094E-02 2.000E+05 0.000E+00 0.000E+00 7.619E+05
 1.42982596E+01   5448.1 1.429E+03 6.918E+11 1.539E-02 4.916E-02 2.000E+05 0.000E+00 0.000E+00 7.652E+05
 1.62316908E+01   5524.1 1.623E+03 8.988E+11 1.929E-02 6.040E-02 2.000E+05 0.000E+00 0.000E+00 7.687E+05
 1.82637657E+01   5615.3 1.826E+03 1.201E+12 2.478E-02 7.618E-02 2.000E+05 0.000E+00 0.000E+00 7.726E+05
 2.03439636E+01   5724.4 2.034E+03 1.657E+12 3.275E-02 9.900E-02 2.000E+05 0.000E+00 0.000E+00 7.765E+05
 2.24086711E+01   5855.1 2.240E+03 2.368E+12 4.475E-02 1.334E-01 2.000E+05 0.000E+00 0.000E+00 7.803E+05
 2.43872015E+01   6011.1 2.437E+03 3.512E+12 6.345E-02 1.871E-01 2.000E+05 3.706E-14 3.826E+01 7.835E+05
 2.62111346E+01   6196.4 2.619E+03 5.412E+12 9.371E-02 2.745E-01 2.000E+05 3.240E-11 3.542E+02 7.857E+05
 2.78187005E+01   6416.7 2.780E+03 8.680E+12 1.454E-01 4.254E-01 2.000E+05 1.680E-09 1.274E+03 7.863E+05
 2.91620347E+01   6678.8 2.913E+03 1.449E+13 2.387E-01 7.019E-01 2.000E+05 7.491E-08 4.327E+03 7.857E+05
 3.02163002E+01   6989.4 3.018E+03 2.509E+13 4.196E-01 1.249E+00 2.000E+05 4.456E-06 1.602E+04 7.854E+05
 3.09804061E+01   7361.6 3.093E+03 4.518E+13 8.063E-01 2.457E+00 2.000E+05 3.275E-04 6.289E+04 7.889E+05
 3.14714918E+01   7824.4 3.140E+03 8.572E+13 1.767E+00 5.356E+00 2.000E+05 2.843E-03 1.192E+05 8.017E+05
 3.17661764E+01   8304.9 3.167E+03 1.521E+14 3.833E+00 9.590E+00 2.000E+05 1.371E-01 4.083E+05 8.259E+05
 3.19734702E+01   8644.8 3.186E+03 2.169E+14 6.396E+00 1.025E+01 2.000E+05 4.587E-01 6.188E+05 8.499E+05
 3.21581234E+01   8875.4 3.203E+03 2.698E+14 8.841E+00 8.731E+00 2.000E+05 6.407E-01 6.806E+05 8.696E+05
 3.23442461E+01   9062.5 3.220E+03 3.178E+14 1.132E+01 7.468E+00 2.000E+05 7.614E-01 7.201E+05 8.878E+05
 3.25418854E+01   9233.1 3.238E+03 3.652E+14 1.399E+01 6.534E+00 2.000E+05 8.347E-01 7.442E+05 9.059E+05
 3.27583612E+01   9391.0 3.258E+03 4.119E+14 1.681E+01 5.835E+00 2.000E+05 8.780E-01 7.579E+05 9.242E+05
 3.30007848E+01   9547.8 3.281E+03 4.603E+14 1.987E+01 5.395E+00 2.000E+05 9.060E-01 7.726E+05 9.437E+05
 3.32758456E+01   9705.9 3.307E+03 5.106E+14 2.323E+01 5.055E+00 2.000E+05 9.245E-01 7.832E+05 9.646E+05
 3.35910377E+01   9869.2 3.337E+03 5.635E+14 2.693E+01 4.844E+00 2.000E+05 9.377E-01 7.960E+05 9.875E+05
 3.39551632E+01  10043.5 3.372E+03 6.200E+14 3.095E+01 4.743E+00 2.000E+05 9.471E-01 8.103E+05 1.013E+06
 3.43804712E+01  10233.2 3.413E+03 6.801E+14 3.511E+01 4.700E+00 2.000E+05 9.534E-01 8.240E+05 1.042E+06
 3.48828998E+01  10445.4 3.460E+03 7.442E+14 3.945E+01 4.856E+00 2.000E+05 9.575E-01 8.454E+05 1.076E+06
 3.54837241E+01  10698.1 3.517E+03 8.134E+14 4.381E+01 5.304E+00 2.000E+05 9.583E-01 8.678E+05 1.117E+06
PRADK 2.0415E+00
BEGIN                    ITERATION  15 COMPLETED
