TEFF   7500.  GRAVITY 0.50000 LTE 
TITLE  [-1.0a] N(He)/Ntot=0.0784 VTURB=2.0  L/H=1.25 ODFNEW                     
 OPACITY IFOP 1 1 1 1 1 1 1 1 1 1 1 1 1 0 1 0 0 0 0 0
 CONVECTION ON   1.25 TURBULENCE OFF  0.00  0.00  0.00  0.00
ABUNDANCE SCALE   0.10000 ABUNDANCE CHANGE 1 0.92130 2 0.07842
 ABUNDANCE CHANGE  3 -10.94  4 -10.64  5  -9.49  6  -3.52  7  -4.12  8  -2.81
 ABUNDANCE CHANGE  9  -7.48 10  -3.56 11  -5.71 12  -4.06 13  -5.57 14  -4.09
 ABUNDANCE CHANGE 15  -6.59 16  -4.31 17  -6.54 18  -5.24 19  -6.92 20  -5.28
 ABUNDANCE CHANGE 21  -8.87 22  -6.62 23  -8.04 24  -6.37 25  -6.65 26  -4.54
 ABUNDANCE CHANGE 27  -7.12 28  -5.79 29  -7.83 30  -7.44 31  -9.16 32  -8.63
 ABUNDANCE CHANGE 33  -9.67 34  -8.63 35  -9.41 36  -8.73 37  -9.44 38  -9.07
 ABUNDANCE CHANGE 39  -9.80 40  -9.44 41 -10.62 42 -10.12 43 -20.00 44 -10.20
 ABUNDANCE CHANGE 45 -10.92 46 -10.35 47 -11.10 48 -10.27 49 -10.38 50 -10.04
 ABUNDANCE CHANGE 51 -11.04 52  -9.80 53 -10.53 54  -9.87 55 -10.91 56  -9.91
 ABUNDANCE CHANGE 57 -10.87 58 -10.46 59 -11.33 60 -10.54 61 -20.00 62 -11.03
 ABUNDANCE CHANGE 63 -11.53 64 -10.92 65 -11.69 66 -10.90 67 -11.78 68 -11.11
 ABUNDANCE CHANGE 69 -12.04 70 -10.96 71 -11.98 72 -11.16 73 -12.17 74 -10.93
 ABUNDANCE CHANGE 75 -11.76 76 -10.59 77 -10.69 78 -10.24 79 -11.03 80 -10.91
 ABUNDANCE CHANGE 81 -11.14 82 -10.09 83 -11.33 84 -20.00 85 -20.00 86 -20.00
 ABUNDANCE CHANGE 87 -20.00 88 -20.00 89 -20.00 90 -11.95 91 -20.00 92 -12.54
 ABUNDANCE CHANGE 93 -20.00 94 -20.00 95 -20.00 96 -20.00 97 -20.00 98 -20.00
 ABUNDANCE CHANGE 99 -20.00
READ DECK6 72 RHOX,T,P,XNE,ABROSS,ACCRAD,VTURB, FLXCNV,VCONV,VELSND
 6.84471796E-06   4354.6 2.011E-05 1.859E+06 1.948E-02 2.240E-01 2.000E+05 0.000E+00 0.000E+00 9.585E+07
 9.25181033E-06   4363.3 2.720E-05 2.257E+06 1.747E-02 2.117E-01 2.000E+05 0.000E+00 0.000E+00 8.905E+07
 1.28696529E-05   4370.1 3.790E-05 2.761E+06 1.532E-02 1.983E-01 2.000E+05 0.000E+00 0.000E+00 8.127E+07
 1.83452375E-05   4382.3 5.416E-05 3.492E+06 1.357E-02 1.871E-01 2.000E+05 0.000E+00 0.000E+00 7.245E+07
 2.66236404E-05   4396.8 7.883E-05 4.499E+06 1.204E-02 1.767E-01 2.000E+05 0.000E+00 0.000E+00 6.350E+07
 3.89589272E-05   4416.3 1.157E-04 5.930E+06 1.087E-02 1.681E-01 2.000E+05 0.000E+00 0.000E+00 5.490E+07
 5.70224923E-05   4440.0 1.699E-04 7.936E+06 9.980E-03 1.608E-01 2.000E+05 0.000E+00 0.000E+00 4.709E+07
 8.30176848E-05   4467.4 2.480E-04 1.073E+07 9.323E-03 1.542E-01 2.000E+05 0.000E+00 0.000E+00 4.024E+07
 1.19827190E-04   4497.7 3.589E-04 1.459E+07 8.842E-03 1.480E-01 2.000E+05 0.000E+00 0.000E+00 3.437E+07
 1.71261583E-04   4530.1 5.141E-04 1.986E+07 8.482E-03 1.420E-01 2.000E+05 0.000E+00 0.000E+00 2.939E+07
 2.42474751E-04   4563.4 7.294E-04 2.694E+07 8.195E-03 1.362E-01 2.000E+05 0.000E+00 0.000E+00 2.519E+07
 3.40548917E-04   4597.2 1.027E-03 3.639E+07 7.948E-03 1.307E-01 2.000E+05 0.000E+00 0.000E+00 2.165E+07
 4.75245848E-04   4631.1 1.435E-03 4.892E+07 7.724E-03 1.255E-01 2.000E+05 0.000E+00 0.000E+00 1.866E+07
 6.59933224E-04   4665.2 1.997E-03 6.552E+07 7.518E-03 1.206E-01 2.000E+05 0.000E+00 0.000E+00 1.611E+07
 9.12764897E-04   4699.6 2.766E-03 8.751E+07 7.329E-03 1.161E-01 2.000E+05 0.000E+00 0.000E+00 1.394E+07
 1.25841079E-03   4734.3 3.820E-03 1.166E+08 7.151E-03 1.116E-01 2.000E+05 0.000E+00 0.000E+00 1.207E+07
 1.73081562E-03   4768.9 5.263E-03 1.548E+08 6.975E-03 1.074E-01 2.000E+05 0.000E+00 0.000E+00 1.047E+07
 2.37734704E-03   4803.1 7.239E-03 2.048E+08 6.789E-03 1.035E-01 2.000E+05 0.000E+00 0.000E+00 9.100E+06
 3.26434959E-03   4837.0 9.954E-03 2.701E+08 6.592E-03 1.001E-01 2.000E+05 0.000E+00 0.000E+00 7.915E+06
 4.48232574E-03   4871.3 1.369E-02 3.562E+08 6.406E-03 9.715E-02 2.000E+05 0.000E+00 0.000E+00 6.887E+06
 6.15103771E-03   4906.9 1.880E-02 4.707E+08 6.248E-03 9.483E-02 2.000E+05 0.000E+00 0.000E+00 5.992E+06
 8.42394659E-03   4944.9 2.578E-02 6.251E+08 6.141E-03 9.309E-02 2.000E+05 0.000E+00 0.000E+00 5.213E+06
 1.14906570E-02   4985.9 3.519E-02 8.347E+08 6.102E-03 9.180E-02 2.000E+05 0.000E+00 0.000E+00 4.536E+06
 1.55805002E-02   5030.1 4.776E-02 1.120E+09 6.137E-03 9.088E-02 2.000E+05 0.000E+00 0.000E+00 3.951E+06
 2.09716001E-02   5077.1 6.432E-02 1.506E+09 6.240E-03 9.028E-02 2.000E+05 0.000E+00 0.000E+00 3.449E+06
 2.80046914E-02   5126.5 8.593E-02 2.026E+09 6.407E-03 8.996E-02 2.000E+05 0.000E+00 0.000E+00 3.020E+06
 3.71019363E-02   5177.7 1.139E-01 2.722E+09 6.630E-03 8.988E-02 2.000E+05 0.000E+00 0.000E+00 2.655E+06
 4.87873830E-02   5230.1 1.498E-01 3.644E+09 6.901E-03 9.005E-02 2.000E+05 0.000E+00 0.000E+00 2.346E+06
 6.37256168E-02   5283.2 1.957E-01 4.856E+09 7.212E-03 9.049E-02 2.000E+05 0.000E+00 0.000E+00 2.083E+06
 8.27518525E-02   5336.9 2.541E-01 6.442E+09 7.565E-03 9.129E-02 2.000E+05 0.000E+00 0.000E+00 1.860E+06
 1.06892047E-01   5391.3 3.282E-01 8.516E+09 7.967E-03 9.252E-02 2.000E+05 0.000E+00 0.000E+00 1.670E+06
 1.37379730E-01   5446.8 4.218E-01 1.122E+10 8.433E-03 9.424E-02 2.000E+05 0.000E+00 0.000E+00 1.509E+06
 1.75677944E-01   5503.3 5.393E-01 1.475E+10 8.976E-03 9.641E-02 2.000E+05 0.000E+00 0.000E+00 1.373E+06
 2.23531762E-01   5560.6 6.859E-01 1.932E+10 9.601E-03 9.898E-02 2.000E+05 0.000E+00 0.000E+00 1.258E+06
 2.83101294E-01   5617.7 8.683E-01 2.515E+10 1.030E-02 1.019E-01 2.000E+05 0.000E+00 0.000E+00 1.162E+06
 3.57155761E-01   5673.9 1.095E+00 3.250E+10 1.104E-02 1.052E-01 2.000E+05 0.000E+00 0.000E+00 1.082E+06
 4.49248650E-01   5728.5 1.376E+00 4.168E+10 1.184E-02 1.089E-01 2.000E+05 0.000E+00 0.000E+00 1.016E+06
 5.63812858E-01   5782.0 1.726E+00 5.310E+10 1.270E-02 1.132E-01 2.000E+05 0.000E+00 0.000E+00 9.618E+05
 7.06153522E-01   5834.8 2.160E+00 6.731E+10 1.364E-02 1.182E-01 2.000E+05 0.000E+00 0.000E+00 9.169E+05
 8.82559728E-01   5887.0 2.696E+00 8.494E+10 1.470E-02 1.242E-01 2.000E+05 0.000E+00 0.000E+00 8.801E+05
 1.10044991E+00   5938.9 3.357E+00 1.067E+11 1.590E-02 1.314E-01 2.000E+05 0.000E+00 0.000E+00 8.502E+05
 1.36810981E+00   5991.5 4.167E+00 1.339E+11 1.733E-02 1.405E-01 2.000E+05 0.000E+00 0.000E+00 8.260E+05
 1.69397161E+00   6046.1 5.150E+00 1.679E+11 1.908E-02 1.522E-01 2.000E+05 0.000E+00 0.000E+00 8.068E+05
 2.08573013E+00   6104.6 6.327E+00 2.111E+11 2.133E-02 1.678E-01 2.000E+05 0.000E+00 0.000E+00 7.918E+05
 2.54822525E+00   6169.1 7.707E+00 2.670E+11 2.435E-02 1.893E-01 2.000E+05 0.000E+00 0.000E+00 7.805E+05
 3.08125021E+00   6242.8 9.284E+00 3.410E+11 2.857E-02 2.198E-01 2.000E+05 0.000E+00 0.000E+00 7.726E+05
 3.67744503E+00   6327.9 1.103E+01 4.403E+11 3.462E-02 2.638E-01 2.000E+05 0.000E+00 0.000E+00 7.678E+05
 4.32140673E+00   6427.8 1.287E+01 5.766E+11 4.358E-02 3.295E-01 2.000E+05 1.645E-18 7.174E+00 7.663E+05
 4.98928785E+00   6545.7 1.473E+01 7.666E+11 5.727E-02 4.305E-01 2.000E+05 2.485E-17 1.677E+01 7.685E+05
 5.65046589E+00   6686.0 1.649E+01 1.036E+12 7.912E-02 5.918E-01 2.000E+05 1.763E-16 3.074E+01 7.751E+05
 6.27191221E+00   6852.6 1.801E+01 1.423E+12 1.153E-01 8.583E-01 2.000E+05 1.375E-15 5.881E+01 7.875E+05
 6.82496165E+00   7049.8 1.917E+01 1.975E+12 1.774E-01 1.314E+00 2.000E+05 1.934E-14 1.392E+02 8.083E+05
 7.29181347E+00   7282.6 1.987E+01 2.747E+12 2.868E-01 2.101E+00 2.000E+05 5.648E-13 4.294E+02 8.415E+05
 7.67095465E+00   7552.9 2.005E+01 3.749E+12 4.753E-01 3.429E+00 2.000E+05 2.344E-11 1.534E+03 8.935E+05
 7.97764780E+00   7862.3 1.969E+01 4.871E+12 7.677E-01 5.398E+00 2.000E+05 6.264E-10 4.910E+03 9.732E+05
 8.24305375E+00   8208.0 1.880E+01 5.782E+12 1.117E+00 7.609E+00 2.000E+05 3.924E-09 1.013E+04 1.090E+06
 8.51083157E+00   8596.2 1.742E+01 6.089E+12 1.347E+00 8.848E+00 2.000E+05 2.607E-09 1.040E+04 1.264E+06
 8.84257189E+00   9022.7 1.560E+01 5.680E+12 1.311E+00 8.308E+00 2.000E+05 4.204E-10 6.815E+03 1.541E+06
 9.33563889E+00   9496.9 1.345E+01 4.826E+12 1.095E+00 6.736E+00 2.000E+05 1.140E-10 5.111E+03 1.935E+06
 1.01558018E+01  10012.4 1.124E+01 3.872E+12 8.533E-01 5.135E+00 2.000E+05 8.443E-11 5.114E+03 2.358E+06
 1.15680907E+01  10584.2 9.401E+00 3.078E+12 6.633E-01 3.938E+00 2.000E+05 9.315E-11 5.733E+03 2.828E+06
 1.39237412E+01  11217.2 8.515E+00 2.638E+12 5.478E-01 3.243E+00 2.000E+05 8.040E-11 5.750E+03 3.310E+06
 1.75547556E+01  11925.1 8.862E+00 2.598E+12 4.944E-01 2.942E+00 2.000E+05 5.006E-11 4.944E+03 3.688E+06
 2.27323494E+01  12714.4 1.034E+01 2.879E+12 4.753E-01 2.833E+00 2.000E+05 3.756E-11 4.371E+03 3.974E+06
 2.97962033E+01  13584.0 1.277E+01 3.373E+12 4.695E-01 2.803E+00 2.000E+05 1.874E-11 3.323E+03 4.269E+06
 3.93276249E+01  14533.4 1.636E+01 4.063E+12 4.643E-01 2.770E+00 2.000E+05 4.100E-12 1.892E+03 4.514E+06
 5.21279512E+01  15568.4 2.142E+01 4.975E+12 4.628E-01 2.764E+00 2.000E+05 6.174E-13 9.429E+02 4.702E+06
 6.92253307E+01  16687.8 2.828E+01 6.133E+12 4.627E-01 2.758E+00 2.000E+05 2.118E-12 1.327E+03 4.873E+06
 9.19507761E+01  17902.3 3.723E+01 7.527E+12 4.655E-01 2.780E+00 2.000E+05 1.953E-11 2.600E+03 5.060E+06
 1.22216230E+02  19209.6 4.920E+01 9.270E+12 4.639E-01 2.754E+00 2.000E+05 1.050E-10 4.250E+03 5.248E+06
 1.62499649E+02  20625.7 6.524E+01 1.145E+13 4.676E-01 2.774E+00 2.000E+05 2.365E-09 1.118E+04 5.439E+06
 2.15596053E+02  22143.9 8.730E+01 1.427E+13 4.745E-01 2.720E+00 2.000E+05 1.117E-05 1.744E+05 5.606E+06
PRADK 4.2261E+00
BEGIN                    ITERATION  15 COMPLETED
