TEFF   5250.  GRAVITY 4.00000 LTE 
TITLE  [-1.0a] N(He)/Ntot=0.0784 VTURB=2.0  L/H=1.25 ODFNEW                     
 OPACITY IFOP 1 1 1 1 1 1 1 1 1 1 1 1 1 0 1 0 0 0 0 0
 CONVECTION ON   1.25 TURBULENCE OFF  0.00  0.00  0.00  0.00
ABUNDANCE SCALE   0.10000 ABUNDANCE CHANGE 1 0.92130 2 0.07842
 ABUNDANCE CHANGE  3 -10.94  4 -10.64  5  -9.49  6  -3.52  7  -4.12  8  -2.81
 ABUNDANCE CHANGE  9  -7.48 10  -3.56 11  -5.71 12  -4.06 13  -5.57 14  -4.09
 ABUNDANCE CHANGE 15  -6.59 16  -4.31 17  -6.54 18  -5.24 19  -6.92 20  -5.28
 ABUNDANCE CHANGE 21  -8.87 22  -6.62 23  -8.04 24  -6.37 25  -6.65 26  -4.54
 ABUNDANCE CHANGE 27  -7.12 28  -5.79 29  -7.83 30  -7.44 31  -9.16 32  -8.63
 ABUNDANCE CHANGE 33  -9.67 34  -8.63 35  -9.41 36  -8.73 37  -9.44 38  -9.07
 ABUNDANCE CHANGE 39  -9.80 40  -9.44 41 -10.62 42 -10.12 43 -20.00 44 -10.20
 ABUNDANCE CHANGE 45 -10.92 46 -10.35 47 -11.10 48 -10.27 49 -10.38 50 -10.04
 ABUNDANCE CHANGE 51 -11.04 52  -9.80 53 -10.53 54  -9.87 55 -10.91 56  -9.91
 ABUNDANCE CHANGE 57 -10.87 58 -10.46 59 -11.33 60 -10.54 61 -20.00 62 -11.03
 ABUNDANCE CHANGE 63 -11.53 64 -10.92 65 -11.69 66 -10.90 67 -11.78 68 -11.11
 ABUNDANCE CHANGE 69 -12.04 70 -10.96 71 -11.98 72 -11.16 73 -12.17 74 -10.93
 ABUNDANCE CHANGE 75 -11.76 76 -10.59 77 -10.69 78 -10.24 79 -11.03 80 -10.91
 ABUNDANCE CHANGE 81 -11.14 82 -10.09 83 -11.33 84 -20.00 85 -20.00 86 -20.00
 ABUNDANCE CHANGE 87 -20.00 88 -20.00 89 -20.00 90 -11.95 91 -20.00 92 -12.54
 ABUNDANCE CHANGE 93 -20.00 94 -20.00 95 -20.00 96 -20.00 97 -20.00 98 -20.00
 ABUNDANCE CHANGE 99 -20.00
READ DECK6 72 RHOX,T,P,XNE,ABROSS,ACCRAD,VTURB, FLXCNV,VCONV,VELSND
 2.03394056E-03   3453.4 2.034E+01 6.894E+08 6.556E-05 8.687E-03 2.000E+05 0.000E+00 0.000E+00 6.419E+05
 2.66798167E-03   3474.1 2.668E+01 8.856E+08 7.473E-05 8.865E-03 2.000E+05 0.000E+00 0.000E+00 6.380E+05
 3.41671487E-03   3492.6 3.417E+01 1.112E+09 8.370E-05 8.443E-03 2.000E+05 0.000E+00 0.000E+00 6.356E+05
 4.30719481E-03   3512.6 4.307E+01 1.380E+09 9.394E-05 7.843E-03 2.000E+05 0.000E+00 0.000E+00 6.342E+05
 5.36296403E-03   3532.7 5.363E+01 1.694E+09 1.058E-04 7.289E-03 2.000E+05 0.000E+00 0.000E+00 6.336E+05
 6.61066929E-03   3553.0 6.611E+01 2.062E+09 1.196E-04 6.787E-03 2.000E+05 0.000E+00 0.000E+00 6.335E+05
 8.08067662E-03   3573.5 8.081E+01 2.491E+09 1.355E-04 6.339E-03 2.000E+05 0.000E+00 0.000E+00 6.338E+05
 9.80791381E-03   3594.0 9.808E+01 2.991E+09 1.540E-04 5.952E-03 2.000E+05 0.000E+00 0.000E+00 6.343E+05
 1.18337651E-02   3615.3 1.183E+02 3.575E+09 1.753E-04 5.538E-03 2.000E+05 0.000E+00 0.000E+00 6.351E+05
 1.42007092E-02   3636.8 1.420E+02 4.254E+09 2.007E-04 5.348E-03 2.000E+05 0.000E+00 0.000E+00 6.361E+05
 1.69356199E-02   3659.4 1.694E+02 5.040E+09 2.331E-04 5.647E-03 2.000E+05 0.000E+00 0.000E+00 6.373E+05
 2.00767004E-02   3682.4 2.008E+02 5.942E+09 2.706E-04 5.993E-03 2.000E+05 0.000E+00 0.000E+00 6.387E+05
 2.36846190E-02   3705.9 2.368E+02 6.978E+09 3.142E-04 6.409E-03 2.000E+05 0.000E+00 0.000E+00 6.401E+05
 2.78280617E-02   3729.3 2.783E+02 8.165E+09 3.648E-04 6.923E-03 2.000E+05 0.000E+00 0.000E+00 6.417E+05
 3.25858875E-02   3752.9 3.259E+02 9.525E+09 4.237E-04 7.564E-03 2.000E+05 0.000E+00 0.000E+00 6.432E+05
 3.80482619E-02   3776.7 3.805E+02 1.109E+10 4.922E-04 8.324E-03 2.000E+05 0.000E+00 0.000E+00 6.449E+05
 4.43193854E-02   3800.4 4.432E+02 1.287E+10 5.715E-04 9.329E-03 2.000E+05 0.000E+00 0.000E+00 6.465E+05
 5.15921253E-02   3825.6 5.159E+02 1.495E+10 6.510E-04 9.356E-03 2.000E+05 0.000E+00 0.000E+00 6.483E+05
 6.01068450E-02   3850.3 6.011E+02 1.737E+10 7.418E-04 9.364E-03 2.000E+05 0.000E+00 0.000E+00 6.501E+05
 7.00651385E-02   3874.7 7.006E+02 2.017E+10 8.464E-04 9.443E-03 2.000E+05 0.000E+00 0.000E+00 6.518E+05
 8.16955650E-02   3899.2 8.169E+02 2.343E+10 9.670E-04 9.581E-03 2.000E+05 0.000E+00 0.000E+00 6.536E+05
 9.52642665E-02   3923.5 9.526E+02 2.720E+10 1.106E-03 9.785E-03 2.000E+05 0.000E+00 0.000E+00 6.553E+05
 1.11082343E-01   3948.8 1.111E+03 3.160E+10 1.265E-03 9.987E-03 2.000E+05 0.000E+00 0.000E+00 6.571E+05
 1.29516160E-01   3974.1 1.295E+03 3.670E+10 1.448E-03 1.023E-02 2.000E+05 0.000E+00 0.000E+00 6.589E+05
 1.51005824E-01   4000.1 1.510E+03 4.264E+10 1.656E-03 1.045E-02 2.000E+05 0.000E+00 0.000E+00 6.607E+05
 1.76066979E-01   4025.9 1.761E+03 4.952E+10 1.893E-03 1.071E-02 2.000E+05 0.000E+00 0.000E+00 6.625E+05
 2.05284185E-01   4051.3 2.053E+03 5.747E+10 2.166E-03 1.103E-02 2.000E+05 0.000E+00 0.000E+00 6.643E+05
 2.39335358E-01   4076.2 2.393E+03 6.666E+10 2.479E-03 1.143E-02 2.000E+05 0.000E+00 0.000E+00 6.659E+05
 2.79011743E-01   4100.7 2.790E+03 7.728E+10 2.837E-03 1.192E-02 2.000E+05 0.000E+00 0.000E+00 6.675E+05
 3.25241609E-01   4124.5 3.252E+03 8.951E+10 3.246E-03 1.250E-02 2.000E+05 0.000E+00 0.000E+00 6.690E+05
 3.79122280E-01   4148.4 3.791E+03 1.037E+11 3.714E-03 1.314E-02 2.000E+05 0.000E+00 0.000E+00 6.705E+05
 4.41948534E-01   4170.9 4.419E+03 1.199E+11 4.246E-03 1.392E-02 2.000E+05 0.000E+00 0.000E+00 6.718E+05
 5.15256572E-01   4193.3 5.153E+03 1.386E+11 4.851E-03 1.479E-02 2.000E+05 0.000E+00 0.000E+00 6.730E+05
 6.00836150E-01   4214.3 6.008E+03 1.601E+11 5.541E-03 1.583E-02 2.000E+05 0.000E+00 0.000E+00 6.740E+05
 7.00747426E-01   4234.8 7.007E+03 1.849E+11 6.329E-03 1.705E-02 2.000E+05 0.000E+00 0.000E+00 6.749E+05
 8.17398923E-01   4254.5 8.174E+03 2.133E+11 7.228E-03 1.848E-02 2.000E+05 0.000E+00 0.000E+00 6.756E+05
 9.53602036E-01   4274.0 9.536E+03 2.459E+11 8.255E-03 2.015E-02 2.000E+05 0.000E+00 0.000E+00 6.763E+05
 1.11264930E+00   4293.6 1.113E+04 2.836E+11 9.426E-03 2.207E-02 2.000E+05 0.000E+00 0.000E+00 6.769E+05
 1.29837915E+00   4313.8 1.298E+04 3.272E+11 1.077E-02 2.426E-02 2.000E+05 0.000E+00 0.000E+00 6.775E+05
 1.51520780E+00   4334.7 1.515E+04 3.776E+11 1.230E-02 2.678E-02 2.000E+05 0.000E+00 0.000E+00 6.781E+05
 1.76819388E+00   4357.2 1.768E+04 4.363E+11 1.406E-02 2.967E-02 2.000E+05 0.000E+00 0.000E+00 6.788E+05
 2.06320412E+00   4381.8 2.063E+04 5.048E+11 1.609E-02 3.294E-02 2.000E+05 0.000E+00 0.000E+00 6.797E+05
 2.40698102E+00   4409.3 2.407E+04 5.854E+11 1.842E-02 3.665E-02 2.000E+05 0.000E+00 0.000E+00 6.809E+05
 2.80710100E+00   4440.3 2.807E+04 6.807E+11 2.112E-02 4.088E-02 2.000E+05 0.000E+00 0.000E+00 6.825E+05
 3.27204522E+00   4476.2 3.272E+04 7.942E+11 2.425E-02 4.572E-02 2.000E+05 0.000E+00 0.000E+00 6.847E+05
 3.81136220E+00   4518.4 3.811E+04 9.312E+11 2.791E-02 5.128E-02 2.000E+05 0.000E+00 0.000E+00 6.877E+05
 4.43543670E+00   4567.9 4.435E+04 1.098E+12 3.221E-02 5.767E-02 2.000E+05 0.000E+00 0.000E+00 6.916E+05
 5.15557988E+00   4626.4 5.156E+04 1.303E+12 3.727E-02 6.501E-02 2.000E+05 0.000E+00 0.000E+00 6.966E+05
 5.98365803E+00   4695.6 5.984E+04 1.561E+12 4.333E-02 7.358E-02 2.000E+05 0.000E+00 0.000E+00 7.029E+05
 6.93071692E+00   4777.1 6.931E+04 1.892E+12 5.070E-02 8.383E-02 2.000E+05 0.000E+00 0.000E+00 7.105E+05
 8.00403421E+00   4873.9 8.004E+04 2.337E+12 6.004E-02 9.669E-02 2.000E+05 0.000E+00 0.000E+00 7.196E+05
 9.20214422E+00   4986.9 9.202E+04 2.968E+12 7.246E-02 1.136E-01 2.000E+05 0.000E+00 0.000E+00 7.301E+05
 1.05031964E+01   5120.3 1.050E+05 3.944E+12 9.074E-02 1.390E-01 2.000E+05 0.000E+00 0.000E+00 7.423E+05
 1.18564967E+01   5276.4 1.186E+05 5.576E+12 1.193E-01 1.790E-01 2.000E+05 0.000E+00 0.000E+00 7.558E+05
 1.31883936E+01   5460.2 1.319E+05 8.515E+12 1.669E-01 2.464E-01 2.000E+05 1.423E-10 1.266E+02 7.708E+05
 1.44112280E+01   5682.7 1.441E+05 1.428E+13 2.515E-01 3.655E-01 2.000E+05 7.608E-04 2.181E+04 7.876E+05
 1.54608815E+01   5942.1 1.546E+05 2.569E+13 4.011E-01 5.676E-01 2.000E+05 1.735E-02 6.126E+04 8.052E+05
 1.63221697E+01   6234.2 1.632E+05 4.797E+13 6.599E-01 8.806E-01 2.000E+05 6.158E-02 9.267E+04 8.226E+05
 1.70213409E+01   6536.6 1.702E+05 8.740E+13 1.072E+00 1.258E+00 2.000E+05 1.741E-01 1.305E+05 8.377E+05
 1.76151390E+01   6809.9 1.761E+05 1.446E+14 1.626E+00 1.535E+00 2.000E+05 3.457E-01 1.639E+05 8.488E+05
 1.81541306E+01   7053.7 1.815E+05 2.200E+14 2.319E+00 1.658E+00 2.000E+05 5.065E-01 1.848E+05 8.566E+05
 1.86697359E+01   7273.6 1.867E+05 3.144E+14 3.167E+00 1.675E+00 2.000E+05 6.344E-01 1.968E+05 8.621E+05
 1.91815574E+01   7477.1 1.918E+05 4.303E+14 4.192E+00 1.648E+00 2.000E+05 7.276E-01 2.031E+05 8.662E+05
 1.97036198E+01   7667.6 1.970E+05 5.696E+14 5.420E+00 1.614E+00 2.000E+05 7.934E-01 2.057E+05 8.692E+05
 2.02463971E+01   7850.0 2.025E+05 7.369E+14 6.903E+00 1.576E+00 2.000E+05 8.414E-01 2.061E+05 8.717E+05
 2.08187425E+01   8025.6 2.082E+05 9.352E+14 8.676E+00 1.544E+00 2.000E+05 8.765E-01 2.052E+05 8.739E+05
 2.14285905E+01   8197.6 2.143E+05 1.171E+15 1.081E+01 1.502E+00 2.000E+05 9.033E-01 2.030E+05 8.761E+05
 2.20840501E+01   8365.3 2.208E+05 1.447E+15 1.337E+01 1.459E+00 2.000E+05 9.246E-01 2.010E+05 8.784E+05
 2.27921241E+01   8533.3 2.279E+05 1.777E+15 1.647E+01 1.407E+00 2.000E+05 9.400E-01 1.968E+05 8.810E+05
 2.35628752E+01   8695.0 2.356E+05 2.153E+15 2.008E+01 1.362E+00 2.000E+05 9.535E-01 1.950E+05 8.838E+05
 2.44027461E+01   8864.1 2.440E+05 2.612E+15 2.459E+01 1.309E+00 2.000E+05 9.626E-01 1.896E+05 8.871E+05
 2.53259890E+01   9020.2 2.532E+05 3.112E+15 2.959E+01 1.335E+00 2.000E+05 9.688E-01 1.866E+05 8.907E+05
PRADK 1.0136E+00
BEGIN                    ITERATION  15 COMPLETED
