TEFF   8750.  GRAVITY 5.00000 LTE 
TITLE  [-1.0a] N(He)/Ntot=0.0784 VTURB=2.0  L/H=1.25 ODFNEW                     
 OPACITY IFOP 1 1 1 1 1 1 1 1 1 1 1 1 1 0 1 0 0 0 0 0
 CONVECTION ON   1.25 TURBULENCE OFF  0.00  0.00  0.00  0.00
ABUNDANCE SCALE   0.10000 ABUNDANCE CHANGE 1 0.92130 2 0.07842
 ABUNDANCE CHANGE  3 -10.94  4 -10.64  5  -9.49  6  -3.52  7  -4.12  8  -2.81
 ABUNDANCE CHANGE  9  -7.48 10  -3.56 11  -5.71 12  -4.06 13  -5.57 14  -4.09
 ABUNDANCE CHANGE 15  -6.59 16  -4.31 17  -6.54 18  -5.24 19  -6.92 20  -5.28
 ABUNDANCE CHANGE 21  -8.87 22  -6.62 23  -8.04 24  -6.37 25  -6.65 26  -4.54
 ABUNDANCE CHANGE 27  -7.12 28  -5.79 29  -7.83 30  -7.44 31  -9.16 32  -8.63
 ABUNDANCE CHANGE 33  -9.67 34  -8.63 35  -9.41 36  -8.73 37  -9.44 38  -9.07
 ABUNDANCE CHANGE 39  -9.80 40  -9.44 41 -10.62 42 -10.12 43 -20.00 44 -10.20
 ABUNDANCE CHANGE 45 -10.92 46 -10.35 47 -11.10 48 -10.27 49 -10.38 50 -10.04
 ABUNDANCE CHANGE 51 -11.04 52  -9.80 53 -10.53 54  -9.87 55 -10.91 56  -9.91
 ABUNDANCE CHANGE 57 -10.87 58 -10.46 59 -11.33 60 -10.54 61 -20.00 62 -11.03
 ABUNDANCE CHANGE 63 -11.53 64 -10.92 65 -11.69 66 -10.90 67 -11.78 68 -11.11
 ABUNDANCE CHANGE 69 -12.04 70 -10.96 71 -11.98 72 -11.16 73 -12.17 74 -10.93
 ABUNDANCE CHANGE 75 -11.76 76 -10.59 77 -10.69 78 -10.24 79 -11.03 80 -10.91
 ABUNDANCE CHANGE 81 -11.14 82 -10.09 83 -11.33 84 -20.00 85 -20.00 86 -20.00
 ABUNDANCE CHANGE 87 -20.00 88 -20.00 89 -20.00 90 -11.95 91 -20.00 92 -12.54
 ABUNDANCE CHANGE 93 -20.00 94 -20.00 95 -20.00 96 -20.00 97 -20.00 98 -20.00
 ABUNDANCE CHANGE 99 -20.00
READ DECK6 72 RHOX,T,P,XNE,ABROSS,ACCRAD,VTURB, FLXCNV,VCONV,VELSND
 1.28657069E-05   5671.1 1.287E+00 3.507E+10 1.036E-02 2.474E+00 2.000E+05 0.000E+00 0.000E+00 1.270E+06
 1.72267936E-05   5694.5 1.723E+00 4.309E+10 1.003E-02 2.477E+00 2.000E+05 0.000E+00 0.000E+00 1.172E+06
 2.32700394E-05   5711.7 2.327E+00 5.237E+10 9.597E-03 2.470E+00 2.000E+05 0.000E+00 0.000E+00 1.089E+06
 3.15698276E-05   5737.0 3.157E+00 6.502E+10 9.462E-03 2.465E+00 2.000E+05 0.000E+00 0.000E+00 1.016E+06
 4.27064041E-05   5765.2 4.271E+00 8.109E+10 9.510E-03 2.457E+00 2.000E+05 0.000E+00 0.000E+00 9.552E+05
 5.72952825E-05   5797.6 5.729E+00 1.016E+11 9.794E-03 2.446E+00 2.000E+05 0.000E+00 0.000E+00 9.058E+05
 7.59767012E-05   5832.8 7.597E+00 1.274E+11 1.030E-02 2.432E+00 2.000E+05 0.000E+00 0.000E+00 8.664E+05
 9.94363976E-05   5870.3 9.943E+00 1.592E+11 1.103E-02 2.415E+00 2.000E+05 0.000E+00 0.000E+00 8.357E+05
 1.28408871E-04   5909.4 1.284E+01 1.982E+11 1.200E-02 2.398E+00 2.000E+05 0.000E+00 0.000E+00 8.119E+05
 1.63732215E-04   5949.3 1.637E+01 2.452E+11 1.319E-02 2.380E+00 2.000E+05 0.000E+00 0.000E+00 7.937E+05
 2.06383325E-04   5989.5 2.064E+01 3.016E+11 1.462E-02 2.363E+00 2.000E+05 0.000E+00 0.000E+00 7.797E+05
 2.57502162E-04   6029.7 2.575E+01 3.684E+11 1.631E-02 2.347E+00 2.000E+05 0.000E+00 0.000E+00 7.692E+05
 3.18453425E-04   6069.7 3.184E+01 4.474E+11 1.828E-02 2.335E+00 2.000E+05 0.000E+00 0.000E+00 7.612E+05
 3.90907004E-04   6108.7 3.909E+01 5.396E+11 2.052E-02 2.329E+00 2.000E+05 0.000E+00 0.000E+00 7.554E+05
 4.76903356E-04   6146.9 4.769E+01 6.470E+11 2.308E-02 2.328E+00 2.000E+05 0.000E+00 0.000E+00 7.511E+05
 5.78833678E-04   6184.5 5.788E+01 7.719E+11 2.598E-02 2.335E+00 2.000E+05 0.000E+00 0.000E+00 7.481E+05
 6.99558482E-04   6221.2 6.995E+01 9.164E+11 2.925E-02 2.349E+00 2.000E+05 0.000E+00 0.000E+00 7.461E+05
 8.42481480E-04   6257.3 8.425E+01 1.084E+12 3.296E-02 2.373E+00 2.000E+05 0.000E+00 0.000E+00 7.449E+05
 1.01166211E-03   6292.6 1.012E+02 1.277E+12 3.713E-02 2.407E+00 2.000E+05 0.000E+00 0.000E+00 7.443E+05
 1.21187739E-03   6327.5 1.212E+02 1.500E+12 4.185E-02 2.455E+00 2.000E+05 0.000E+00 0.000E+00 7.444E+05
 1.44872487E-03   6362.1 1.449E+02 1.758E+12 4.718E-02 2.515E+00 2.000E+05 0.000E+00 0.000E+00 7.432E+05
 1.72874367E-03   6396.7 1.729E+02 2.056E+12 5.324E-02 2.587E+00 2.000E+05 0.000E+00 0.000E+00 7.457E+05
 2.05948120E-03   6431.5 2.059E+02 2.403E+12 6.014E-02 2.672E+00 2.000E+05 0.000E+00 0.000E+00 7.468E+05
 2.44963373E-03   6466.8 2.450E+02 2.807E+12 6.803E-02 2.770E+00 2.000E+05 0.000E+00 0.000E+00 7.482E+05
 2.90932776E-03   6502.5 2.909E+02 3.276E+12 7.703E-02 2.879E+00 2.000E+05 0.000E+00 0.000E+00 7.499E+05
 3.45034225E-03   6538.7 3.450E+02 3.822E+12 8.733E-02 3.003E+00 2.000E+05 0.000E+00 0.000E+00 7.517E+05
 4.08655822E-03   6575.3 4.086E+02 4.455E+12 9.904E-02 3.141E+00 2.000E+05 0.000E+00 0.000E+00 7.537E+05
 4.83464055E-03   6611.8 4.835E+02 5.186E+12 1.123E-01 3.294E+00 2.000E+05 0.000E+00 0.000E+00 7.559E+05
 5.71509851E-03   6647.6 5.715E+02 6.021E+12 1.271E-01 3.463E+00 2.000E+05 0.000E+00 0.000E+00 7.581E+05
 6.75280249E-03   6682.9 6.753E+02 6.980E+12 1.438E-01 3.652E+00 2.000E+05 0.000E+00 0.000E+00 7.605E+05
 7.97730229E-03   6717.8 7.977E+02 8.077E+12 1.624E-01 3.864E+00 2.000E+05 0.000E+00 0.000E+00 7.630E+05
 9.42361467E-03   6752.4 9.423E+02 9.338E+12 1.833E-01 4.100E+00 2.000E+05 0.000E+00 0.000E+00 7.656E+05
 1.11318002E-02   6787.4 1.113E+03 1.080E+13 2.070E-01 4.367E+00 2.000E+05 0.000E+00 0.000E+00 7.682E+05
 1.31483551E-02   6822.8 1.315E+03 1.248E+13 2.339E-01 4.663E+00 2.000E+05 0.000E+00 0.000E+00 7.710E+05
 1.55289813E-02   6858.2 1.553E+03 1.442E+13 2.641E-01 4.990E+00 2.000E+05 0.000E+00 0.000E+00 7.738E+05
 1.83415060E-02   6893.3 1.834E+03 1.665E+13 2.980E-01 5.351E+00 2.000E+05 0.000E+00 0.000E+00 7.766E+05
 2.16675662E-02   6928.2 2.167E+03 1.919E+13 3.359E-01 5.755E+00 2.000E+05 0.000E+00 0.000E+00 7.796E+05
 2.56046939E-02   6962.7 2.560E+03 2.211E+13 3.782E-01 6.209E+00 2.000E+05 0.000E+00 0.000E+00 7.826E+05
 3.02680281E-02   6997.4 3.027E+03 2.547E+13 4.259E-01 6.729E+00 2.000E+05 0.000E+00 0.000E+00 7.856E+05
 3.57849708E-02   7033.7 3.578E+03 2.940E+13 4.806E-01 7.340E+00 2.000E+05 0.000E+00 0.000E+00 7.887E+05
 4.22955832E-02   7072.0 4.229E+03 3.402E+13 5.439E-01 8.059E+00 2.000E+05 0.000E+00 0.000E+00 7.919E+05
 4.99460800E-02   7114.0 4.994E+03 3.955E+13 6.189E-01 8.922E+00 2.000E+05 0.000E+00 0.000E+00 7.950E+05
 5.88846578E-02   7160.6 5.888E+03 4.624E+13 7.087E-01 9.969E+00 2.000E+05 0.000E+00 0.000E+00 7.982E+05
 6.92506706E-02   7213.7 6.925E+03 5.448E+13 8.185E-01 1.127E+01 2.000E+05 0.000E+00 0.000E+00 8.014E+05
 8.11571321E-02   7274.9 8.115E+03 6.479E+13 9.554E-01 1.290E+01 2.000E+05 0.000E+00 0.000E+00 8.046E+05
 9.46719502E-02   7346.4 9.466E+03 7.794E+13 1.130E+00 1.501E+01 2.000E+05 0.000E+00 0.000E+00 8.078E+05
 1.09783271E-01   7431.4 1.098E+04 9.513E+13 1.359E+00 1.782E+01 2.000E+05 0.000E+00 0.000E+00 8.110E+05
 1.26373121E-01   7532.4 1.264E+04 1.180E+14 1.668E+00 2.162E+01 2.000E+05 0.000E+00 0.000E+00 8.144E+05
 1.44190169E-01   7653.7 1.442E+04 1.492E+14 2.097E+00 2.694E+01 2.000E+05 0.000E+00 0.000E+00 8.178E+05
 1.62827622E-01   7798.8 1.628E+04 1.926E+14 2.711E+00 3.458E+01 2.000E+05 0.000E+00 0.000E+00 8.217E+05
 1.81745555E-01   7972.0 1.817E+04 2.542E+14 3.621E+00 4.593E+01 2.000E+05 3.776E-10 5.992E+02 8.262E+05
 2.00283786E-01   8179.5 2.002E+04 3.437E+14 5.024E+00 6.340E+01 2.000E+05 1.284E-08 1.846E+03 8.321E+05
 2.17741530E-01   8426.2 2.177E+04 4.759E+14 7.267E+00 9.105E+01 2.000E+05 2.274E-07 4.582E+03 8.400E+05
 2.33429415E-01   8722.8 2.334E+04 6.763E+14 1.105E+01 1.376E+02 2.000E+05 5.138E-06 1.235E+04 8.516E+05
 2.46933821E-01   9067.3 2.468E+04 9.743E+14 1.743E+01 2.149E+02 2.000E+05 1.647E-04 3.764E+04 8.682E+05
 2.58086990E-01   9482.7 2.580E+04 1.434E+15 2.882E+01 3.525E+02 2.000E+05 4.008E-03 1.055E+05 8.932E+05
 2.66796248E-01  10000.9 2.666E+04 2.162E+15 4.991E+01 5.890E+02 2.000E+05 1.873E-02 1.722E+05 9.330E+05
 2.73767525E-01  10512.6 2.736E+04 3.032E+15 7.835E+01 7.979E+02 2.000E+05 1.395E-01 3.394E+05 9.821E+05
 2.80179016E-01  10934.3 2.799E+04 3.830E+15 1.067E+02 8.537E+02 2.000E+05 3.081E-01 4.529E+05 1.030E+06
 2.86776162E-01  11300.9 2.865E+04 4.548E+15 1.324E+02 8.371E+02 2.000E+05 4.325E-01 5.170E+05 1.076E+06
 2.94088798E-01  11667.9 2.937E+04 5.251E+15 1.551E+02 8.222E+02 2.000E+05 5.181E-01 5.639E+05 1.125E+06
 3.02579945E-01  12064.0 3.021E+04 5.952E+15 1.750E+02 8.479E+02 2.000E+05 5.499E-01 5.918E+05 1.180E+06
 3.12817375E-01  12528.9 3.123E+04 6.650E+15 1.893E+02 1.008E+03 2.000E+05 5.295E-01 6.195E+05 1.245E+06
 3.26074795E-01  13229.6 3.254E+04 7.360E+15 1.845E+02 1.385E+03 2.000E+05 3.262E-01 5.619E+05 1.338E+06
 3.46369781E-01  14410.8 3.454E+04 7.856E+15 1.441E+02 1.458E+03 2.000E+05 1.379E-02 2.185E+05 1.482E+06
 3.83908724E-01  15833.0 3.824E+04 8.212E+15 9.750E+01 1.079E+03 2.000E+05 5.231E-05 3.967E+04 1.635E+06
 4.55617968E-01  17273.4 4.535E+04 9.068E+15 7.194E+01 7.940E+02 2.000E+05 1.805E-06 1.270E+04 1.719E+06
 5.76462824E-01  18765.1 5.735E+04 1.070E+16 6.081E+01 6.694E+02 2.000E+05 7.601E-07 8.840E+03 1.784E+06
 7.57797299E-01  20319.2 7.536E+04 1.316E+16 5.626E+01 6.178E+02 2.000E+05 1.266E-07 4.707E+03 1.889E+06
 1.01293265E+00  21958.7 1.007E+05 1.641E+16 5.439E+01 5.973E+02 2.000E+05 0.000E+00 0.000E+00 2.030E+06
 1.35853184E+00  23693.6 1.351E+05 2.048E+16 5.435E+01 5.943E+02 2.000E+05 0.000E+00 0.000E+00 2.181E+06
 1.81405825E+00  25535.5 1.804E+05 2.543E+16 5.546E+01 5.771E+02 2.000E+05 0.000E+00 0.000E+00 2.317E+06
PRADK 7.8473E+00
BEGIN                    ITERATION  15 COMPLETED
