TEFF   5250.  GRAVITY 2.50000 LTE 
TITLE  [-1.0a] N(He)/Ntot=0.0784 VTURB=2.0  L/H=1.25 ODFNEW                     
 OPACITY IFOP 1 1 1 1 1 1 1 1 1 1 1 1 1 0 1 0 0 0 0 0
 CONVECTION ON   1.25 TURBULENCE OFF  0.00  0.00  0.00  0.00
ABUNDANCE SCALE   0.10000 ABUNDANCE CHANGE 1 0.92130 2 0.07842
 ABUNDANCE CHANGE  3 -10.94  4 -10.64  5  -9.49  6  -3.52  7  -4.12  8  -2.81
 ABUNDANCE CHANGE  9  -7.48 10  -3.56 11  -5.71 12  -4.06 13  -5.57 14  -4.09
 ABUNDANCE CHANGE 15  -6.59 16  -4.31 17  -6.54 18  -5.24 19  -6.92 20  -5.28
 ABUNDANCE CHANGE 21  -8.87 22  -6.62 23  -8.04 24  -6.37 25  -6.65 26  -4.54
 ABUNDANCE CHANGE 27  -7.12 28  -5.79 29  -7.83 30  -7.44 31  -9.16 32  -8.63
 ABUNDANCE CHANGE 33  -9.67 34  -8.63 35  -9.41 36  -8.73 37  -9.44 38  -9.07
 ABUNDANCE CHANGE 39  -9.80 40  -9.44 41 -10.62 42 -10.12 43 -20.00 44 -10.20
 ABUNDANCE CHANGE 45 -10.92 46 -10.35 47 -11.10 48 -10.27 49 -10.38 50 -10.04
 ABUNDANCE CHANGE 51 -11.04 52  -9.80 53 -10.53 54  -9.87 55 -10.91 56  -9.91
 ABUNDANCE CHANGE 57 -10.87 58 -10.46 59 -11.33 60 -10.54 61 -20.00 62 -11.03
 ABUNDANCE CHANGE 63 -11.53 64 -10.92 65 -11.69 66 -10.90 67 -11.78 68 -11.11
 ABUNDANCE CHANGE 69 -12.04 70 -10.96 71 -11.98 72 -11.16 73 -12.17 74 -10.93
 ABUNDANCE CHANGE 75 -11.76 76 -10.59 77 -10.69 78 -10.24 79 -11.03 80 -10.91
 ABUNDANCE CHANGE 81 -11.14 82 -10.09 83 -11.33 84 -20.00 85 -20.00 86 -20.00
 ABUNDANCE CHANGE 87 -20.00 88 -20.00 89 -20.00 90 -11.95 91 -20.00 92 -12.54
 ABUNDANCE CHANGE 93 -20.00 94 -20.00 95 -20.00 96 -20.00 97 -20.00 98 -20.00
 ABUNDANCE CHANGE 99 -20.00
READ DECK6 72 RHOX,T,P,XNE,ABROSS,ACCRAD,VTURB, FLXCNV,VCONV,VELSND
 4.44236244E-03   3319.1 1.405E+00 5.821E+07 3.002E-05 3.321E-03 2.000E+05 0.000E+00 0.000E+00 8.888E+05
 5.88740724E-03   3346.7 1.862E+00 7.635E+07 3.154E-05 3.333E-03 2.000E+05 0.000E+00 0.000E+00 8.319E+05
 7.71746529E-03   3368.4 2.440E+00 9.889E+07 3.328E-05 3.395E-03 2.000E+05 0.000E+00 0.000E+00 7.872E+05
 1.00196840E-02   3393.4 3.168E+00 1.271E+08 3.543E-05 3.414E-03 2.000E+05 0.000E+00 0.000E+00 7.531E+05
 1.28943263E-02   3421.3 4.077E+00 1.621E+08 3.793E-05 3.364E-03 2.000E+05 0.000E+00 0.000E+00 7.272E+05
 1.64617532E-02   3448.6 5.206E+00 2.053E+08 4.088E-05 3.320E-03 2.000E+05 0.000E+00 0.000E+00 7.073E+05
 2.08772497E-02   3475.7 6.602E+00 2.583E+08 4.395E-05 3.171E-03 2.000E+05 0.000E+00 0.000E+00 6.921E+05
 2.63979247E-02   3502.4 8.348E+00 3.239E+08 4.666E-05 2.812E-03 2.000E+05 0.000E+00 0.000E+00 6.803E+05
 3.32942179E-02   3528.0 1.053E+01 4.050E+08 5.007E-05 2.529E-03 2.000E+05 0.000E+00 0.000E+00 6.712E+05
 4.18280283E-02   3553.4 1.323E+01 5.044E+08 5.416E-05 2.284E-03 2.000E+05 0.000E+00 0.000E+00 6.644E+05
 5.22969040E-02   3577.7 1.654E+01 6.251E+08 5.914E-05 2.095E-03 2.000E+05 0.000E+00 0.000E+00 6.594E+05
 6.50289884E-02   3601.5 2.056E+01 7.705E+08 6.508E-05 1.949E-03 2.000E+05 0.000E+00 0.000E+00 6.557E+05
 8.04032219E-02   3625.3 2.543E+01 9.446E+08 7.212E-05 1.832E-03 2.000E+05 0.000E+00 0.000E+00 6.533E+05
 9.87201694E-02   3650.3 3.122E+01 1.151E+09 8.153E-05 1.899E-03 2.000E+05 0.000E+00 0.000E+00 6.519E+05
 1.20228845E-01   3677.3 3.802E+01 1.394E+09 9.288E-05 2.022E-03 2.000E+05 0.000E+00 0.000E+00 6.514E+05
 1.45355881E-01   3704.7 4.596E+01 1.676E+09 1.062E-04 2.167E-03 2.000E+05 0.000E+00 0.000E+00 6.515E+05
 1.74608544E-01   3732.3 5.522E+01 2.004E+09 1.218E-04 2.354E-03 2.000E+05 0.000E+00 0.000E+00 6.520E+05
 2.08547632E-01   3760.1 6.595E+01 2.383E+09 1.403E-04 2.594E-03 2.000E+05 0.000E+00 0.000E+00 6.529E+05
 2.47767681E-01   3788.3 7.835E+01 2.821E+09 1.621E-04 2.916E-03 2.000E+05 0.000E+00 0.000E+00 6.541E+05
 2.93239160E-01   3819.9 9.273E+01 3.331E+09 1.853E-04 3.082E-03 2.000E+05 0.000E+00 0.000E+00 6.558E+05
 3.46653520E-01   3854.1 1.096E+02 3.934E+09 2.094E-04 3.027E-03 2.000E+05 0.000E+00 0.000E+00 6.579E+05
 4.09625725E-01   3886.5 1.295E+02 4.640E+09 2.372E-04 2.982E-03 2.000E+05 0.000E+00 0.000E+00 6.599E+05
 4.83665930E-01   3918.2 1.529E+02 5.468E+09 2.694E-04 2.956E-03 2.000E+05 0.000E+00 0.000E+00 6.620E+05
 5.70506624E-01   3949.1 1.804E+02 6.437E+09 3.066E-04 2.944E-03 2.000E+05 0.000E+00 0.000E+00 6.641E+05
 6.72158215E-01   3979.2 2.126E+02 7.567E+09 3.495E-04 2.947E-03 2.000E+05 0.000E+00 0.000E+00 6.661E+05
 7.91052090E-01   4008.9 2.501E+02 8.888E+09 3.985E-04 2.966E-03 2.000E+05 0.000E+00 0.000E+00 6.682E+05
 9.30051447E-01   4037.9 2.941E+02 1.043E+10 4.547E-04 2.991E-03 2.000E+05 0.000E+00 0.000E+00 6.703E+05
 1.09244520E+00   4066.1 3.455E+02 1.222E+10 5.191E-04 3.032E-03 2.000E+05 0.000E+00 0.000E+00 6.723E+05
 1.28206977E+00   4093.3 4.054E+02 1.431E+10 5.930E-04 3.094E-03 2.000E+05 0.000E+00 0.000E+00 6.743E+05
 1.50334654E+00   4119.4 4.754E+02 1.674E+10 6.779E-04 3.179E-03 2.000E+05 0.000E+00 0.000E+00 6.762E+05
 1.76140740E+00   4144.5 5.570E+02 1.955E+10 7.753E-04 3.288E-03 2.000E+05 0.000E+00 0.000E+00 6.780E+05
 2.06225422E+00   4168.4 6.521E+02 2.281E+10 8.870E-04 3.427E-03 2.000E+05 0.000E+00 0.000E+00 6.797E+05
 2.41295539E+00   4191.4 7.630E+02 2.659E+10 1.015E-03 3.605E-03 2.000E+05 0.000E+00 0.000E+00 6.813E+05
 2.82170052E+00   4213.6 8.923E+02 3.095E+10 1.161E-03 3.813E-03 2.000E+05 0.000E+00 0.000E+00 6.829E+05
 3.29816553E+00   4235.4 1.043E+03 3.602E+10 1.328E-03 4.057E-03 2.000E+05 0.000E+00 0.000E+00 6.845E+05
 3.85358825E+00   4256.8 1.219E+03 4.187E+10 1.519E-03 4.348E-03 2.000E+05 0.000E+00 0.000E+00 6.860E+05
 4.50088601E+00   4278.0 1.423E+03 4.866E+10 1.739E-03 4.685E-03 2.000E+05 0.000E+00 0.000E+00 6.875E+05
 5.25524596E+00   4299.1 1.662E+03 5.652E+10 1.990E-03 5.076E-03 2.000E+05 0.000E+00 0.000E+00 6.890E+05
 6.13415603E+00   4320.5 1.940E+03 6.563E+10 2.277E-03 5.525E-03 2.000E+05 0.000E+00 0.000E+00 6.905E+05
 7.15797936E+00   4342.6 2.264E+03 7.623E+10 2.608E-03 6.042E-03 2.000E+05 0.000E+00 0.000E+00 6.920E+05
 8.35002576E+00   4366.1 2.640E+03 8.858E+10 2.987E-03 6.633E-03 2.000E+05 0.000E+00 0.000E+00 6.936E+05
 9.73720585E+00   4391.3 3.079E+03 1.030E+11 3.425E-03 7.318E-03 2.000E+05 0.000E+00 0.000E+00 6.954E+05
 1.13499332E+01   4419.6 3.589E+03 1.201E+11 3.930E-03 8.107E-03 2.000E+05 0.000E+00 0.000E+00 6.975E+05
 1.32222815E+01   4451.4 4.181E+03 1.403E+11 4.518E-03 9.009E-03 2.000E+05 0.000E+00 0.000E+00 6.998E+05
 1.53923012E+01   4487.6 4.867E+03 1.646E+11 5.204E-03 1.005E-02 2.000E+05 0.000E+00 0.000E+00 7.025E+05
 1.79005730E+01   4529.6 5.661E+03 1.941E+11 6.014E-03 1.124E-02 2.000E+05 0.000E+00 0.000E+00 7.057E+05
 2.07882747E+01   4578.2 6.574E+03 2.306E+11 6.984E-03 1.266E-02 2.000E+05 0.000E+00 0.000E+00 7.095E+05
 2.40903719E+01   4635.8 7.618E+03 2.772E+11 8.183E-03 1.440E-02 2.000E+05 0.000E+00 0.000E+00 7.140E+05
 2.78278688E+01   4703.9 8.800E+03 3.389E+11 9.698E-03 1.655E-02 2.000E+05 0.000E+00 0.000E+00 7.194E+05
 3.20006310E+01   4782.8 1.012E+04 4.238E+11 1.169E-02 1.933E-02 2.000E+05 0.000E+00 0.000E+00 7.255E+05
 3.65472637E+01   4878.1 1.156E+04 5.501E+11 1.455E-02 2.340E-02 2.000E+05 0.000E+00 0.000E+00 7.329E+05
 4.13400614E+01   4989.0 1.307E+04 7.454E+11 1.872E-02 2.927E-02 2.000E+05 0.000E+00 0.000E+00 7.413E+05
 4.61932111E+01   5120.2 1.461E+04 1.069E+12 2.525E-02 3.854E-02 2.000E+05 0.000E+00 0.000E+00 7.509E+05
 5.08757927E+01   5274.4 1.609E+04 1.628E+12 3.575E-02 5.337E-02 2.000E+05 0.000E+00 0.000E+00 7.617E+05
 5.51833023E+01   5454.3 1.745E+04 2.633E+12 5.309E-02 7.792E-02 2.000E+05 4.973E-08 1.760E+03 7.735E+05
 5.89457478E+01   5667.6 1.864E+04 4.541E+12 8.322E-02 1.207E-01 2.000E+05 4.252E-06 7.659E+03 7.862E+05
 6.20804807E+01   5913.6 1.963E+04 8.188E+12 1.358E-01 1.953E-01 2.000E+05 1.280E-04 2.359E+04 7.988E+05
 6.45867492E+01   6200.1 2.042E+04 1.541E+13 2.315E-01 3.311E-01 2.000E+05 1.968E-03 5.812E+04 8.102E+05
 6.64921533E+01   6537.5 2.102E+04 3.028E+13 4.168E-01 5.880E-01 2.000E+05 1.319E-02 1.078E+05 8.188E+05
 6.78669637E+01   6919.4 2.146E+04 6.007E+13 7.793E-01 1.014E+00 2.000E+05 6.034E-02 1.725E+05 8.231E+05
 6.88776497E+01   7273.2 2.178E+04 1.063E+14 1.356E+00 1.387E+00 2.000E+05 2.910E-01 2.863E+05 8.242E+05
 6.97060294E+01   7551.7 2.204E+04 1.605E+14 2.071E+00 1.439E+00 2.000E+05 5.245E-01 3.406E+05 8.253E+05
 7.04680263E+01   7771.0 2.228E+04 2.176E+14 2.873E+00 1.324E+00 2.000E+05 6.795E-01 3.597E+05 8.270E+05
 7.12208564E+01   7959.0 2.251E+04 2.788E+14 3.788E+00 1.206E+00 2.000E+05 7.786E-01 3.667E+05 8.296E+05
 7.19964923E+01   8125.9 2.276E+04 3.442E+14 4.827E+00 1.105E+00 2.000E+05 8.410E-01 3.673E+05 8.327E+05
 7.28173172E+01   8281.1 2.302E+04 4.157E+14 6.026E+00 1.024E+00 2.000E+05 8.821E-01 3.654E+05 8.365E+05
 7.37011191E+01   8427.9 2.329E+04 4.938E+14 7.412E+00 9.518E-01 2.000E+05 9.106E-01 3.617E+05 8.409E+05
 7.46643624E+01   8570.1 2.360E+04 5.802E+14 9.029E+00 8.934E-01 2.000E+05 9.316E-01 3.587E+05 8.458E+05
 7.57215524E+01   8710.5 2.393E+04 6.769E+14 1.094E+01 8.335E-01 2.000E+05 9.465E-01 3.527E+05 8.513E+05
 7.68921233E+01   8846.4 2.430E+04 7.824E+14 1.311E+01 7.888E-01 2.000E+05 9.587E-01 3.512E+05 8.572E+05
 7.81899150E+01   8989.2 2.471E+04 9.063E+14 1.579E+01 7.415E-01 2.000E+05 9.670E-01 3.443E+05 8.642E+05
 7.96397914E+01   9121.5 2.517E+04 1.035E+15 1.870E+01 7.419E-01 2.000E+05 9.725E-01 3.415E+05 8.712E+05
PRADK 1.0138E+00
BEGIN                    ITERATION  15 COMPLETED
