TEFF   6000.  GRAVITY 3.50000 LTE 
TITLE  [-1.0a] N(He)/Ntot=0.0784 VTURB=2.0  L/H=1.25 ODFNEW                     
 OPACITY IFOP 1 1 1 1 1 1 1 1 1 1 1 1 1 0 1 0 0 0 0 0
 CONVECTION ON   1.25 TURBULENCE OFF  0.00  0.00  0.00  0.00
ABUNDANCE SCALE   0.10000 ABUNDANCE CHANGE 1 0.92130 2 0.07842
 ABUNDANCE CHANGE  3 -10.94  4 -10.64  5  -9.49  6  -3.52  7  -4.12  8  -2.81
 ABUNDANCE CHANGE  9  -7.48 10  -3.56 11  -5.71 12  -4.06 13  -5.57 14  -4.09
 ABUNDANCE CHANGE 15  -6.59 16  -4.31 17  -6.54 18  -5.24 19  -6.92 20  -5.28
 ABUNDANCE CHANGE 21  -8.87 22  -6.62 23  -8.04 24  -6.37 25  -6.65 26  -4.54
 ABUNDANCE CHANGE 27  -7.12 28  -5.79 29  -7.83 30  -7.44 31  -9.16 32  -8.63
 ABUNDANCE CHANGE 33  -9.67 34  -8.63 35  -9.41 36  -8.73 37  -9.44 38  -9.07
 ABUNDANCE CHANGE 39  -9.80 40  -9.44 41 -10.62 42 -10.12 43 -20.00 44 -10.20
 ABUNDANCE CHANGE 45 -10.92 46 -10.35 47 -11.10 48 -10.27 49 -10.38 50 -10.04
 ABUNDANCE CHANGE 51 -11.04 52  -9.80 53 -10.53 54  -9.87 55 -10.91 56  -9.91
 ABUNDANCE CHANGE 57 -10.87 58 -10.46 59 -11.33 60 -10.54 61 -20.00 62 -11.03
 ABUNDANCE CHANGE 63 -11.53 64 -10.92 65 -11.69 66 -10.90 67 -11.78 68 -11.11
 ABUNDANCE CHANGE 69 -12.04 70 -10.96 71 -11.98 72 -11.16 73 -12.17 74 -10.93
 ABUNDANCE CHANGE 75 -11.76 76 -10.59 77 -10.69 78 -10.24 79 -11.03 80 -10.91
 ABUNDANCE CHANGE 81 -11.14 82 -10.09 83 -11.33 84 -20.00 85 -20.00 86 -20.00
 ABUNDANCE CHANGE 87 -20.00 88 -20.00 89 -20.00 90 -11.95 91 -20.00 92 -12.54
 ABUNDANCE CHANGE 93 -20.00 94 -20.00 95 -20.00 96 -20.00 97 -20.00 98 -20.00
 ABUNDANCE CHANGE 99 -20.00
READ DECK6 72 RHOX,T,P,XNE,ABROSS,ACCRAD,VTURB, FLXCNV,VCONV,VELSND
 2.03870047E-03   4028.7 6.447E+00 4.096E+08 6.541E-05 1.119E-02 2.000E+05 0.000E+00 0.000E+00 7.978E+05
 2.69502720E-03   4044.4 8.522E+00 5.208E+08 7.012E-05 1.144E-02 2.000E+05 0.000E+00 0.000E+00 7.698E+05
 3.50745304E-03   4060.1 1.109E+01 6.557E+08 7.589E-05 1.162E-02 2.000E+05 0.000E+00 0.000E+00 7.493E+05
 4.50314508E-03   4076.8 1.424E+01 8.196E+08 8.298E-05 1.185E-02 2.000E+05 0.000E+00 0.000E+00 7.342E+05
 5.71159895E-03   4094.8 1.806E+01 1.019E+09 9.157E-05 1.203E-02 2.000E+05 0.000E+00 0.000E+00 7.231E+05
 7.16621236E-03   4113.7 2.266E+01 1.259E+09 1.018E-04 1.215E-02 2.000E+05 0.000E+00 0.000E+00 7.150E+05
 8.90555608E-03   4133.6 2.816E+01 1.547E+09 1.139E-04 1.221E-02 2.000E+05 0.000E+00 0.000E+00 7.091E+05
 1.09734126E-02   4154.3 3.470E+01 1.892E+09 1.280E-04 1.228E-02 2.000E+05 0.000E+00 0.000E+00 7.049E+05
 1.34183591E-02   4175.9 4.243E+01 2.304E+09 1.448E-04 1.241E-02 2.000E+05 0.000E+00 0.000E+00 7.019E+05
 1.62947298E-02   4198.3 5.153E+01 2.795E+09 1.645E-04 1.259E-02 2.000E+05 0.000E+00 0.000E+00 7.000E+05
 1.96648323E-02   4221.7 6.218E+01 3.381E+09 1.875E-04 1.270E-02 2.000E+05 0.000E+00 0.000E+00 6.989E+05
 2.36018329E-02   4245.7 7.463E+01 4.078E+09 2.143E-04 1.275E-02 2.000E+05 0.000E+00 0.000E+00 6.983E+05
 2.81907666E-02   4270.4 8.915E+01 4.905E+09 2.454E-04 1.275E-02 2.000E+05 0.000E+00 0.000E+00 6.983E+05
 3.35302088E-02   4295.4 1.060E+02 5.884E+09 2.814E-04 1.274E-02 2.000E+05 0.000E+00 0.000E+00 6.986E+05
 3.97331386E-02   4320.7 1.256E+02 7.042E+09 3.233E-04 1.278E-02 2.000E+05 0.000E+00 0.000E+00 6.993E+05
 4.69303091E-02   4346.3 1.484E+02 8.412E+09 3.717E-04 1.277E-02 2.000E+05 0.000E+00 0.000E+00 7.001E+05
 5.52741253E-02   4372.0 1.748E+02 1.003E+10 4.277E-04 1.276E-02 2.000E+05 0.000E+00 0.000E+00 7.012E+05
 6.49396721E-02   4397.7 2.054E+02 1.192E+10 4.926E-04 1.285E-02 2.000E+05 0.000E+00 0.000E+00 7.024E+05
 7.61295854E-02   4423.5 2.407E+02 1.416E+10 5.674E-04 1.294E-02 2.000E+05 0.000E+00 0.000E+00 7.037E+05
 8.90829070E-02   4449.4 2.817E+02 1.678E+10 6.536E-04 1.302E-02 2.000E+05 0.000E+00 0.000E+00 7.051E+05
 1.04078427E-01   4475.2 3.291E+02 1.987E+10 7.529E-04 1.313E-02 2.000E+05 0.000E+00 0.000E+00 7.066E+05
 1.21439404E-01   4500.9 3.840E+02 2.348E+10 8.672E-04 1.334E-02 2.000E+05 0.000E+00 0.000E+00 7.082E+05
 1.41539925E-01   4526.6 4.476E+02 2.773E+10 9.988E-04 1.356E-02 2.000E+05 0.000E+00 0.000E+00 7.098E+05
 1.64818370E-01   4552.3 5.212E+02 3.269E+10 1.150E-03 1.379E-02 2.000E+05 0.000E+00 0.000E+00 7.115E+05
 1.91789136E-01   4577.7 6.065E+02 3.849E+10 1.323E-03 1.408E-02 2.000E+05 0.000E+00 0.000E+00 7.131E+05
 2.23046251E-01   4602.8 7.053E+02 4.524E+10 1.522E-03 1.451E-02 2.000E+05 0.000E+00 0.000E+00 7.148E+05
 2.59278268E-01   4627.9 8.199E+02 5.314E+10 1.751E-03 1.500E-02 2.000E+05 0.000E+00 0.000E+00 7.165E+05
 3.01288211E-01   4653.0 9.528E+02 6.238E+10 2.014E-03 1.554E-02 2.000E+05 0.000E+00 0.000E+00 7.182E+05
 3.50009862E-01   4678.0 1.107E+03 7.313E+10 2.315E-03 1.623E-02 2.000E+05 0.000E+00 0.000E+00 7.200E+05
 4.06526689E-01   4702.8 1.286E+03 8.568E+10 2.661E-03 1.703E-02 2.000E+05 0.000E+00 0.000E+00 7.217E+05
 4.72109514E-01   4727.6 1.493E+03 1.003E+11 3.057E-03 1.792E-02 2.000E+05 0.000E+00 0.000E+00 7.234E+05
 5.48257714E-01   4752.3 1.734E+03 1.173E+11 3.510E-03 1.890E-02 2.000E+05 0.000E+00 0.000E+00 7.252E+05
 6.36765402E-01   4776.4 2.014E+03 1.369E+11 4.025E-03 1.999E-02 2.000E+05 0.000E+00 0.000E+00 7.269E+05
 7.39747598E-01   4799.9 2.339E+03 1.596E+11 4.611E-03 2.128E-02 2.000E+05 0.000E+00 0.000E+00 7.285E+05
 8.59707437E-01   4822.7 2.719E+03 1.856E+11 5.275E-03 2.280E-02 2.000E+05 0.000E+00 0.000E+00 7.302E+05
 9.99567717E-01   4845.4 3.161E+03 2.157E+11 6.032E-03 2.452E-02 2.000E+05 0.000E+00 0.000E+00 7.318E+05
 1.16269674E+00   4867.5 3.677E+03 2.503E+11 6.896E-03 2.663E-02 2.000E+05 0.000E+00 0.000E+00 7.333E+05
 1.35293685E+00   4889.9 4.278E+03 2.906E+11 7.887E-03 2.905E-02 2.000E+05 0.000E+00 0.000E+00 7.349E+05
 1.57479711E+00   4912.3 4.980E+03 3.373E+11 9.017E-03 3.180E-02 2.000E+05 0.000E+00 0.000E+00 7.365E+05
 1.83344710E+00   4935.3 5.798E+03 3.920E+11 1.032E-02 3.499E-02 2.000E+05 0.000E+00 0.000E+00 7.381E+05
 2.13469479E+00   4959.2 6.750E+03 4.561E+11 1.182E-02 3.869E-02 2.000E+05 0.000E+00 0.000E+00 7.397E+05
 2.48488154E+00   4984.9 7.858E+03 5.326E+11 1.358E-02 4.302E-02 2.000E+05 0.000E+00 0.000E+00 7.415E+05
 2.89081658E+00   5012.8 9.141E+03 6.246E+11 1.565E-02 4.812E-02 2.000E+05 0.000E+00 0.000E+00 7.435E+05
 3.35900549E+00   5044.7 1.062E+04 7.381E+11 1.816E-02 5.453E-02 2.000E+05 0.000E+00 0.000E+00 7.457E+05
 3.89449322E+00   5082.2 1.232E+04 8.818E+11 2.127E-02 6.248E-02 2.000E+05 0.000E+00 0.000E+00 7.483E+05
 4.50151341E+00   5126.0 1.423E+04 1.066E+12 2.514E-02 7.227E-02 2.000E+05 0.000E+00 0.000E+00 7.514E+05
 5.18266876E+00   5177.7 1.639E+04 1.309E+12 3.005E-02 8.458E-02 2.000E+05 0.000E+00 0.000E+00 7.550E+05
 5.93724018E+00   5239.0 1.877E+04 1.638E+12 3.643E-02 1.005E-01 2.000E+05 0.000E+00 0.000E+00 7.592E+05
 6.76014444E+00   5311.9 2.138E+04 2.097E+12 4.495E-02 1.214E-01 2.000E+05 0.000E+00 0.000E+00 7.642E+05
 7.64004418E+00   5399.2 2.416E+04 2.764E+12 5.671E-02 1.503E-01 2.000E+05 0.000E+00 0.000E+00 7.701E+05
 8.55640341E+00   5504.8 2.706E+04 3.779E+12 7.372E-02 1.922E-01 2.000E+05 0.000E+00 0.000E+00 7.771E+05
 9.48281256E+00   5631.0 2.999E+04 5.368E+12 9.870E-02 2.533E-01 2.000E+05 0.000E+00 0.000E+00 7.850E+05
 1.03902789E+01   5781.7 3.286E+04 7.963E+12 1.367E-01 3.461E-01 2.000E+05 0.000E+00 0.000E+00 7.940E+05
 1.12463583E+01   5961.9 3.556E+04 1.238E+13 1.973E-01 4.945E-01 2.000E+05 4.614E-08 1.655E+03 8.037E+05
 1.20227448E+01   6175.7 3.802E+04 2.013E+13 2.957E-01 7.358E-01 2.000E+05 5.113E-06 7.817E+03 8.138E+05
 1.26972265E+01   6430.1 4.015E+04 3.430E+13 4.646E-01 1.151E+00 2.000E+05 1.523E-04 2.386E+04 8.234E+05
 1.32584717E+01   6726.5 4.192E+04 6.047E+13 7.603E-01 1.878E+00 2.000E+05 2.520E-03 5.971E+04 8.313E+05
 1.36996618E+01   7086.5 4.332E+04 1.125E+14 1.334E+00 3.243E+00 2.000E+05 1.756E-02 1.110E+05 8.365E+05
 1.40262116E+01   7489.9 4.435E+04 2.093E+14 2.426E+00 5.378E+00 2.000E+05 8.269E-02 1.779E+05 8.392E+05
 1.42751790E+01   7846.8 4.513E+04 3.436E+14 4.037E+00 6.969E+00 2.000E+05 3.112E-01 2.708E+05 8.414E+05
 1.44882525E+01   8123.3 4.581E+04 4.899E+14 5.930E+00 7.073E+00 2.000E+05 5.187E-01 3.119E+05 8.445E+05
 1.46901882E+01   8348.0 4.644E+04 6.425E+14 8.049E+00 6.510E+00 2.000E+05 6.681E-01 3.297E+05 8.484E+05
 1.48932525E+01   8544.3 4.708E+04 8.051E+14 1.046E+01 5.876E+00 2.000E+05 7.691E-01 3.371E+05 8.531E+05
 1.51051874E+01   8720.4 4.775E+04 9.775E+14 1.317E+01 5.330E+00 2.000E+05 8.342E-01 3.386E+05 8.582E+05
 1.53318745E+01   8886.1 4.847E+04 1.165E+15 1.628E+01 4.886E+00 2.000E+05 8.774E-01 3.375E+05 8.639E+05
 1.55784768E+01   9043.2 4.925E+04 1.369E+15 1.982E+01 4.533E+00 2.000E+05 9.069E-01 3.354E+05 8.700E+05
 1.58495695E+01   9198.1 5.010E+04 1.596E+15 2.396E+01 4.222E+00 2.000E+05 9.281E-01 3.320E+05 8.768E+05
 1.61503013E+01   9348.4 5.105E+04 1.845E+15 2.867E+01 3.964E+00 2.000E+05 9.439E-01 3.297E+05 8.840E+05
 1.64858067E+01   9502.6 5.211E+04 2.129E+15 3.420E+01 3.713E+00 2.000E+05 9.555E-01 3.250E+05 8.921E+05
 1.68630330E+01   9651.4 5.331E+04 2.437E+15 4.036E+01 3.496E+00 2.000E+05 9.650E-01 3.233E+05 9.005E+05
 1.72877702E+01   9811.9 5.465E+04 2.803E+15 4.795E+01 3.304E+00 2.000E+05 9.718E-01 3.185E+05 9.103E+05
 1.77688177E+01   9961.7 5.617E+04 3.187E+15 5.603E+01 3.284E+00 2.000E+05 9.762E-01 3.159E+05 9.201E+05
PRADK 1.7332E+00
BEGIN                    ITERATION  15 COMPLETED
