TEFF   5250.  GRAVITY 5.00000 LTE 
TITLE  [-1.0a] N(He)/Ntot=0.0784 VTURB=2.0  L/H=1.25 ODFNEW                     
 OPACITY IFOP 1 1 1 1 1 1 1 1 1 1 1 1 1 0 1 0 0 0 0 0
 CONVECTION ON   1.25 TURBULENCE OFF  0.00  0.00  0.00  0.00
ABUNDANCE SCALE   0.10000 ABUNDANCE CHANGE 1 0.92130 2 0.07842
 ABUNDANCE CHANGE  3 -10.94  4 -10.64  5  -9.49  6  -3.52  7  -4.12  8  -2.81
 ABUNDANCE CHANGE  9  -7.48 10  -3.56 11  -5.71 12  -4.06 13  -5.57 14  -4.09
 ABUNDANCE CHANGE 15  -6.59 16  -4.31 17  -6.54 18  -5.24 19  -6.92 20  -5.28
 ABUNDANCE CHANGE 21  -8.87 22  -6.62 23  -8.04 24  -6.37 25  -6.65 26  -4.54
 ABUNDANCE CHANGE 27  -7.12 28  -5.79 29  -7.83 30  -7.44 31  -9.16 32  -8.63
 ABUNDANCE CHANGE 33  -9.67 34  -8.63 35  -9.41 36  -8.73 37  -9.44 38  -9.07
 ABUNDANCE CHANGE 39  -9.80 40  -9.44 41 -10.62 42 -10.12 43 -20.00 44 -10.20
 ABUNDANCE CHANGE 45 -10.92 46 -10.35 47 -11.10 48 -10.27 49 -10.38 50 -10.04
 ABUNDANCE CHANGE 51 -11.04 52  -9.80 53 -10.53 54  -9.87 55 -10.91 56  -9.91
 ABUNDANCE CHANGE 57 -10.87 58 -10.46 59 -11.33 60 -10.54 61 -20.00 62 -11.03
 ABUNDANCE CHANGE 63 -11.53 64 -10.92 65 -11.69 66 -10.90 67 -11.78 68 -11.11
 ABUNDANCE CHANGE 69 -12.04 70 -10.96 71 -11.98 72 -11.16 73 -12.17 74 -10.93
 ABUNDANCE CHANGE 75 -11.76 76 -10.59 77 -10.69 78 -10.24 79 -11.03 80 -10.91
 ABUNDANCE CHANGE 81 -11.14 82 -10.09 83 -11.33 84 -20.00 85 -20.00 86 -20.00
 ABUNDANCE CHANGE 87 -20.00 88 -20.00 89 -20.00 90 -11.95 91 -20.00 92 -12.54
 ABUNDANCE CHANGE 93 -20.00 94 -20.00 95 -20.00 96 -20.00 97 -20.00 98 -20.00
 ABUNDANCE CHANGE 99 -20.00
READ DECK6 72 RHOX,T,P,XNE,ABROSS,ACCRAD,VTURB, FLXCNV,VCONV,VELSND
 9.25866714E-04   3502.6 9.259E+01 2.567E+09 1.440E-04 1.645E-02 2.000E+05 0.000E+00 0.000E+00 6.255E+05
 1.20916569E-03   3521.8 1.209E+02 3.258E+09 1.700E-04 1.580E-02 2.000E+05 0.000E+00 0.000E+00 6.254E+05
 1.53112621E-03   3539.0 1.531E+02 4.027E+09 1.985E-04 1.514E-02 2.000E+05 0.000E+00 0.000E+00 6.255E+05
 1.90001595E-03   3557.0 1.900E+02 4.899E+09 2.303E-04 1.444E-02 2.000E+05 0.000E+00 0.000E+00 6.259E+05
 2.32468554E-03   3575.4 2.325E+02 5.895E+09 2.663E-04 1.376E-02 2.000E+05 0.000E+00 0.000E+00 6.265E+05
 2.81514366E-03   3594.4 2.815E+02 7.039E+09 3.072E-04 1.312E-02 2.000E+05 0.000E+00 0.000E+00 6.272E+05
 3.38254507E-03   3614.1 3.383E+02 8.357E+09 3.539E-04 1.243E-02 2.000E+05 0.000E+00 0.000E+00 6.281E+05
 4.03862218E-03   3634.6 4.039E+02 9.880E+09 4.088E-04 1.192E-02 2.000E+05 0.000E+00 0.000E+00 6.292E+05
 4.79112847E-03   3656.3 4.791E+02 1.164E+10 4.779E-04 1.254E-02 2.000E+05 0.000E+00 0.000E+00 6.304E+05
 5.65014376E-03   3678.6 5.650E+02 1.365E+10 5.578E-04 1.324E-02 2.000E+05 0.000E+00 0.000E+00 6.317E+05
 6.63217144E-03   3701.6 6.632E+02 1.596E+10 6.504E-04 1.408E-02 2.000E+05 0.000E+00 0.000E+00 6.331E+05
 7.75553173E-03   3725.1 7.755E+02 1.861E+10 7.580E-04 1.507E-02 2.000E+05 0.000E+00 0.000E+00 6.346E+05
 9.04149282E-03   3748.8 9.041E+02 2.164E+10 8.827E-04 1.628E-02 2.000E+05 0.000E+00 0.000E+00 6.362E+05
 1.05145285E-02   3772.6 1.051E+03 2.512E+10 1.027E-03 1.771E-02 2.000E+05 0.000E+00 0.000E+00 6.377E+05
 1.22033989E-02   3796.2 1.220E+03 2.909E+10 1.194E-03 1.940E-02 2.000E+05 0.000E+00 0.000E+00 6.393E+05
 1.41546463E-02   3819.4 1.415E+03 3.364E+10 1.368E-03 1.964E-02 2.000E+05 0.000E+00 0.000E+00 6.407E+05
 1.64319750E-02   3841.8 1.643E+03 3.887E+10 1.560E-03 1.956E-02 2.000E+05 0.000E+00 0.000E+00 6.420E+05
 1.90937825E-02   3863.4 1.909E+03 4.490E+10 1.781E-03 1.969E-02 2.000E+05 0.000E+00 0.000E+00 6.432E+05
 2.22033071E-02   3884.7 2.220E+03 5.186E+10 2.033E-03 2.001E-02 2.000E+05 0.000E+00 0.000E+00 6.443E+05
 2.58339954E-02   3905.9 2.583E+03 5.990E+10 2.323E-03 2.049E-02 2.000E+05 0.000E+00 0.000E+00 6.453E+05
 3.00705930E-02   3927.3 3.007E+03 6.921E+10 2.655E-03 2.114E-02 2.000E+05 0.000E+00 0.000E+00 6.463E+05
 3.50104301E-02   3949.3 3.501E+03 8.001E+10 3.038E-03 2.181E-02 2.000E+05 0.000E+00 0.000E+00 6.473E+05
 4.07669157E-02   3971.6 4.077E+03 9.252E+10 3.477E-03 2.257E-02 2.000E+05 0.000E+00 0.000E+00 6.493E+05
 4.74755246E-02   3994.5 4.747E+03 1.070E+11 3.978E-03 2.335E-02 2.000E+05 0.000E+00 0.000E+00 6.494E+05
 5.52943749E-02   4017.6 5.529E+03 1.238E+11 4.551E-03 2.417E-02 2.000E+05 0.000E+00 0.000E+00 6.504E+05
 6.44082397E-02   4040.3 6.441E+03 1.431E+11 5.207E-03 2.517E-02 2.000E+05 0.000E+00 0.000E+00 6.513E+05
 7.50316368E-02   4063.1 7.503E+03 1.654E+11 5.957E-03 2.635E-02 2.000E+05 0.000E+00 0.000E+00 6.521E+05
 8.74159367E-02   4085.4 8.742E+03 1.911E+11 6.813E-03 2.774E-02 2.000E+05 0.000E+00 0.000E+00 6.528E+05
 1.01854712E-01   4107.8 1.019E+04 2.207E+11 7.793E-03 2.935E-02 2.000E+05 0.000E+00 0.000E+00 6.534E+05
 1.18690450E-01   4130.1 1.187E+04 2.548E+11 8.911E-03 3.109E-02 2.000E+05 0.000E+00 0.000E+00 6.540E+05
 1.38329297E-01   4152.0 1.383E+04 2.940E+11 1.018E-02 3.310E-02 2.000E+05 0.000E+00 0.000E+00 6.544E+05
 1.61255933E-01   4173.2 1.613E+04 3.389E+11 1.163E-02 3.541E-02 2.000E+05 0.000E+00 0.000E+00 6.547E+05
 1.88037308E-01   4194.3 1.880E+04 3.907E+11 1.327E-02 3.795E-02 2.000E+05 0.000E+00 0.000E+00 6.548E+05
 2.19341003E-01   4214.3 2.193E+04 4.497E+11 1.514E-02 4.092E-02 2.000E+05 0.000E+00 0.000E+00 6.546E+05
 2.55946503E-01   4233.9 2.559E+04 5.175E+11 1.726E-02 4.436E-02 2.000E+05 0.000E+00 0.000E+00 6.543E+05
 2.98767235E-01   4252.9 2.988E+04 5.951E+11 1.967E-02 4.835E-02 2.000E+05 0.000E+00 0.000E+00 6.538E+05
 3.48869057E-01   4272.1 3.489E+04 6.844E+11 2.242E-02 5.293E-02 2.000E+05 0.000E+00 0.000E+00 6.532E+05
 4.07496875E-01   4291.3 4.075E+04 7.871E+11 2.555E-02 5.819E-02 2.000E+05 0.000E+00 0.000E+00 6.525E+05
 4.76101475E-01   4311.2 4.761E+04 9.057E+11 2.912E-02 6.421E-02 2.000E+05 0.000E+00 0.000E+00 6.519E+05
 5.56350571E-01   4332.0 5.563E+04 1.043E+12 3.320E-02 7.109E-02 2.000E+05 0.000E+00 0.000E+00 6.512E+05
 6.50147840E-01   4354.6 6.501E+04 1.204E+12 3.790E-02 7.896E-02 2.000E+05 0.000E+00 0.000E+00 6.509E+05
 7.59655050E-01   4379.4 7.597E+04 1.392E+12 4.332E-02 8.789E-02 2.000E+05 0.000E+00 0.000E+00 6.508E+05
 8.87298228E-01   4407.3 8.873E+04 1.614E+12 4.961E-02 9.808E-02 2.000E+05 0.000E+00 0.000E+00 6.512E+05
 1.03576139E+00   4439.0 1.036E+05 1.877E+12 5.694E-02 1.098E-01 2.000E+05 0.000E+00 0.000E+00 6.522E+05
 1.20795594E+00   4475.7 1.208E+05 2.194E+12 6.558E-02 1.234E-01 2.000E+05 0.000E+00 0.000E+00 6.540E+05
 1.40704687E+00   4518.5 1.407E+05 2.577E+12 7.574E-02 1.391E-01 2.000E+05 0.000E+00 0.000E+00 6.568E+05
 1.63651252E+00   4568.9 1.637E+05 3.046E+12 8.778E-02 1.573E-01 2.000E+05 0.000E+00 0.000E+00 6.608E+05
 1.90018389E+00   4628.3 1.900E+05 3.624E+12 1.020E-01 1.781E-01 2.000E+05 0.000E+00 0.000E+00 6.663E+05
 2.20218109E+00   4698.4 2.202E+05 4.346E+12 1.190E-01 2.025E-01 2.000E+05 0.000E+00 0.000E+00 6.734E+05
 2.54661400E+00   4781.6 2.547E+05 5.265E+12 1.395E-01 2.312E-01 2.000E+05 0.000E+00 0.000E+00 6.824E+05
 2.93766550E+00   4879.6 2.938E+05 6.455E+12 1.642E-01 2.652E-01 2.000E+05 0.000E+00 0.000E+00 6.933E+05
 3.37851643E+00   4995.2 3.378E+05 8.059E+12 1.953E-01 3.075E-01 2.000E+05 0.000E+00 0.000E+00 7.065E+05
 3.86864806E+00   5129.5 3.869E+05 1.034E+13 2.366E-01 3.648E-01 2.000E+05 0.000E+00 0.000E+00 7.215E+05
 4.39917173E+00   5291.0 4.399E+05 1.398E+13 2.975E-01 4.505E-01 2.000E+05 0.000E+00 0.000E+00 7.391E+05
 4.94208492E+00   5495.8 4.942E+05 2.085E+13 4.035E-01 5.977E-01 2.000E+05 2.623E-04 9.761E+03 7.602E+05
 5.45343448E+00   5738.9 5.453E+05 3.449E+13 5.928E-01 8.357E-01 2.000E+05 2.372E-02 4.339E+04 7.829E+05
 5.91199230E+00   5981.7 5.912E+05 5.784E+13 8.852E-01 1.145E+00 2.000E+05 9.675E-02 6.892E+04 8.029E+05
 6.32480933E+00   6218.3 6.325E+05 9.491E+13 1.298E+00 1.474E+00 2.000E+05 2.081E-01 8.862E+04 8.203E+05
 6.70346461E+00   6450.4 6.703E+05 1.513E+14 1.868E+00 1.777E+00 2.000E+05 3.329E-01 1.029E+05 8.356E+05
 7.06012037E+00   6671.4 7.060E+05 2.311E+14 2.602E+00 1.976E+00 2.000E+05 4.732E-01 1.153E+05 8.487E+05
 7.40642029E+00   6881.0 7.406E+05 3.387E+14 3.525E+00 2.075E+00 2.000E+05 5.916E-01 1.231E+05 8.599E+05
 7.75169574E+00   7081.8 7.752E+05 4.803E+14 4.660E+00 2.115E+00 2.000E+05 6.853E-01 1.281E+05 8.695E+05
 8.10268226E+00   7276.6 8.103E+05 6.636E+14 6.069E+00 2.142E+00 2.000E+05 7.552E-01 1.308E+05 8.777E+05
 8.46487041E+00   7466.6 8.465E+05 8.974E+14 7.789E+00 2.163E+00 2.000E+05 8.070E-01 1.320E+05 8.849E+05
 8.84319239E+00   7654.2 8.843E+05 1.194E+15 9.898E+00 2.186E+00 2.000E+05 8.467E-01 1.323E+05 8.912E+05
 9.24173431E+00   7840.1 9.242E+05 1.566E+15 1.248E+01 2.207E+00 2.000E+05 8.772E-01 1.318E+05 8.967E+05
 9.66454618E+00   8025.1 9.664E+05 2.030E+15 1.564E+01 2.216E+00 2.000E+05 9.013E-01 1.307E+05 9.016E+05
 1.01159319E+01   8209.5 1.012E+06 2.603E+15 1.949E+01 2.214E+00 2.000E+05 9.218E-01 1.299E+05 9.060E+05
 1.05997027E+01   8395.0 1.060E+06 3.312E+15 2.420E+01 2.191E+00 2.000E+05 9.359E-01 1.268E+05 9.100E+05
 1.11214847E+01   8576.9 1.112E+06 4.162E+15 2.982E+01 2.179E+00 2.000E+05 9.505E-01 1.267E+05 9.138E+05
 1.16847024E+01   8766.3 1.168E+06 5.231E+15 3.686E+01 2.138E+00 2.000E+05 9.587E-01 1.223E+05 9.176E+05
 1.22970022E+01   8943.7 1.230E+06 6.446E+15 4.483E+01 2.232E+00 2.000E+05 9.656E-01 1.210E+05 9.212E+05
PRADK 1.0121E+00
BEGIN                    ITERATION  15 COMPLETED
