TEFF   4250.  GRAVITY 3.50000 LTE 
TITLE  [-1.0a] N(He)/Ntot=0.0784 VTURB=2.0  L/H=1.25 ODFNEW                     
 OPACITY IFOP 1 1 1 1 1 1 1 1 1 1 1 1 1 0 1 0 0 0 0 0
 CONVECTION ON   1.25 TURBULENCE OFF  0.00  0.00  0.00  0.00
ABUNDANCE SCALE   0.10000 ABUNDANCE CHANGE 1 0.92130 2 0.07842
 ABUNDANCE CHANGE  3 -10.94  4 -10.64  5  -9.49  6  -3.52  7  -4.12  8  -2.81
 ABUNDANCE CHANGE  9  -7.48 10  -3.56 11  -5.71 12  -4.06 13  -5.57 14  -4.09
 ABUNDANCE CHANGE 15  -6.59 16  -4.31 17  -6.54 18  -5.24 19  -6.92 20  -5.28
 ABUNDANCE CHANGE 21  -8.87 22  -6.62 23  -8.04 24  -6.37 25  -6.65 26  -4.54
 ABUNDANCE CHANGE 27  -7.12 28  -5.79 29  -7.83 30  -7.44 31  -9.16 32  -8.63
 ABUNDANCE CHANGE 33  -9.67 34  -8.63 35  -9.41 36  -8.73 37  -9.44 38  -9.07
 ABUNDANCE CHANGE 39  -9.80 40  -9.44 41 -10.62 42 -10.12 43 -20.00 44 -10.20
 ABUNDANCE CHANGE 45 -10.92 46 -10.35 47 -11.10 48 -10.27 49 -10.38 50 -10.04
 ABUNDANCE CHANGE 51 -11.04 52  -9.80 53 -10.53 54  -9.87 55 -10.91 56  -9.91
 ABUNDANCE CHANGE 57 -10.87 58 -10.46 59 -11.33 60 -10.54 61 -20.00 62 -11.03
 ABUNDANCE CHANGE 63 -11.53 64 -10.92 65 -11.69 66 -10.90 67 -11.78 68 -11.11
 ABUNDANCE CHANGE 69 -12.04 70 -10.96 71 -11.98 72 -11.16 73 -12.17 74 -10.93
 ABUNDANCE CHANGE 75 -11.76 76 -10.59 77 -10.69 78 -10.24 79 -11.03 80 -10.91
 ABUNDANCE CHANGE 81 -11.14 82 -10.09 83 -11.33 84 -20.00 85 -20.00 86 -20.00
 ABUNDANCE CHANGE 87 -20.00 88 -20.00 89 -20.00 90 -11.95 91 -20.00 92 -12.54
 ABUNDANCE CHANGE 93 -20.00 94 -20.00 95 -20.00 96 -20.00 97 -20.00 98 -20.00
 ABUNDANCE CHANGE 99 -20.00
READ DECK6 72 RHOX,T,P,XNE,ABROSS,ACCRAD,VTURB, FLXCNV,VCONV,VELSND
 2.85827909E-03   2601.8 9.039E+00 3.697E+07 4.665E-05 1.817E-03 2.000E+05 0.000E+00 0.000E+00 4.913E+05
 3.73881375E-03   2620.6 1.182E+01 4.786E+07 5.437E-05 1.875E-03 2.000E+05 0.000E+00 0.000E+00 4.877E+05
 4.75255710E-03   2638.7 1.503E+01 6.055E+07 6.265E-05 1.908E-03 2.000E+05 0.000E+00 0.000E+00 4.855E+05
 5.93328448E-03   2656.7 1.876E+01 7.550E+07 7.132E-05 1.928E-03 2.000E+05 0.000E+00 0.000E+00 4.842E+05
 7.32261742E-03   2674.4 2.316E+01 9.318E+07 8.032E-05 1.942E-03 2.000E+05 0.000E+00 0.000E+00 4.834E+05
 8.97488790E-03   2692.1 2.838E+01 1.143E+08 8.978E-05 1.951E-03 2.000E+05 0.000E+00 0.000E+00 4.830E+05
 1.09482739E-02   2709.5 3.462E+01 1.396E+08 1.002E-04 1.958E-03 2.000E+05 0.000E+00 0.000E+00 4.827E+05
 1.33061142E-02   2727.3 4.208E+01 1.701E+08 1.118E-04 1.963E-03 2.000E+05 0.000E+00 0.000E+00 4.827E+05
 1.61287387E-02   2745.7 5.100E+01 2.071E+08 1.243E-04 1.966E-03 2.000E+05 0.000E+00 0.000E+00 4.830E+05
 1.95162854E-02   2765.3 6.172E+01 2.527E+08 1.381E-04 1.966E-03 2.000E+05 0.000E+00 0.000E+00 4.837E+05
 2.35872642E-02   2785.6 7.459E+01 3.085E+08 1.531E-04 1.961E-03 2.000E+05 0.000E+00 0.000E+00 4.847E+05
 2.84927168E-02   2806.4 9.010E+01 3.767E+08 1.691E-04 1.951E-03 2.000E+05 0.000E+00 0.000E+00 4.857E+05
 3.44167759E-02   2827.6 1.088E+02 4.603E+08 1.867E-04 1.940E-03 2.000E+05 0.000E+00 0.000E+00 4.869E+05
 4.15717081E-02   2849.7 1.315E+02 5.637E+08 2.062E-04 1.927E-03 2.000E+05 0.000E+00 0.000E+00 4.882E+05
 5.02185367E-02   2872.8 1.588E+02 6.921E+08 2.273E-04 1.911E-03 2.000E+05 0.000E+00 0.000E+00 4.898E+05
 6.06768701E-02   2897.9 1.919E+02 8.543E+08 2.506E-04 1.893E-03 2.000E+05 0.000E+00 0.000E+00 4.918E+05
 7.33267151E-02   2924.0 2.319E+02 1.058E+09 2.762E-04 1.875E-03 2.000E+05 0.000E+00 0.000E+00 4.940E+05
 8.86495134E-02   2950.9 2.803E+02 1.312E+09 3.038E-04 1.853E-03 2.000E+05 0.000E+00 0.000E+00 4.964E+05
 1.07241741E-01   2978.6 3.391E+02 1.630E+09 3.339E-04 1.832E-03 2.000E+05 0.000E+00 0.000E+00 4.988E+05
 1.29762915E-01   3007.1 4.103E+02 2.029E+09 3.683E-04 1.817E-03 2.000E+05 0.000E+00 0.000E+00 5.014E+05
 1.56897200E-01   3037.1 4.962E+02 2.534E+09 4.089E-04 1.811E-03 2.000E+05 0.000E+00 0.000E+00 5.043E+05
 1.89415777E-01   3067.4 5.990E+02 3.161E+09 4.558E-04 1.814E-03 2.000E+05 0.000E+00 0.000E+00 5.072E+05
 2.28310286E-01   3097.6 7.220E+02 3.932E+09 5.081E-04 1.819E-03 2.000E+05 0.000E+00 0.000E+00 5.100E+05
 2.74832403E-01   3127.8 8.691E+02 4.881E+09 5.666E-04 1.829E-03 2.000E+05 0.000E+00 0.000E+00 5.127E+05
 3.30404519E-01   3157.7 1.045E+03 6.039E+09 6.337E-04 1.849E-03 2.000E+05 0.000E+00 0.000E+00 5.153E+05
 3.96138455E-01   3187.2 1.253E+03 7.442E+09 7.195E-04 1.901E-03 2.000E+05 0.000E+00 0.000E+00 5.179E+05
 4.73251101E-01   3215.8 1.497E+03 9.109E+09 8.183E-04 1.965E-03 2.000E+05 0.000E+00 0.000E+00 5.202E+05
 5.63660644E-01   3243.4 1.782E+03 1.108E+10 9.307E-04 2.038E-03 2.000E+05 0.000E+00 0.000E+00 5.222E+05
 6.69666377E-01   3270.1 2.118E+03 1.341E+10 1.059E-03 2.122E-03 2.000E+05 0.000E+00 0.000E+00 5.241E+05
 7.93972801E-01   3295.8 2.511E+03 1.613E+10 1.204E-03 2.219E-03 2.000E+05 0.000E+00 0.000E+00 5.257E+05
 9.39489198E-01   3320.7 2.971E+03 1.932E+10 1.374E-03 2.335E-03 2.000E+05 0.000E+00 0.000E+00 5.271E+05
 1.10904588E+00   3343.7 3.507E+03 2.296E+10 1.576E-03 2.488E-03 2.000E+05 0.000E+00 0.000E+00 5.281E+05
 1.30599866E+00   3365.3 4.130E+03 2.712E+10 1.810E-03 2.668E-03 2.000E+05 0.000E+00 0.000E+00 5.288E+05
 1.53493724E+00   3386.0 4.854E+03 3.188E+10 2.075E-03 2.871E-03 2.000E+05 0.000E+00 0.000E+00 5.294E+05
 1.80146383E+00   3406.1 5.697E+03 3.734E+10 2.375E-03 3.101E-03 2.000E+05 0.000E+00 0.000E+00 5.298E+05
 2.11213943E+00   3425.4 6.679E+03 4.362E+10 2.715E-03 3.361E-03 2.000E+05 0.000E+00 0.000E+00 5.300E+05
 2.47476043E+00   3445.0 7.826E+03 5.091E+10 3.100E-03 3.656E-03 2.000E+05 0.000E+00 0.000E+00 5.303E+05
 2.89834708E+00   3463.9 9.165E+03 5.928E+10 3.536E-03 3.999E-03 2.000E+05 0.000E+00 0.000E+00 5.305E+05
 3.40573193E+00   3486.2 1.077E+04 6.975E+10 3.857E-03 4.192E-03 2.000E+05 0.000E+00 0.000E+00 5.312E+05
 4.02264902E+00   3504.9 1.272E+04 8.155E+10 4.252E-03 4.481E-03 2.000E+05 0.000E+00 0.000E+00 5.311E+05
 4.76685335E+00   3524.9 1.507E+04 9.578E+10 4.708E-03 4.854E-03 2.000E+05 0.000E+00 0.000E+00 5.311E+05
 5.66103092E+00   3546.1 1.790E+04 1.130E+11 5.237E-03 5.313E-03 2.000E+05 0.000E+00 0.000E+00 5.313E+05
 6.73117026E+00   3570.2 2.129E+04 1.342E+11 5.848E-03 5.864E-03 2.000E+05 0.000E+00 0.000E+00 5.320E+05
 8.00453534E+00   3597.5 2.531E+04 1.606E+11 6.575E-03 6.528E-03 2.000E+05 0.000E+00 0.000E+00 5.332E+05
 9.50740298E+00   3630.7 3.007E+04 1.946E+11 7.474E-03 7.335E-03 2.000E+05 0.000E+00 0.000E+00 5.355E+05
 1.12016583E+01   3669.2 3.542E+04 2.372E+11 9.208E-03 8.745E-03 2.000E+05 0.000E+00 0.000E+00 5.389E+05
 1.30231665E+01   3716.2 4.118E+04 2.918E+11 1.146E-02 1.054E-02 2.000E+05 0.000E+00 0.000E+00 5.440E+05
 1.49559244E+01   3773.6 4.729E+04 3.636E+11 1.445E-02 1.294E-02 2.000E+05 0.000E+00 0.000E+00 5.513E+05
 1.70253743E+01   3843.2 5.384E+04 4.603E+11 1.780E-02 1.558E-02 2.000E+05 0.000E+00 0.000E+00 5.609E+05
 1.92869311E+01   3922.4 6.099E+04 5.881E+11 2.157E-02 1.830E-02 2.000E+05 0.000E+00 0.000E+00 5.724E+05
 2.17587619E+01   4012.3 6.881E+04 7.572E+11 2.658E-02 2.169E-02 2.000E+05 1.154E-07 7.999E+02 5.859E+05
 2.44154435E+01   4115.0 7.721E+04 9.791E+11 3.313E-02 2.577E-02 2.000E+05 1.967E-05 4.460E+03 6.020E+05
 2.72578324E+01   4233.0 8.620E+04 1.267E+12 4.122E-02 3.047E-02 2.000E+05 4.585E-05 5.972E+03 6.207E+05
 3.03218254E+01   4365.7 9.589E+04 1.629E+12 5.068E-02 3.568E-02 2.000E+05 6.343E-05 6.725E+03 6.416E+05
 3.36675568E+01   4516.6 1.065E+05 2.081E+12 6.147E-02 4.137E-02 2.000E+05 9.531E-05 7.772E+03 6.644E+05
 3.73735533E+01   4688.0 1.182E+05 2.659E+12 7.354E-02 4.769E-02 2.000E+05 1.907E-04 9.844E+03 6.883E+05
 4.14993909E+01   4884.5 1.312E+05 3.474E+12 8.859E-02 5.578E-02 2.000E+05 8.560E-04 1.624E+04 7.128E+05
 4.59479684E+01   5112.3 1.453E+05 4.922E+12 1.136E-01 6.912E-02 2.000E+05 6.906E-03 3.242E+04 7.376E+05
 5.03272750E+01   5365.3 1.591E+05 7.954E+12 1.629E-01 9.286E-02 2.000E+05 4.939E-02 6.208E+04 7.614E+05
 5.42173055E+01   5625.3 1.714E+05 1.397E+13 2.530E-01 1.280E-01 2.000E+05 1.541E-01 9.045E+04 7.825E+05
 5.75454674E+01   5875.4 1.820E+05 2.440E+13 3.923E-01 1.644E-01 2.000E+05 3.063E-01 1.137E+05 8.006E+05
 6.04597975E+01   6107.8 1.912E+05 4.046E+13 5.853E-01 1.915E-01 2.000E+05 4.666E-01 1.307E+05 8.155E+05
 6.31236482E+01   6320.8 1.996E+05 6.312E+13 8.353E-01 2.069E-01 2.000E+05 5.990E-01 1.413E+05 8.277E+05
 6.56624219E+01   6518.2 2.076E+05 9.357E+13 1.147E+00 2.150E-01 2.000E+05 6.977E-01 1.476E+05 8.378E+05
 6.81655262E+01   6703.2 2.156E+05 1.331E+14 1.531E+00 2.204E-01 2.000E+05 7.678E-01 1.511E+05 8.462E+05
 7.06923600E+01   6881.1 2.235E+05 1.841E+14 2.004E+00 2.255E-01 2.000E+05 8.182E-01 1.527E+05 8.532E+05
 7.32896496E+01   7052.7 2.318E+05 2.486E+14 2.580E+00 2.286E-01 2.000E+05 8.564E-01 1.532E+05 8.592E+05
 7.59924830E+01   7222.2 2.403E+05 3.303E+14 3.293E+00 2.317E-01 2.000E+05 8.869E-01 1.535E+05 8.643E+05
 7.88284041E+01   7389.5 2.493E+05 4.325E+14 4.166E+00 2.319E-01 2.000E+05 9.086E-01 1.516E+05 8.685E+05
 8.18320574E+01   7553.7 2.588E+05 5.582E+14 5.225E+00 2.337E-01 2.000E+05 9.291E-01 1.521E+05 8.722E+05
 8.50211907E+01   7722.3 2.689E+05 7.179E+14 6.561E+00 2.316E-01 2.000E+05 9.418E-01 1.482E+05 8.754E+05
 8.84317299E+01   7880.8 2.796E+05 9.030E+14 8.105E+00 2.464E-01 2.000E+05 9.510E-01 1.471E+05 8.782E+05
PRADK 4.3476E-01
BEGIN                    ITERATION  15 COMPLETED
