TEFF   4000.  GRAVITY 2.00000 LTE 
TITLE  [-1.0a] N(He)/Ntot=0.0784 VTURB=2.0  L/H=1.25 ODFNEW                     
 OPACITY IFOP 1 1 1 1 1 1 1 1 1 1 1 1 1 0 1 0 0 0 0 0
 CONVECTION ON   1.25 TURBULENCE OFF  0.00  0.00  0.00  0.00
ABUNDANCE SCALE   0.10000 ABUNDANCE CHANGE 1 0.92130 2 0.07842
 ABUNDANCE CHANGE  3 -10.94  4 -10.64  5  -9.49  6  -3.52  7  -4.12  8  -2.81
 ABUNDANCE CHANGE  9  -7.48 10  -3.56 11  -5.71 12  -4.06 13  -5.57 14  -4.09
 ABUNDANCE CHANGE 15  -6.59 16  -4.31 17  -6.54 18  -5.24 19  -6.92 20  -5.28
 ABUNDANCE CHANGE 21  -8.87 22  -6.62 23  -8.04 24  -6.37 25  -6.65 26  -4.54
 ABUNDANCE CHANGE 27  -7.12 28  -5.79 29  -7.83 30  -7.44 31  -9.16 32  -8.63
 ABUNDANCE CHANGE 33  -9.67 34  -8.63 35  -9.41 36  -8.73 37  -9.44 38  -9.07
 ABUNDANCE CHANGE 39  -9.80 40  -9.44 41 -10.62 42 -10.12 43 -20.00 44 -10.20
 ABUNDANCE CHANGE 45 -10.92 46 -10.35 47 -11.10 48 -10.27 49 -10.38 50 -10.04
 ABUNDANCE CHANGE 51 -11.04 52  -9.80 53 -10.53 54  -9.87 55 -10.91 56  -9.91
 ABUNDANCE CHANGE 57 -10.87 58 -10.46 59 -11.33 60 -10.54 61 -20.00 62 -11.03
 ABUNDANCE CHANGE 63 -11.53 64 -10.92 65 -11.69 66 -10.90 67 -11.78 68 -11.11
 ABUNDANCE CHANGE 69 -12.04 70 -10.96 71 -11.98 72 -11.16 73 -12.17 74 -10.93
 ABUNDANCE CHANGE 75 -11.76 76 -10.59 77 -10.69 78 -10.24 79 -11.03 80 -10.91
 ABUNDANCE CHANGE 81 -11.14 82 -10.09 83 -11.33 84 -20.00 85 -20.00 86 -20.00
 ABUNDANCE CHANGE 87 -20.00 88 -20.00 89 -20.00 90 -11.95 91 -20.00 92 -12.54
 ABUNDANCE CHANGE 93 -20.00 94 -20.00 95 -20.00 96 -20.00 97 -20.00 98 -20.00
 ABUNDANCE CHANGE 99 -20.00
READ DECK6 72 RHOX,T,P,XNE,ABROSS,ACCRAD,VTURB, FLXCNV,VCONV,VELSND
 5.71388812E-03   2347.0 5.714E-01 2.041E+06 2.334E-05 1.226E-03 2.000E+05 0.000E+00 0.000E+00 5.856E+05
 7.53193781E-03   2366.4 7.532E-01 2.688E+06 2.559E-05 1.221E-03 2.000E+05 0.000E+00 0.000E+00 5.567E+05
 9.76498779E-03   2385.7 9.765E-01 3.488E+06 2.753E-05 1.212E-03 2.000E+05 0.000E+00 0.000E+00 5.359E+05
 1.25058370E-02   2403.8 1.251E+00 4.469E+06 3.018E-05 1.196E-03 2.000E+05 0.000E+00 0.000E+00 5.201E+05
 1.58281260E-02   2421.6 1.583E+00 5.661E+06 3.327E-05 1.171E-03 2.000E+05 0.000E+00 0.000E+00 5.083E+05
 1.98709360E-02   2439.5 1.987E+00 7.126E+06 3.618E-05 1.144E-03 2.000E+05 0.000E+00 0.000E+00 4.997E+05
 2.48596686E-02   2458.0 2.486E+00 8.952E+06 3.888E-05 1.113E-03 2.000E+05 0.000E+00 0.000E+00 4.933E+05
 3.10951298E-02   2477.3 3.109E+00 1.126E+07 4.134E-05 1.078E-03 2.000E+05 0.000E+00 0.000E+00 4.886E+05
 3.88713506E-02   2496.6 3.887E+00 1.416E+07 4.444E-05 1.040E-03 2.000E+05 0.000E+00 0.000E+00 4.850E+05
 4.85441214E-02   2517.4 4.854E+00 1.786E+07 4.746E-05 9.960E-04 2.000E+05 0.000E+00 0.000E+00 4.829E+05
 6.05910352E-02   2538.9 6.059E+00 2.255E+07 5.093E-05 9.478E-04 2.000E+05 0.000E+00 0.000E+00 4.817E+05
 7.55984444E-02   2560.9 7.560E+00 2.850E+07 5.434E-05 8.996E-04 2.000E+05 0.000E+00 0.000E+00 4.810E+05
 9.44177385E-02   2583.3 9.442E+00 3.608E+07 5.772E-05 8.514E-04 2.000E+05 0.000E+00 0.000E+00 4.809E+05
 1.17940416E-01   2605.9 1.179E+01 4.568E+07 6.183E-05 8.063E-04 2.000E+05 0.000E+00 0.000E+00 4.811E+05
 1.47233172E-01   2629.4 1.472E+01 5.796E+07 6.619E-05 7.622E-04 2.000E+05 0.000E+00 0.000E+00 4.818E+05
 1.83566739E-01   2654.4 1.836E+01 7.374E+07 7.144E-05 7.206E-04 2.000E+05 0.000E+00 0.000E+00 4.831E+05
 2.28404659E-01   2678.9 2.284E+01 9.353E+07 7.722E-05 6.832E-04 2.000E+05 0.000E+00 0.000E+00 4.844E+05
 2.83718498E-01   2703.2 2.837E+01 1.183E+08 8.352E-05 6.491E-04 2.000E+05 0.000E+00 0.000E+00 4.858E+05
 3.51697863E-01   2727.0 3.517E+01 1.492E+08 9.090E-05 6.205E-04 2.000E+05 0.000E+00 0.000E+00 4.870E+05
 4.34780148E-01   2751.1 4.348E+01 1.878E+08 9.941E-05 5.960E-04 2.000E+05 0.000E+00 0.000E+00 4.885E+05
 5.35826873E-01   2776.6 5.358E+01 2.367E+08 1.092E-04 5.763E-04 2.000E+05 0.000E+00 0.000E+00 4.904E+05
 6.58284449E-01   2801.5 6.583E+01 2.969E+08 1.203E-04 5.595E-04 2.000E+05 0.000E+00 0.000E+00 4.921E+05
 8.06556225E-01   2826.2 8.066E+01 3.710E+08 1.325E-04 5.443E-04 2.000E+05 0.000E+00 0.000E+00 4.939E+05
 9.86371658E-01   2850.8 9.864E+01 4.627E+08 1.457E-04 5.297E-04 2.000E+05 0.000E+00 0.000E+00 4.955E+05
 1.20362464E+00   2875.2 1.204E+02 5.753E+08 1.613E-04 5.219E-04 2.000E+05 0.000E+00 0.000E+00 4.972E+05
 1.46486725E+00   2901.3 1.465E+02 7.174E+08 1.790E-04 5.181E-04 2.000E+05 0.000E+00 0.000E+00 4.993E+05
 1.77869385E+00   2928.0 1.779E+02 8.938E+08 1.987E-04 5.165E-04 2.000E+05 0.000E+00 0.000E+00 5.016E+05
 2.15603054E+00   2954.9 2.156E+02 1.112E+09 2.201E-04 5.145E-04 2.000E+05 0.000E+00 0.000E+00 5.039E+05
 2.61086131E+00   2982.4 2.611E+02 1.384E+09 2.432E-04 5.120E-04 2.000E+05 0.000E+00 0.000E+00 5.063E+05
 3.16129504E+00   3011.1 3.161E+02 1.727E+09 2.678E-04 5.084E-04 2.000E+05 0.000E+00 0.000E+00 5.089E+05
 3.82101540E+00   3039.4 3.821E+02 2.147E+09 3.008E-04 5.206E-04 2.000E+05 0.000E+00 0.000E+00 5.114E+05
 4.60313508E+00   3067.8 4.603E+02 2.660E+09 3.385E-04 5.376E-04 2.000E+05 0.000E+00 0.000E+00 5.138E+05
 5.53009514E+00   3095.9 5.530E+02 3.284E+09 3.807E-04 5.562E-04 2.000E+05 0.000E+00 0.000E+00 5.162E+05
 6.62949810E+00   3123.8 6.629E+02 4.040E+09 4.280E-04 5.769E-04 2.000E+05 0.000E+00 0.000E+00 5.186E+05
 7.93361532E+00   3151.4 7.934E+02 4.952E+09 4.816E-04 6.006E-04 2.000E+05 0.000E+00 0.000E+00 5.208E+05
 9.47367630E+00   3178.3 9.474E+02 6.042E+09 5.458E-04 6.341E-04 2.000E+05 0.000E+00 0.000E+00 5.228E+05
 1.12765040E+01   3203.0 1.128E+03 7.297E+09 6.242E-04 6.822E-04 2.000E+05 0.000E+00 0.000E+00 5.243E+05
 1.33778968E+01   3227.1 1.338E+03 8.767E+09 7.140E-04 7.389E-04 2.000E+05 0.000E+00 0.000E+00 5.257E+05
 1.58309539E+01   3251.4 1.583E+03 1.052E+10 8.145E-04 8.017E-04 2.000E+05 0.000E+00 0.000E+00 5.271E+05
 1.87017546E+01   3276.4 1.870E+03 1.261E+10 9.271E-04 8.719E-04 2.000E+05 0.000E+00 0.000E+00 5.287E+05
 2.20698870E+01   3302.5 2.207E+03 1.514E+10 1.053E-03 9.508E-04 2.000E+05 0.000E+00 0.000E+00 5.305E+05
 2.60120927E+01   3329.7 2.601E+03 1.821E+10 1.203E-03 1.049E-03 2.000E+05 0.000E+00 0.000E+00 5.325E+05
 3.06190162E+01   3359.5 3.062E+03 2.201E+10 1.372E-03 1.166E-03 2.000E+05 0.000E+00 0.000E+00 5.351E+05
 3.59986504E+01   3392.3 3.600E+03 2.677E+10 1.569E-03 1.308E-03 2.000E+05 0.000E+00 0.000E+00 5.383E+05
 4.22623180E+01   3429.9 4.226E+03 3.291E+10 1.799E-03 1.480E-03 2.000E+05 0.000E+00 0.000E+00 5.425E+05
 4.95598348E+01   3474.8 4.956E+03 4.112E+10 2.051E-03 1.671E-03 2.000E+05 0.000E+00 0.000E+00 5.482E+05
 5.82646963E+01   3520.5 5.826E+03 5.140E+10 2.258E-03 1.821E-03 2.000E+05 0.000E+00 0.000E+00 5.540E+05
 6.86167075E+01   3573.4 6.862E+03 6.525E+10 2.593E-03 2.056E-03 2.000E+05 0.000E+00 0.000E+00 5.611E+05
 8.03382690E+01   3637.8 8.034E+03 8.436E+10 3.140E-03 2.396E-03 2.000E+05 0.000E+00 0.000E+00 5.708E+05
 9.26109575E+01   3716.7 9.261E+03 1.105E+11 4.172E-03 3.015E-03 2.000E+05 0.000E+00 0.000E+00 5.838E+05
 1.04849505E+02   3807.7 1.048E+04 1.444E+11 5.531E-03 3.849E-03 2.000E+05 0.000E+00 0.000E+00 5.993E+05
 1.17507664E+02   3910.6 1.175E+04 1.876E+11 6.975E-03 4.519E-03 2.000E+05 0.000E+00 0.000E+00 6.167E+05
 1.31011885E+02   4023.9 1.310E+04 2.408E+11 8.663E-03 5.273E-03 2.000E+05 0.000E+00 0.000E+00 6.348E+05
 1.45622534E+02   4151.2 1.456E+04 3.056E+11 1.059E-02 6.072E-03 2.000E+05 0.000E+00 0.000E+00 6.533E+05
 1.61747573E+02   4293.0 1.617E+04 3.834E+11 1.266E-02 6.881E-03 2.000E+05 0.000E+00 0.000E+00 6.717E+05
 1.79890920E+02   4453.9 1.799E+04 4.793E+11 1.491E-02 7.732E-03 2.000E+05 1.479E-10 1.603E+02 6.903E+05
 2.00443984E+02   4634.2 2.004E+04 6.083E+11 1.759E-02 8.788E-03 2.000E+05 4.034E-07 2.207E+03 7.087E+05
 2.23083269E+02   4838.5 2.231E+04 8.339E+11 2.211E-02 1.073E-02 2.000E+05 1.632E-05 7.454E+03 7.273E+05
 2.45591814E+02   5070.5 2.456E+04 1.334E+12 3.189E-02 1.509E-02 2.000E+05 4.036E-04 2.138E+04 7.463E+05
 2.64977063E+02   5332.0 2.650E+04 2.488E+12 5.261E-02 2.428E-02 2.000E+05 5.984E-03 5.188E+04 7.655E+05
 2.79937508E+02   5623.4 2.799E+04 5.082E+12 9.396E-02 4.148E-02 2.000E+05 2.417E-02 8.158E+04 7.844E+05
 2.91022009E+02   5930.0 2.910E+04 1.040E+13 1.690E-01 6.782E-02 2.000E+05 6.847E-02 1.132E+05 8.013E+05
 2.99361967E+02   6236.2 2.993E+04 2.016E+13 2.937E-01 9.903E-02 2.000E+05 2.301E-01 1.697E+05 8.145E+05
 3.05984936E+02   6518.1 3.059E+04 3.531E+13 4.752E-01 1.215E-01 2.000E+05 4.745E-01 2.217E+05 8.230E+05
 3.11682378E+02   6758.5 3.116E+04 5.508E+13 7.045E-01 1.243E-01 2.000E+05 6.682E-01 2.529E+05 8.277E+05
 3.17031955E+02   6953.0 3.170E+04 7.737E+13 9.604E-01 1.114E-01 2.000E+05 7.836E-01 2.634E+05 8.301E+05
 3.22458633E+02   7109.6 3.224E+04 1.006E+14 1.227E+00 9.936E-02 2.000E+05 8.403E-01 2.609E+05 8.314E+05
 3.28183262E+02   7257.2 3.281E+04 1.277E+14 1.543E+00 9.702E-02 2.000E+05 8.695E-01 2.554E+05 8.323E+05
 3.34260783E+02   7406.3 3.342E+04 1.609E+14 1.937E+00 9.582E-02 2.000E+05 8.952E-01 2.517E+05 8.332E+05
 3.40752663E+02   7549.8 3.407E+04 1.996E+14 2.404E+00 9.138E-02 2.000E+05 9.204E-01 2.503E+05 8.340E+05
 3.47761768E+02   7688.9 3.477E+04 2.444E+14 2.959E+00 8.932E-02 2.000E+05 9.395E-01 2.508E+05 8.351E+05
 3.55318738E+02   7833.7 3.552E+04 2.995E+14 3.662E+00 1.001E-01 2.000E+05 9.492E-01 2.527E+05 8.365E+05
PRADK 3.4089E-01
BEGIN                    ITERATION  15 COMPLETED
