TEFF   5750.  GRAVITY 0.50000 LTE 
TITLE  [-1.0a] N(He)/Ntot=0.0784 VTURB=2.0  L/H=1.25 ODFNEW                     
 OPACITY IFOP 1 1 1 1 1 1 1 1 1 1 1 1 1 0 1 0 0 0 0 0
 CONVECTION ON   1.25 TURBULENCE OFF  0.00  0.00  0.00  0.00
ABUNDANCE SCALE   0.10000 ABUNDANCE CHANGE 1 0.92130 2 0.07842
 ABUNDANCE CHANGE  3 -10.94  4 -10.64  5  -9.49  6  -3.52  7  -4.12  8  -2.81
 ABUNDANCE CHANGE  9  -7.48 10  -3.56 11  -5.71 12  -4.06 13  -5.57 14  -4.09
 ABUNDANCE CHANGE 15  -6.59 16  -4.31 17  -6.54 18  -5.24 19  -6.92 20  -5.28
 ABUNDANCE CHANGE 21  -8.87 22  -6.62 23  -8.04 24  -6.37 25  -6.65 26  -4.54
 ABUNDANCE CHANGE 27  -7.12 28  -5.79 29  -7.83 30  -7.44 31  -9.16 32  -8.63
 ABUNDANCE CHANGE 33  -9.67 34  -8.63 35  -9.41 36  -8.73 37  -9.44 38  -9.07
 ABUNDANCE CHANGE 39  -9.80 40  -9.44 41 -10.62 42 -10.12 43 -20.00 44 -10.20
 ABUNDANCE CHANGE 45 -10.92 46 -10.35 47 -11.10 48 -10.27 49 -10.38 50 -10.04
 ABUNDANCE CHANGE 51 -11.04 52  -9.80 53 -10.53 54  -9.87 55 -10.91 56  -9.91
 ABUNDANCE CHANGE 57 -10.87 58 -10.46 59 -11.33 60 -10.54 61 -20.00 62 -11.03
 ABUNDANCE CHANGE 63 -11.53 64 -10.92 65 -11.69 66 -10.90 67 -11.78 68 -11.11
 ABUNDANCE CHANGE 69 -12.04 70 -10.96 71 -11.98 72 -11.16 73 -12.17 74 -10.93
 ABUNDANCE CHANGE 75 -11.76 76 -10.59 77 -10.69 78 -10.24 79 -11.03 80 -10.91
 ABUNDANCE CHANGE 81 -11.14 82 -10.09 83 -11.33 84 -20.00 85 -20.00 86 -20.00
 ABUNDANCE CHANGE 87 -20.00 88 -20.00 89 -20.00 90 -11.95 91 -20.00 92 -12.54
 ABUNDANCE CHANGE 93 -20.00 94 -20.00 95 -20.00 96 -20.00 97 -20.00 98 -20.00
 ABUNDANCE CHANGE 99 -20.00
READ DECK6 72 RHOX,T,P,XNE,ABROSS,ACCRAD,VTURB, FLXCNV,VCONV,VELSND
 2.84770017E-03   3573.7 8.999E-03 1.030E+06 4.683E-05 2.225E-03 2.000E+05 0.000E+00 0.000E+00 1.004E+07
 3.80906491E-03   3587.1 1.204E-02 1.312E+06 4.570E-05 2.048E-03 2.000E+05 0.000E+00 0.000E+00 8.709E+06
 5.12121822E-03   3601.0 1.618E-02 1.681E+06 4.470E-05 1.995E-03 2.000E+05 0.000E+00 0.000E+00 7.538E+06
 6.90222553E-03   3617.6 2.181E-02 2.183E+06 4.411E-05 1.936E-03 2.000E+05 0.000E+00 0.000E+00 6.520E+06
 9.29864985E-03   3637.3 2.939E-02 2.870E+06 4.400E-05 1.898E-03 2.000E+05 0.000E+00 0.000E+00 5.644E+06
 1.24776190E-02   3661.0 3.943E-02 3.822E+06 4.453E-05 1.927E-03 2.000E+05 0.000E+00 0.000E+00 4.899E+06
 1.66472340E-02   3687.0 5.261E-02 5.112E+06 4.545E-05 1.957E-03 2.000E+05 0.000E+00 0.000E+00 4.268E+06
 2.20768037E-02   3714.6 6.977E-02 6.850E+06 4.668E-05 1.990E-03 2.000E+05 0.000E+00 0.000E+00 3.733E+06
 2.91094428E-02   3743.0 9.199E-02 9.159E+06 4.813E-05 2.029E-03 2.000E+05 0.000E+00 0.000E+00 3.278E+06
 3.81948393E-02   3771.6 1.207E-01 1.220E+07 4.972E-05 2.083E-03 2.000E+05 0.000E+00 0.000E+00 2.889E+06
 4.99229292E-02   3799.8 1.578E-01 1.616E+07 5.137E-05 2.157E-03 2.000E+05 0.000E+00 0.000E+00 2.555E+06
 6.50364725E-02   3829.6 2.055E-01 2.147E+07 5.323E-05 2.118E-03 2.000E+05 0.000E+00 0.000E+00 2.269E+06
 8.44977142E-02   3858.7 2.670E-01 2.837E+07 5.509E-05 2.070E-03 2.000E+05 0.000E+00 0.000E+00 2.022E+06
 1.09582914E-01   3887.4 3.463E-01 3.731E+07 5.699E-05 2.031E-03 2.000E+05 0.000E+00 0.000E+00 1.809E+06
 1.41902023E-01   3916.1 4.484E-01 4.896E+07 5.903E-05 2.003E-03 2.000E+05 0.000E+00 0.000E+00 1.626E+06
 1.83444170E-01   3945.4 5.797E-01 6.423E+07 6.135E-05 1.978E-03 2.000E+05 0.000E+00 0.000E+00 1.469E+06
 2.36620396E-01   3975.5 7.478E-01 8.433E+07 6.407E-05 1.953E-03 2.000E+05 0.000E+00 0.000E+00 1.335E+06
 3.04284381E-01   4006.9 9.616E-01 1.109E+08 6.737E-05 1.934E-03 2.000E+05 0.000E+00 0.000E+00 1.223E+06
 3.89750139E-01   4039.6 1.232E+00 1.459E+08 7.140E-05 1.922E-03 2.000E+05 0.000E+00 0.000E+00 1.128E+06
 4.96852106E-01   4073.6 1.570E+00 1.921E+08 7.626E-05 1.907E-03 2.000E+05 0.000E+00 0.000E+00 1.050E+06
 6.30070082E-01   4108.4 1.991E+00 2.526E+08 8.203E-05 1.887E-03 2.000E+05 0.000E+00 0.000E+00 9.859E+05
 7.94684268E-01   4143.6 2.511E+00 3.311E+08 8.879E-05 1.866E-03 2.000E+05 0.000E+00 0.000E+00 9.333E+05
 9.96881911E-01   4179.0 3.151E+00 4.320E+08 9.667E-05 1.846E-03 2.000E+05 0.000E+00 0.000E+00 8.904E+05
 1.24377016E+00   4214.2 3.931E+00 5.607E+08 1.059E-04 1.839E-03 2.000E+05 0.000E+00 0.000E+00 8.556E+05
 1.54336470E+00   4249.7 4.878E+00 7.248E+08 1.167E-04 1.834E-03 2.000E+05 0.000E+00 0.000E+00 8.277E+05
 1.90479248E+00   4285.1 6.020E+00 9.322E+08 1.293E-04 1.831E-03 2.000E+05 0.000E+00 0.000E+00 8.052E+05
 2.33856721E+00   4320.2 7.391E+00 1.193E+09 1.440E-04 1.831E-03 2.000E+05 0.000E+00 0.000E+00 7.873E+05
 2.85673458E+00   4355.1 9.028E+00 1.517E+09 1.612E-04 1.833E-03 2.000E+05 0.000E+00 0.000E+00 7.731E+05
 3.47303874E+00   4389.5 1.098E+01 1.918E+09 1.810E-04 1.846E-03 2.000E+05 0.000E+00 0.000E+00 7.619E+05
 4.20307750E+00   4423.6 1.328E+01 2.413E+09 2.042E-04 1.868E-03 2.000E+05 0.000E+00 0.000E+00 7.531E+05
 5.06460721E+00   4457.3 1.601E+01 3.019E+09 2.311E-04 1.897E-03 2.000E+05 0.000E+00 0.000E+00 7.462E+05
 6.07825076E+00   4490.6 1.921E+01 3.757E+09 2.623E-04 1.933E-03 2.000E+05 0.000E+00 0.000E+00 7.410E+05
 7.26806170E+00   4523.4 2.297E+01 4.651E+09 2.983E-04 1.977E-03 2.000E+05 0.000E+00 0.000E+00 7.370E+05
 8.66209187E+00   4555.6 2.738E+01 5.729E+09 3.397E-04 2.030E-03 2.000E+05 0.000E+00 0.000E+00 7.340E+05
 1.02930049E+01   4587.2 3.253E+01 7.020E+09 3.875E-04 2.097E-03 2.000E+05 0.000E+00 0.000E+00 7.319E+05
 1.21986473E+01   4618.2 3.855E+01 8.559E+09 4.425E-04 2.182E-03 2.000E+05 0.000E+00 0.000E+00 7.304E+05
 1.44227831E+01   4648.7 4.558E+01 1.040E+10 5.058E-04 2.282E-03 2.000E+05 0.000E+00 0.000E+00 7.295E+05
 1.70162369E+01   4678.9 5.378E+01 1.258E+10 5.787E-04 2.401E-03 2.000E+05 0.000E+00 0.000E+00 7.291E+05
 2.00383456E+01   4708.7 6.332E+01 1.517E+10 6.624E-04 2.542E-03 2.000E+05 0.000E+00 0.000E+00 7.290E+05
 2.35568071E+01   4738.4 7.444E+01 1.825E+10 7.593E-04 2.709E-03 2.000E+05 0.000E+00 0.000E+00 7.293E+05
 2.76459147E+01   4768.6 8.736E+01 2.194E+10 8.721E-04 2.911E-03 2.000E+05 0.000E+00 0.000E+00 7.299E+05
 3.23851482E+01   4799.7 1.023E+02 2.640E+10 1.005E-03 3.157E-03 2.000E+05 0.000E+00 0.000E+00 7.307E+05
 3.78530127E+01   4832.6 1.196E+02 3.188E+10 1.165E-03 3.464E-03 2.000E+05 0.000E+00 0.000E+00 7.319E+05
 4.41217908E+01   4868.2 1.394E+02 3.873E+10 1.360E-03 3.844E-03 2.000E+05 0.000E+00 0.000E+00 7.333E+05
 5.12522102E+01   4907.6 1.619E+02 4.743E+10 1.602E-03 4.321E-03 2.000E+05 0.000E+00 0.000E+00 7.350E+05
 5.92830547E+01   4951.9 1.873E+02 5.874E+10 1.907E-03 4.930E-03 2.000E+05 0.000E+00 0.000E+00 7.371E+05
 6.82150799E+01   5002.8 2.155E+02 7.387E+10 2.304E-03 5.725E-03 2.000E+05 0.000E+00 0.000E+00 7.395E+05
 7.79931776E+01   5062.0 2.463E+02 9.468E+10 2.831E-03 6.796E-03 2.000E+05 0.000E+00 0.000E+00 7.423E+05
 8.84906779E+01   5131.9 2.795E+02 1.243E+11 3.555E-03 8.269E-03 2.000E+05 0.000E+00 0.000E+00 7.454E+05
 9.95026671E+01   5214.7 3.142E+02 1.677E+11 4.578E-03 1.035E-02 2.000E+05 0.000E+00 0.000E+00 7.489E+05
 1.10744047E+02   5313.5 3.496E+02 2.338E+11 6.070E-03 1.338E-02 2.000E+05 0.000E+00 0.000E+00 7.524E+05
 1.21862647E+02   5430.9 3.846E+02 3.378E+11 8.326E-03 1.797E-02 2.000E+05 0.000E+00 0.000E+00 7.558E+05
 1.32468783E+02   5570.6 4.179E+02 5.073E+11 1.187E-02 2.517E-02 2.000E+05 2.180E-17 5.053E+00 7.586E+05
 1.42192158E+02   5735.7 4.484E+02 7.918E+11 1.763E-02 3.690E-02 2.000E+05 7.117E-14 7.260E+01 7.601E+05
 1.50709175E+02   5931.3 4.749E+02 1.288E+12 2.753E-02 5.725E-02 2.000E+05 4.221E-12 2.733E+02 7.599E+05
 1.57786107E+02   6162.3 4.968E+02 2.181E+12 4.543E-02 9.454E-02 2.000E+05 2.074E-10 9.590E+02 7.580E+05
 1.63295392E+02   6437.5 5.135E+02 3.857E+12 8.069E-02 1.693E-01 2.000E+05 1.365E-08 3.667E+03 7.559E+05
 1.67257365E+02   6762.6 5.251E+02 7.067E+12 1.557E-01 3.321E-01 2.000E+05 1.597E-06 1.677E+04 7.568E+05
 1.69828608E+02   7154.1 5.319E+02 1.347E+13 3.368E-01 7.410E-01 2.000E+05 1.957E-04 7.734E+04 7.658E+05
 1.71281082E+02   7630.0 5.348E+02 2.647E+13 8.341E-01 1.787E+00 2.000E+05 3.107E-03 1.793E+05 7.893E+05
 1.72089770E+02   8086.2 5.354E+02 4.566E+13 1.879E+00 3.069E+00 2.000E+05 2.058E-01 7.062E+05 8.258E+05
 1.72659730E+02   8387.5 5.354E+02 6.203E+13 3.056E+00 2.970E+00 2.000E+05 5.396E-01 1.012E+06 8.581E+05
 1.73182257E+02   8589.9 5.357E+02 7.438E+13 4.120E+00 2.409E+00 2.000E+05 6.965E-01 1.089E+06 8.838E+05
 1.73720612E+02   8757.6 5.362E+02 8.518E+13 5.171E+00 2.100E+00 2.000E+05 7.989E-01 1.162E+06 9.076E+05
 1.74301191E+02   8922.1 5.368E+02 9.600E+13 6.319E+00 1.876E+00 2.000E+05 8.539E-01 1.199E+06 9.329E+05
 1.74947465E+02   9070.8 5.377E+02 1.058E+14 7.444E+00 1.717E+00 2.000E+05 8.863E-01 1.228E+06 9.575E+05
 1.75680664E+02   9234.4 5.388E+02 1.162E+14 8.734E+00 1.711E+00 2.000E+05 9.085E-01 1.284E+06 9.859E+05
 1.76520978E+02   9406.6 5.401E+02 1.265E+14 1.006E+01 1.603E+00 2.000E+05 9.176E-01 1.271E+06 1.017E+06
 1.77510147E+02   9581.0 5.414E+02 1.359E+14 1.126E+01 1.910E+00 2.000E+05 9.271E-01 1.402E+06 1.052E+06
 1.78675583E+02   9884.0 5.429E+02 1.488E+14 1.287E+01 1.947E+00 2.000E+05 9.109E-01 1.319E+06 1.106E+06
 1.80085230E+02  10083.4 5.411E+02 1.544E+14 1.340E+01 6.928E+00 2.000E+05 8.243E-01 1.582E+06 1.146E+06
 1.83161012E+02  13073.5 5.312E+02 1.428E+14 5.979E+00 8.904E+00 2.000E+05 2.806E-02 7.223E+05 1.601E+06
PRADK 1.4597E+00
BEGIN                    ITERATION  15 COMPLETED
