TEFF   5000.  GRAVITY 4.00000 LTE 
TITLE  [-1.0a] N(He)/Ntot=0.0784 VTURB=2.0  L/H=1.25 ODFNEW                     
 OPACITY IFOP 1 1 1 1 1 1 1 1 1 1 1 1 1 0 1 0 0 0 0 0
 CONVECTION ON   1.25 TURBULENCE OFF  0.00  0.00  0.00  0.00
ABUNDANCE SCALE   0.10000 ABUNDANCE CHANGE 1 0.92130 2 0.07842
 ABUNDANCE CHANGE  3 -10.94  4 -10.64  5  -9.49  6  -3.52  7  -4.12  8  -2.81
 ABUNDANCE CHANGE  9  -7.48 10  -3.56 11  -5.71 12  -4.06 13  -5.57 14  -4.09
 ABUNDANCE CHANGE 15  -6.59 16  -4.31 17  -6.54 18  -5.24 19  -6.92 20  -5.28
 ABUNDANCE CHANGE 21  -8.87 22  -6.62 23  -8.04 24  -6.37 25  -6.65 26  -4.54
 ABUNDANCE CHANGE 27  -7.12 28  -5.79 29  -7.83 30  -7.44 31  -9.16 32  -8.63
 ABUNDANCE CHANGE 33  -9.67 34  -8.63 35  -9.41 36  -8.73 37  -9.44 38  -9.07
 ABUNDANCE CHANGE 39  -9.80 40  -9.44 41 -10.62 42 -10.12 43 -20.00 44 -10.20
 ABUNDANCE CHANGE 45 -10.92 46 -10.35 47 -11.10 48 -10.27 49 -10.38 50 -10.04
 ABUNDANCE CHANGE 51 -11.04 52  -9.80 53 -10.53 54  -9.87 55 -10.91 56  -9.91
 ABUNDANCE CHANGE 57 -10.87 58 -10.46 59 -11.33 60 -10.54 61 -20.00 62 -11.03
 ABUNDANCE CHANGE 63 -11.53 64 -10.92 65 -11.69 66 -10.90 67 -11.78 68 -11.11
 ABUNDANCE CHANGE 69 -12.04 70 -10.96 71 -11.98 72 -11.16 73 -12.17 74 -10.93
 ABUNDANCE CHANGE 75 -11.76 76 -10.59 77 -10.69 78 -10.24 79 -11.03 80 -10.91
 ABUNDANCE CHANGE 81 -11.14 82 -10.09 83 -11.33 84 -20.00 85 -20.00 86 -20.00
 ABUNDANCE CHANGE 87 -20.00 88 -20.00 89 -20.00 90 -11.95 91 -20.00 92 -12.54
 ABUNDANCE CHANGE 93 -20.00 94 -20.00 95 -20.00 96 -20.00 97 -20.00 98 -20.00
 ABUNDANCE CHANGE 99 -20.00
READ DECK6 72 RHOX,T,P,XNE,ABROSS,ACCRAD,VTURB, FLXCNV,VCONV,VELSND
 2.31288869E-03   3304.7 2.313E+01 6.353E+08 5.766E-05 6.724E-03 2.000E+05 0.000E+00 0.000E+00 6.203E+05
 3.03014147E-03   3325.7 3.030E+01 8.131E+08 6.636E-05 6.945E-03 2.000E+05 0.000E+00 0.000E+00 6.179E+05
 3.86234147E-03   3345.9 3.862E+01 1.017E+09 7.618E-05 6.921E-03 2.000E+05 0.000E+00 0.000E+00 6.166E+05
 4.82966911E-03   3366.2 4.830E+01 1.253E+09 8.735E-05 6.866E-03 2.000E+05 0.000E+00 0.000E+00 6.161E+05
 5.95496005E-03   3386.6 5.955E+01 1.526E+09 1.001E-04 6.830E-03 2.000E+05 0.000E+00 0.000E+00 6.160E+05
 7.26540820E-03   3406.8 7.265E+01 1.841E+09 1.145E-04 6.819E-03 2.000E+05 0.000E+00 0.000E+00 6.163E+05
 8.79228735E-03   3426.9 8.792E+01 2.206E+09 1.311E-04 6.839E-03 2.000E+05 0.000E+00 0.000E+00 6.168E+05
 1.05716093E-02   3446.8 1.057E+02 2.629E+09 1.500E-04 6.863E-03 2.000E+05 0.000E+00 0.000E+00 6.175E+05
 1.26448838E-02   3466.5 1.264E+02 3.117E+09 1.716E-04 6.841E-03 2.000E+05 0.000E+00 0.000E+00 6.183E+05
 1.50894338E-02   3484.7 1.509E+02 3.680E+09 1.921E-04 6.195E-03 2.000E+05 0.000E+00 0.000E+00 6.189E+05
 1.79959642E-02   3502.6 1.800E+02 4.338E+09 2.159E-04 5.677E-03 2.000E+05 0.000E+00 0.000E+00 6.196E+05
 2.14379524E-02   3520.6 2.144E+02 5.109E+09 2.436E-04 5.264E-03 2.000E+05 0.000E+00 0.000E+00 6.204E+05
 2.54985210E-02   3539.0 2.550E+02 6.012E+09 2.758E-04 4.925E-03 2.000E+05 0.000E+00 0.000E+00 6.212E+05
 3.02730207E-02   3558.1 3.027E+02 7.068E+09 3.133E-04 4.651E-03 2.000E+05 0.000E+00 0.000E+00 6.220E+05
 3.58671642E-02   3578.4 3.587E+02 8.309E+09 3.572E-04 4.381E-03 2.000E+05 0.000E+00 0.000E+00 6.231E+05
 4.24020103E-02   3599.7 4.240E+02 9.762E+09 4.082E-04 4.139E-03 2.000E+05 0.000E+00 0.000E+00 6.243E+05
 5.00206575E-02   3621.7 5.002E+02 1.146E+10 4.673E-04 3.907E-03 2.000E+05 0.000E+00 0.000E+00 6.256E+05
 5.88656988E-02   3641.6 5.887E+02 1.338E+10 5.385E-04 3.962E-03 2.000E+05 0.000E+00 0.000E+00 6.266E+05
 6.90888401E-02   3659.3 6.909E+02 1.553E+10 6.219E-04 4.266E-03 2.000E+05 0.000E+00 0.000E+00 6.273E+05
 8.08903713E-02   3677.7 8.089E+02 1.801E+10 7.185E-04 4.665E-03 2.000E+05 0.000E+00 0.000E+00 6.281E+05
 9.45095205E-02   3696.6 9.451E+02 2.086E+10 8.304E-04 5.146E-03 2.000E+05 0.000E+00 0.000E+00 6.289E+05
 1.10206459E-01   3717.1 1.102E+03 2.417E+10 9.620E-04 5.717E-03 2.000E+05 0.000E+00 0.000E+00 6.299E+05
 1.28264997E-01   3738.4 1.283E+03 2.800E+10 1.116E-03 6.384E-03 2.000E+05 0.000E+00 0.000E+00 6.311E+05
 1.49019648E-01   3760.9 1.490E+03 3.242E+10 1.295E-03 7.200E-03 2.000E+05 0.000E+00 0.000E+00 6.323E+05
 1.72838170E-01   3784.7 1.728E+03 3.755E+10 1.505E-03 8.230E-03 2.000E+05 0.000E+00 0.000E+00 6.338E+05
 2.00192372E-01   3811.6 2.002E+03 4.361E+10 1.746E-03 9.160E-03 2.000E+05 0.000E+00 0.000E+00 6.356E+05
 2.31755225E-01   3842.7 2.318E+03 5.088E+10 2.010E-03 9.315E-03 2.000E+05 0.000E+00 0.000E+00 6.381E+05
 2.68385846E-01   3870.8 2.684E+03 5.910E+10 2.307E-03 9.535E-03 2.000E+05 0.000E+00 0.000E+00 6.400E+05
 3.10981709E-01   3897.6 3.110E+03 6.852E+10 2.644E-03 9.866E-03 2.000E+05 0.000E+00 0.000E+00 6.418E+05
 3.60545641E-01   3923.6 3.605E+03 7.937E+10 3.030E-03 1.025E-02 2.000E+05 0.000E+00 0.000E+00 6.434E+05
 4.18273133E-01   3948.0 4.183E+03 9.177E+10 3.466E-03 1.074E-02 2.000E+05 0.000E+00 0.000E+00 6.447E+05
 4.85600556E-01   3971.0 4.856E+03 1.059E+11 3.961E-03 1.134E-02 2.000E+05 0.000E+00 0.000E+00 6.467E+05
 5.64197014E-01   3993.4 5.642E+03 1.222E+11 4.523E-03 1.203E-02 2.000E+05 0.000E+00 0.000E+00 6.466E+05
 6.56022760E-01   4014.5 6.560E+03 1.409E+11 5.161E-03 1.283E-02 2.000E+05 0.000E+00 0.000E+00 6.472E+05
 7.63354227E-01   4034.9 7.634E+03 1.623E+11 5.888E-03 1.379E-02 2.000E+05 0.000E+00 0.000E+00 6.477E+05
 8.88848221E-01   4054.2 8.888E+03 1.867E+11 6.714E-03 1.493E-02 2.000E+05 0.000E+00 0.000E+00 6.479E+05
 1.03557618E+00   4073.5 1.036E+04 2.149E+11 7.659E-03 1.625E-02 2.000E+05 0.000E+00 0.000E+00 6.480E+05
 1.20708730E+00   4092.8 1.207E+04 2.473E+11 8.738E-03 1.776E-02 2.000E+05 0.000E+00 0.000E+00 6.480E+05
 1.40751546E+00   4112.5 1.408E+04 2.847E+11 9.973E-03 1.950E-02 2.000E+05 0.000E+00 0.000E+00 6.479E+05
 1.64163091E+00   4133.0 1.642E+04 3.281E+11 1.139E-02 2.151E-02 2.000E+05 0.000E+00 0.000E+00 6.480E+05
 1.91487946E+00   4155.0 1.915E+04 3.787E+11 1.302E-02 2.381E-02 2.000E+05 0.000E+00 0.000E+00 6.481E+05
 2.23341445E+00   4179.2 2.233E+04 4.380E+11 1.490E-02 2.644E-02 2.000E+05 0.000E+00 0.000E+00 6.486E+05
 2.60418772E+00   4206.0 2.604E+04 5.080E+11 1.709E-02 2.942E-02 2.000E+05 0.000E+00 0.000E+00 6.494E+05
 3.03488753E+00   4236.5 3.035E+04 5.912E+11 1.964E-02 3.285E-02 2.000E+05 0.000E+00 0.000E+00 6.507E+05
 3.53386547E+00   4272.0 3.534E+04 6.911E+11 2.264E-02 3.682E-02 2.000E+05 0.000E+00 0.000E+00 6.529E+05
 4.11034109E+00   4313.4 4.110E+04 8.120E+11 2.617E-02 4.138E-02 2.000E+05 0.000E+00 0.000E+00 6.560E+05
 4.77439599E+00   4362.2 4.774E+04 9.596E+11 3.034E-02 4.664E-02 2.000E+05 0.000E+00 0.000E+00 6.602E+05
 5.53724131E+00   4419.6 5.537E+04 1.141E+12 3.526E-02 5.259E-02 2.000E+05 0.000E+00 0.000E+00 6.658E+05
 6.41113055E+00   4487.2 6.411E+04 1.367E+12 4.111E-02 5.948E-02 2.000E+05 0.000E+00 0.000E+00 6.728E+05
 7.40898385E+00   4567.1 7.409E+04 1.650E+12 4.808E-02 6.749E-02 2.000E+05 0.000E+00 0.000E+00 6.814E+05
 8.54548064E+00   4660.8 8.545E+04 2.010E+12 5.636E-02 7.668E-02 2.000E+05 0.000E+00 0.000E+00 6.917E+05
 9.83485898E+00   4770.9 9.835E+04 2.482E+12 6.648E-02 8.773E-02 2.000E+05 0.000E+00 0.000E+00 7.037E+05
 1.12835915E+01   4899.3 1.128E+05 3.137E+12 7.952E-02 1.020E-01 2.000E+05 0.000E+00 0.000E+00 7.174E+05
 1.28762702E+01   5049.1 1.288E+05 4.134E+12 9.810E-02 1.225E-01 2.000E+05 0.000E+00 0.000E+00 7.325E+05
 1.45539936E+01   5222.5 1.455E+05 5.829E+12 1.279E-01 1.568E-01 2.000E+05 0.000E+00 0.000E+00 7.489E+05
 1.62017978E+01   5431.5 1.620E+05 9.127E+12 1.813E-01 2.180E-01 2.000E+05 7.498E-05 8.900E+03 7.671E+05
 1.76840144E+01   5677.9 1.768E+05 1.587E+13 2.801E-01 3.272E-01 2.000E+05 9.030E-03 4.337E+04 7.864E+05
 1.89299124E+01   5950.8 1.893E+05 2.916E+13 4.528E-01 4.992E-01 2.000E+05 5.934E-02 8.075E+04 8.055E+05
 1.99529354E+01   6236.5 1.995E+05 5.350E+13 7.325E-01 7.199E-01 2.000E+05 1.516E-01 1.096E+05 8.230E+05
 2.08154951E+01   6506.0 2.082E+05 9.157E+13 1.128E+00 9.103E-01 2.000E+05 3.167E-01 1.405E+05 8.372E+05
 2.15867040E+01   6747.4 2.159E+05 1.439E+14 1.632E+00 1.013E+00 2.000E+05 4.765E-01 1.601E+05 8.480E+05
 2.23145708E+01   6967.4 2.231E+05 2.123E+14 2.257E+00 1.048E+00 2.000E+05 6.100E-01 1.726E+05 8.562E+05
 2.30289695E+01   7171.1 2.303E+05 2.987E+14 3.019E+00 1.050E+00 2.000E+05 7.069E-01 1.792E+05 8.625E+05
 2.37501866E+01   7362.9 2.375E+05 4.058E+14 3.943E+00 1.046E+00 2.000E+05 7.764E-01 1.825E+05 8.673E+05
 2.44931182E+01   7546.7 2.449E+05 5.376E+14 5.064E+00 1.039E+00 2.000E+05 8.270E-01 1.837E+05 8.712E+05
 2.52697448E+01   7724.7 2.527E+05 6.980E+14 6.422E+00 1.031E+00 2.000E+05 8.645E-01 1.835E+05 8.744E+05
 2.60903054E+01   7898.8 2.609E+05 8.924E+14 8.069E+00 1.018E+00 2.000E+05 8.932E-01 1.822E+05 8.771E+05
 2.69649604E+01   8069.7 2.696E+05 1.126E+15 1.006E+01 1.002E+00 2.000E+05 9.164E-01 1.808E+05 8.795E+05
 2.79026042E+01   8240.1 2.790E+05 1.408E+15 1.248E+01 9.769E-01 2.000E+05 9.331E-01 1.773E+05 8.820E+05
 2.89154759E+01   8405.3 2.891E+05 1.737E+15 1.534E+01 9.569E-01 2.000E+05 9.482E-01 1.762E+05 8.844E+05
 3.00106591E+01   8576.8 3.001E+05 2.143E+15 1.893E+01 9.268E-01 2.000E+05 9.580E-01 1.711E+05 8.871E+05
 3.12046606E+01   8735.8 3.120E+05 2.592E+15 2.296E+01 9.569E-01 2.000E+05 9.650E-01 1.687E+05 8.900E+05
PRADK 8.3360E-01
BEGIN                    ITERATION  15 COMPLETED
