TEFF   5750.  GRAVITY 4.00000 LTE 
TITLE  [-1.0a] N(He)/Ntot=0.0784 VTURB=2.0  L/H=1.25 ODFNEW                     
 OPACITY IFOP 1 1 1 1 1 1 1 1 1 1 1 1 1 0 1 0 0 0 0 0
 CONVECTION ON   1.25 TURBULENCE OFF  0.00  0.00  0.00  0.00
ABUNDANCE SCALE   0.10000 ABUNDANCE CHANGE 1 0.92130 2 0.07842
 ABUNDANCE CHANGE  3 -10.94  4 -10.64  5  -9.49  6  -3.52  7  -4.12  8  -2.81
 ABUNDANCE CHANGE  9  -7.48 10  -3.56 11  -5.71 12  -4.06 13  -5.57 14  -4.09
 ABUNDANCE CHANGE 15  -6.59 16  -4.31 17  -6.54 18  -5.24 19  -6.92 20  -5.28
 ABUNDANCE CHANGE 21  -8.87 22  -6.62 23  -8.04 24  -6.37 25  -6.65 26  -4.54
 ABUNDANCE CHANGE 27  -7.12 28  -5.79 29  -7.83 30  -7.44 31  -9.16 32  -8.63
 ABUNDANCE CHANGE 33  -9.67 34  -8.63 35  -9.41 36  -8.73 37  -9.44 38  -9.07
 ABUNDANCE CHANGE 39  -9.80 40  -9.44 41 -10.62 42 -10.12 43 -20.00 44 -10.20
 ABUNDANCE CHANGE 45 -10.92 46 -10.35 47 -11.10 48 -10.27 49 -10.38 50 -10.04
 ABUNDANCE CHANGE 51 -11.04 52  -9.80 53 -10.53 54  -9.87 55 -10.91 56  -9.91
 ABUNDANCE CHANGE 57 -10.87 58 -10.46 59 -11.33 60 -10.54 61 -20.00 62 -11.03
 ABUNDANCE CHANGE 63 -11.53 64 -10.92 65 -11.69 66 -10.90 67 -11.78 68 -11.11
 ABUNDANCE CHANGE 69 -12.04 70 -10.96 71 -11.98 72 -11.16 73 -12.17 74 -10.93
 ABUNDANCE CHANGE 75 -11.76 76 -10.59 77 -10.69 78 -10.24 79 -11.03 80 -10.91
 ABUNDANCE CHANGE 81 -11.14 82 -10.09 83 -11.33 84 -20.00 85 -20.00 86 -20.00
 ABUNDANCE CHANGE 87 -20.00 88 -20.00 89 -20.00 90 -11.95 91 -20.00 92 -12.54
 ABUNDANCE CHANGE 93 -20.00 94 -20.00 95 -20.00 96 -20.00 97 -20.00 98 -20.00
 ABUNDANCE CHANGE 99 -20.00
READ DECK6 72 RHOX,T,P,XNE,ABROSS,ACCRAD,VTURB, FLXCNV,VCONV,VELSND
 1.84842787E-03   3876.8 1.848E+01 7.613E+08 7.214E-05 1.016E-02 2.000E+05 0.000E+00 0.000E+00 6.961E+05
 2.42411652E-03   3890.7 2.424E+01 9.838E+08 8.237E-05 1.075E-02 2.000E+05 0.000E+00 0.000E+00 6.880E+05
 3.09705612E-03   3904.4 3.097E+01 1.242E+09 9.390E-05 1.118E-02 2.000E+05 0.000E+00 0.000E+00 6.826E+05
 3.88458350E-03   3919.2 3.885E+01 1.541E+09 1.070E-04 1.169E-02 2.000E+05 0.000E+00 0.000E+00 6.789E+05
 4.80624078E-03   3935.5 4.806E+01 1.890E+09 1.219E-04 1.212E-02 2.000E+05 0.000E+00 0.000E+00 6.766E+05
 5.88485310E-03   3953.1 5.885E+01 2.297E+09 1.389E-04 1.245E-02 2.000E+05 0.000E+00 0.000E+00 6.752E+05
 7.14653066E-03   3972.0 7.147E+01 2.771E+09 1.584E-04 1.267E-02 2.000E+05 0.000E+00 0.000E+00 6.745E+05
 8.62146962E-03   3992.0 8.621E+01 3.325E+09 1.807E-04 1.288E-02 2.000E+05 0.000E+00 0.000E+00 6.743E+05
 1.03448746E-02   4013.2 1.034E+02 3.971E+09 2.063E-04 1.307E-02 2.000E+05 0.000E+00 0.000E+00 6.746E+05
 1.23580015E-02   4035.7 1.236E+02 4.726E+09 2.355E-04 1.326E-02 2.000E+05 0.000E+00 0.000E+00 6.752E+05
 1.47082915E-02   4059.2 1.471E+02 5.608E+09 2.691E-04 1.335E-02 2.000E+05 0.000E+00 0.000E+00 6.761E+05
 1.74502369E-02   4083.5 1.745E+02 6.640E+09 3.077E-04 1.334E-02 2.000E+05 0.000E+00 0.000E+00 6.773E+05
 2.06472131E-02   4108.1 2.065E+02 7.845E+09 3.520E-04 1.325E-02 2.000E+05 0.000E+00 0.000E+00 6.786E+05
 2.43729162E-02   4132.9 2.437E+02 9.251E+09 4.029E-04 1.311E-02 2.000E+05 0.000E+00 0.000E+00 6.800E+05
 2.87132702E-02   4157.7 2.871E+02 1.089E+10 4.612E-04 1.293E-02 2.000E+05 0.000E+00 0.000E+00 6.815E+05
 3.37674972E-02   4182.2 3.377E+02 1.280E+10 5.283E-04 1.290E-02 2.000E+05 0.000E+00 0.000E+00 6.831E+05
 3.96500460E-02   4206.8 3.965E+02 1.503E+10 6.055E-04 1.300E-02 2.000E+05 0.000E+00 0.000E+00 6.847E+05
 4.64941765E-02   4231.5 4.649E+02 1.762E+10 6.940E-04 1.308E-02 2.000E+05 0.000E+00 0.000E+00 6.863E+05
 5.44562265E-02   4256.0 5.446E+02 2.064E+10 7.955E-04 1.316E-02 2.000E+05 0.000E+00 0.000E+00 6.880E+05
 6.37190167E-02   4280.2 6.372E+02 2.415E+10 9.119E-04 1.325E-02 2.000E+05 0.000E+00 0.000E+00 6.896E+05
 7.44963197E-02   4304.0 7.450E+02 2.824E+10 1.045E-03 1.337E-02 2.000E+05 0.000E+00 0.000E+00 6.913E+05
 8.70374357E-02   4327.6 8.704E+02 3.298E+10 1.198E-03 1.354E-02 2.000E+05 0.000E+00 0.000E+00 6.930E+05
 1.01633293E-01   4350.8 1.016E+03 3.849E+10 1.372E-03 1.375E-02 2.000E+05 0.000E+00 0.000E+00 6.946E+05
 1.18616319E-01   4373.7 1.186E+03 4.489E+10 1.573E-03 1.419E-02 2.000E+05 0.000E+00 0.000E+00 6.962E+05
 1.38367212E-01   4396.7 1.384E+03 5.232E+10 1.804E-03 1.477E-02 2.000E+05 0.000E+00 0.000E+00 6.978E+05
 1.61330746E-01   4420.1 1.613E+03 6.098E+10 2.069E-03 1.540E-02 2.000E+05 0.000E+00 0.000E+00 6.995E+05
 1.88028592E-01   4443.7 1.880E+03 7.106E+10 2.373E-03 1.607E-02 2.000E+05 0.000E+00 0.000E+00 7.012E+05
 2.19067382E-01   4467.6 2.191E+03 8.280E+10 2.722E-03 1.678E-02 2.000E+05 0.000E+00 0.000E+00 7.029E+05
 2.55157086E-01   4491.5 2.552E+03 9.645E+10 3.122E-03 1.756E-02 2.000E+05 0.000E+00 0.000E+00 7.046E+05
 2.97126820E-01   4515.5 2.971E+03 1.123E+11 3.579E-03 1.840E-02 2.000E+05 0.000E+00 0.000E+00 7.063E+05
 3.45945282E-01   4539.0 3.459E+03 1.307E+11 4.103E-03 1.943E-02 2.000E+05 0.000E+00 0.000E+00 7.079E+05
 4.02731556E-01   4562.4 4.027E+03 1.520E+11 4.704E-03 2.063E-02 2.000E+05 0.000E+00 0.000E+00 7.095E+05
 4.68797028E-01   4584.9 4.688E+03 1.766E+11 5.391E-03 2.208E-02 2.000E+05 0.000E+00 0.000E+00 7.111E+05
 5.45673563E-01   4607.3 5.457E+03 2.050E+11 6.178E-03 2.377E-02 2.000E+05 0.000E+00 0.000E+00 7.126E+05
 6.35166441E-01   4629.1 6.352E+03 2.378E+11 7.074E-03 2.566E-02 2.000E+05 0.000E+00 0.000E+00 7.140E+05
 7.39407855E-01   4650.8 7.394E+03 2.757E+11 8.097E-03 2.780E-02 2.000E+05 0.000E+00 0.000E+00 7.154E+05
 8.60904578E-01   4671.8 8.609E+03 3.193E+11 9.260E-03 3.025E-02 2.000E+05 0.000E+00 0.000E+00 7.167E+05
 1.00258324E+00   4692.8 1.003E+04 3.699E+11 1.059E-02 3.305E-02 2.000E+05 0.000E+00 0.000E+00 7.180E+05
 1.16775884E+00   4714.0 1.168E+04 4.284E+11 1.212E-02 3.643E-02 2.000E+05 0.000E+00 0.000E+00 7.193E+05
 1.36020896E+00   4736.2 1.360E+04 4.967E+11 1.387E-02 4.030E-02 2.000E+05 0.000E+00 0.000E+00 7.206E+05
 1.58428227E+00   4759.6 1.584E+04 5.765E+11 1.589E-02 4.474E-02 2.000E+05 0.000E+00 0.000E+00 7.220E+05
 1.84491405E+00   4785.0 1.845E+04 6.706E+11 1.823E-02 4.985E-02 2.000E+05 0.000E+00 0.000E+00 7.236E+05
 2.14745671E+00   4813.4 2.147E+04 7.827E+11 2.098E-02 5.590E-02 2.000E+05 0.000E+00 0.000E+00 7.253E+05
 2.49768665E+00   4845.5 2.498E+04 9.176E+11 2.420E-02 6.290E-02 2.000E+05 0.000E+00 0.000E+00 7.274E+05
 2.90188155E+00   4882.4 2.902E+04 1.082E+12 2.801E-02 7.107E-02 2.000E+05 0.000E+00 0.000E+00 7.299E+05
 3.36620400E+00   4925.5 3.366E+04 1.287E+12 3.261E-02 8.086E-02 2.000E+05 0.000E+00 0.000E+00 7.329E+05
 3.89587703E+00   4976.5 3.896E+04 1.548E+12 3.829E-02 9.285E-02 2.000E+05 0.000E+00 0.000E+00 7.366E+05
 4.49417364E+00   5037.0 4.494E+04 1.892E+12 4.548E-02 1.080E-01 2.000E+05 0.000E+00 0.000E+00 7.411E+05
 5.16044646E+00   5109.5 5.160E+04 2.362E+12 5.493E-02 1.278E-01 2.000E+05 0.000E+00 0.000E+00 7.466E+05
 5.88918241E+00   5195.4 5.889E+04 3.027E+12 6.762E-02 1.541E-01 2.000E+05 0.000E+00 0.000E+00 7.532E+05
 6.66929664E+00   5297.0 6.669E+04 4.013E+12 8.531E-02 1.903E-01 2.000E+05 0.000E+00 0.000E+00 7.609E+05
 7.48144561E+00   5417.5 7.481E+04 5.540E+12 1.111E-01 2.431E-01 2.000E+05 0.000E+00 0.000E+00 7.699E+05
 8.29670677E+00   5561.8 8.297E+04 8.046E+12 1.506E-01 3.246E-01 2.000E+05 0.000E+00 0.000E+00 7.802E+05
 9.08362215E+00   5732.7 9.084E+04 1.231E+13 2.122E-01 4.513E-01 2.000E+05 4.361E-09 5.170E+02 7.919E+05
 9.80902278E+00   5940.0 9.809E+04 2.008E+13 3.152E-01 6.644E-01 2.000E+05 6.329E-05 1.242E+04 8.050E+05
 1.04466468E+01   6184.9 1.045E+05 3.450E+13 4.881E-01 1.019E+00 2.000E+05 2.287E-03 4.056E+04 8.188E+05
 1.09818499E+01   6476.6 1.098E+05 6.250E+13 7.950E-01 1.632E+00 2.000E+05 1.741E-02 7.906E+04 8.327E+05
 1.14084280E+01   6818.5 1.141E+05 1.177E+14 1.353E+00 2.623E+00 2.000E+05 5.092E-02 1.111E+05 8.451E+05
 1.17476260E+01   7154.2 1.175E+05 2.070E+14 2.213E+00 3.683E+00 2.000E+05 1.984E-01 1.734E+05 8.533E+05
 1.20368302E+01   7441.2 1.204E+05 3.229E+14 3.316E+00 4.279E+00 2.000E+05 3.839E-01 2.135E+05 8.579E+05
 1.23029854E+01   7689.9 1.230E+05 4.630E+14 4.660E+00 4.388E+00 2.000E+05 5.492E-01 2.363E+05 8.606E+05
 1.25619909E+01   7908.9 1.256E+05 6.249E+14 6.246E+00 4.224E+00 2.000E+05 6.744E-01 2.479E+05 8.627E+05
 1.28238200E+01   8108.9 1.282E+05 8.113E+14 8.122E+00 3.990E+00 2.000E+05 7.625E-01 2.526E+05 8.647E+05
 1.30958462E+01   8293.5 1.309E+05 1.022E+15 1.031E+01 3.767E+00 2.000E+05 8.234E-01 2.536E+05 8.669E+05
 1.33837372E+01   8469.9 1.338E+05 1.264E+15 1.290E+01 3.569E+00 2.000E+05 8.664E-01 2.523E+05 8.695E+05
 1.36927600E+01   8638.0 1.369E+05 1.536E+15 1.593E+01 3.396E+00 2.000E+05 8.972E-01 2.500E+05 8.725E+05
 1.40277283E+01   8803.6 1.403E+05 1.851E+15 1.953E+01 3.225E+00 2.000E+05 9.201E-01 2.466E+05 8.760E+05
 1.43940559E+01   8964.0 1.439E+05 2.205E+15 2.370E+01 3.068E+00 2.000E+05 9.377E-01 2.436E+05 8.800E+05
 1.47964392E+01   9126.8 1.479E+05 2.619E+15 2.875E+01 2.909E+00 2.000E+05 9.508E-01 2.386E+05 8.847E+05
 1.52415489E+01   9282.8 1.524E+05 3.076E+15 3.448E+01 2.767E+00 2.000E+05 9.616E-01 2.360E+05 8.897E+05
 1.57347281E+01   9448.5 1.573E+05 3.629E+15 4.158E+01 2.629E+00 2.000E+05 9.692E-01 2.304E+05 8.956E+05
 1.62856532E+01   9601.7 1.628E+05 4.217E+15 4.922E+01 2.634E+00 2.000E+05 9.742E-01 2.270E+05 9.016E+05
PRADK 1.4602E+00
BEGIN                    ITERATION  15 COMPLETED
