TEFF   6500.  GRAVITY 1.50000 LTE 
TITLE  [-1.0a] N(He)/Ntot=0.0784 VTURB=2.0  L/H=1.25 ODFNEW                     
 OPACITY IFOP 1 1 1 1 1 1 1 1 1 1 1 1 1 0 1 0 0 0 0 0
 CONVECTION ON   1.25 TURBULENCE OFF  0.00  0.00  0.00  0.00
ABUNDANCE SCALE   0.10000 ABUNDANCE CHANGE 1 0.92130 2 0.07842
 ABUNDANCE CHANGE  3 -10.94  4 -10.64  5  -9.49  6  -3.52  7  -4.12  8  -2.81
 ABUNDANCE CHANGE  9  -7.48 10  -3.56 11  -5.71 12  -4.06 13  -5.57 14  -4.09
 ABUNDANCE CHANGE 15  -6.59 16  -4.31 17  -6.54 18  -5.24 19  -6.92 20  -5.28
 ABUNDANCE CHANGE 21  -8.87 22  -6.62 23  -8.04 24  -6.37 25  -6.65 26  -4.54
 ABUNDANCE CHANGE 27  -7.12 28  -5.79 29  -7.83 30  -7.44 31  -9.16 32  -8.63
 ABUNDANCE CHANGE 33  -9.67 34  -8.63 35  -9.41 36  -8.73 37  -9.44 38  -9.07
 ABUNDANCE CHANGE 39  -9.80 40  -9.44 41 -10.62 42 -10.12 43 -20.00 44 -10.20
 ABUNDANCE CHANGE 45 -10.92 46 -10.35 47 -11.10 48 -10.27 49 -10.38 50 -10.04
 ABUNDANCE CHANGE 51 -11.04 52  -9.80 53 -10.53 54  -9.87 55 -10.91 56  -9.91
 ABUNDANCE CHANGE 57 -10.87 58 -10.46 59 -11.33 60 -10.54 61 -20.00 62 -11.03
 ABUNDANCE CHANGE 63 -11.53 64 -10.92 65 -11.69 66 -10.90 67 -11.78 68 -11.11
 ABUNDANCE CHANGE 69 -12.04 70 -10.96 71 -11.98 72 -11.16 73 -12.17 74 -10.93
 ABUNDANCE CHANGE 75 -11.76 76 -10.59 77 -10.69 78 -10.24 79 -11.03 80 -10.91
 ABUNDANCE CHANGE 81 -11.14 82 -10.09 83 -11.33 84 -20.00 85 -20.00 86 -20.00
 ABUNDANCE CHANGE 87 -20.00 88 -20.00 89 -20.00 90 -11.95 91 -20.00 92 -12.54
 ABUNDANCE CHANGE 93 -20.00 94 -20.00 95 -20.00 96 -20.00 97 -20.00 98 -20.00
 ABUNDANCE CHANGE 99 -20.00
READ DECK6 72 RHOX,T,P,XNE,ABROSS,ACCRAD,VTURB, FLXCNV,VCONV,VELSND
 4.16756500E-04   4080.1 1.317E-02 1.514E+07 3.200E-04 2.023E-02 2.000E+05 0.000E+00 0.000E+00 1.000E+07
 5.62177073E-04   4086.4 1.777E-02 1.817E+07 2.917E-04 1.783E-02 2.000E+05 0.000E+00 0.000E+00 8.745E+06
 7.74198177E-04   4095.6 2.447E-02 2.235E+07 2.678E-04 1.597E-02 2.000E+05 0.000E+00 0.000E+00 7.560E+06
 1.07952714E-03   4109.9 3.412E-02 2.831E+07 2.503E-04 1.485E-02 2.000E+05 0.000E+00 0.000E+00 6.485E+06
 1.51153031E-03   4129.3 4.777E-02 3.677E+07 2.390E-04 1.453E-02 2.000E+05 0.000E+00 0.000E+00 5.544E+06
 2.11201403E-03   4150.4 6.675E-02 4.805E+07 2.302E-04 1.416E-02 2.000E+05 0.000E+00 0.000E+00 4.744E+06
 2.94013978E-03   4173.1 9.293E-02 6.305E+07 2.234E-04 1.385E-02 2.000E+05 0.000E+00 0.000E+00 4.068E+06
 4.07307888E-03   4197.3 1.287E-01 8.297E+07 2.186E-04 1.359E-02 2.000E+05 0.000E+00 0.000E+00 3.499E+06
 5.60975596E-03   4223.1 1.773E-01 1.095E+08 2.159E-04 1.337E-02 2.000E+05 0.000E+00 0.000E+00 3.021E+06
 7.67402736E-03   4250.9 2.426E-01 1.450E+08 2.154E-04 1.317E-02 2.000E+05 0.000E+00 0.000E+00 2.621E+06
 1.04169075E-02   4280.8 3.293E-01 1.927E+08 2.174E-04 1.298E-02 2.000E+05 0.000E+00 0.000E+00 2.288E+06
 1.40187335E-02   4312.8 4.431E-01 2.568E+08 2.220E-04 1.279E-02 2.000E+05 0.000E+00 0.000E+00 2.011E+06
 1.86953717E-02   4346.6 5.909E-01 3.423E+08 2.291E-04 1.257E-02 2.000E+05 0.000E+00 0.000E+00 1.782E+06
 2.47059214E-02   4381.8 7.809E-01 4.557E+08 2.388E-04 1.233E-02 2.000E+05 0.000E+00 0.000E+00 1.592E+06
 3.23625491E-02   4417.9 1.023E+00 6.046E+08 2.510E-04 1.208E-02 2.000E+05 0.000E+00 0.000E+00 1.435E+06
 4.20420496E-02   4454.3 1.329E+00 7.981E+08 2.656E-04 1.184E-02 2.000E+05 0.000E+00 0.000E+00 1.306E+06
 5.42038628E-02   4490.7 1.713E+00 1.047E+09 2.826E-04 1.161E-02 2.000E+05 0.000E+00 0.000E+00 1.199E+06
 6.94032430E-02   4527.0 2.194E+00 1.365E+09 3.023E-04 1.140E-02 2.000E+05 0.000E+00 0.000E+00 1.111E+06
 8.83036188E-02   4562.8 2.791E+00 1.767E+09 3.250E-04 1.123E-02 2.000E+05 0.000E+00 0.000E+00 1.039E+06
 1.11676490E-01   4598.5 3.530E+00 2.274E+09 3.515E-04 1.111E-02 2.000E+05 0.000E+00 0.000E+00 9.805E+05
 1.40400713E-01   4634.2 4.438E+00 2.912E+09 3.826E-04 1.104E-02 2.000E+05 0.000E+00 0.000E+00 9.325E+05
 1.75463413E-01   4670.1 5.547E+00 3.714E+09 4.195E-04 1.101E-02 2.000E+05 0.000E+00 0.000E+00 8.936E+05
 2.17960351E-01   4706.3 6.890E+00 4.717E+09 4.631E-04 1.101E-02 2.000E+05 0.000E+00 0.000E+00 8.622E+05
 2.69109095E-01   4742.8 8.507E+00 5.968E+09 5.148E-04 1.104E-02 2.000E+05 0.000E+00 0.000E+00 8.370E+05
 3.30268769E-01   4779.6 1.044E+01 7.520E+09 5.758E-04 1.110E-02 2.000E+05 0.000E+00 0.000E+00 8.169E+05
 4.02969231E-01   4816.5 1.274E+01 9.434E+09 6.477E-04 1.122E-02 2.000E+05 0.000E+00 0.000E+00 8.008E+05
 4.88928893E-01   4853.6 1.546E+01 1.179E+10 7.322E-04 1.138E-02 2.000E+05 0.000E+00 0.000E+00 7.881E+05
 5.90103789E-01   4890.8 1.865E+01 1.467E+10 8.312E-04 1.158E-02 2.000E+05 0.000E+00 0.000E+00 7.781E+05
 7.08735195E-01   4928.1 2.240E+01 1.817E+10 9.469E-04 1.182E-02 2.000E+05 0.000E+00 0.000E+00 7.702E+05
 8.47403455E-01   4965.3 2.679E+01 2.242E+10 1.082E-03 1.210E-02 2.000E+05 0.000E+00 0.000E+00 7.641E+05
 1.00912008E+00   5002.3 3.190E+01 2.755E+10 1.238E-03 1.244E-02 2.000E+05 0.000E+00 0.000E+00 7.593E+05
 1.19744774E+00   5038.8 3.785E+01 3.367E+10 1.418E-03 1.286E-02 2.000E+05 0.000E+00 0.000E+00 7.557E+05
 1.41657923E+00   5074.9 4.478E+01 4.098E+10 1.626E-03 1.334E-02 2.000E+05 0.000E+00 0.000E+00 7.531E+05
 1.67154745E+00   5110.2 5.284E+01 4.960E+10 1.862E-03 1.390E-02 2.000E+05 0.000E+00 0.000E+00 7.511E+05
 1.96845165E+00   5144.5 6.222E+01 5.973E+10 2.132E-03 1.455E-02 2.000E+05 0.000E+00 0.000E+00 7.499E+05
 2.31472042E+00   5177.5 7.317E+01 7.150E+10 2.435E-03 1.530E-02 2.000E+05 0.000E+00 0.000E+00 7.491E+05
 2.71919298E+00   5209.6 8.595E+01 8.520E+10 2.778E-03 1.618E-02 2.000E+05 0.000E+00 0.000E+00 7.487E+05
 3.19233831E+00   5240.5 1.009E+02 1.011E+11 3.165E-03 1.721E-02 2.000E+05 0.000E+00 0.000E+00 7.488E+05
 3.74618626E+00   5271.0 1.184E+02 1.196E+11 3.606E-03 1.846E-02 2.000E+05 0.000E+00 0.000E+00 7.491E+05
 4.39433963E+00   5301.3 1.389E+02 1.412E+11 4.110E-03 1.992E-02 2.000E+05 0.000E+00 0.000E+00 7.497E+05
 5.15187124E+00   5332.1 1.628E+02 1.668E+11 4.695E-03 2.167E-02 2.000E+05 0.000E+00 0.000E+00 7.505E+05
 6.03486528E+00   5364.1 1.907E+02 1.974E+11 5.380E-03 2.377E-02 2.000E+05 0.000E+00 0.000E+00 7.516E+05
 7.06007512E+00   5398.0 2.231E+02 2.345E+11 6.195E-03 2.635E-02 2.000E+05 0.000E+00 0.000E+00 7.528E+05
 8.24298882E+00   5435.4 2.605E+02 2.805E+11 7.188E-03 2.954E-02 2.000E+05 0.000E+00 0.000E+00 7.542E+05
 9.59664060E+00   5477.1 3.033E+02 3.384E+11 8.415E-03 3.354E-02 2.000E+05 0.000E+00 0.000E+00 7.557E+05
 1.11289241E+01   5525.2 3.517E+02 4.136E+11 9.978E-03 3.871E-02 2.000E+05 0.000E+00 0.000E+00 7.574E+05
 1.28391653E+01   5581.4 4.057E+02 5.136E+11 1.201E-02 4.549E-02 2.000E+05 0.000E+00 0.000E+00 7.592E+05
 1.47162473E+01   5647.8 4.649E+02 6.502E+11 1.473E-02 5.457E-02 2.000E+05 0.000E+00 0.000E+00 7.610E+05
 1.67353858E+01   5726.7 5.287E+02 8.421E+11 1.847E-02 6.708E-02 2.000E+05 0.000E+00 0.000E+00 7.627E+05
 1.88552180E+01   5821.2 5.955E+02 1.120E+12 2.378E-02 8.496E-02 2.000E+05 0.000E+00 0.000E+00 7.642E+05
 2.10172225E+01   5934.4 6.637E+02 1.536E+12 3.160E-02 1.114E-01 2.000E+05 0.000E+00 0.000E+00 7.653E+05
 2.31501528E+01   6070.1 7.309E+02 2.176E+12 4.349E-02 1.518E-01 2.000E+05 0.000E+00 0.000E+00 7.657E+05
 2.51734154E+01   6233.0 7.945E+02 3.201E+12 6.252E-02 2.172E-01 2.000E+05 5.240E-14 6.190E+01 7.654E+05
 2.70034601E+01   6428.9 8.519E+02 4.897E+12 9.465E-02 3.293E-01 2.000E+05 4.030E-12 2.509E+02 7.646E+05
 2.85659439E+01   6664.9 9.006E+02 7.817E+12 1.527E-01 5.358E-01 2.000E+05 2.265E-10 9.098E+02 7.642E+05
 2.98066075E+01   6950.0 9.390E+02 1.302E+13 2.667E-01 9.494E-01 2.000E+05 1.739E-08 3.634E+03 7.663E+05
 3.07124686E+01   7288.7 9.664E+02 2.241E+13 5.073E-01 1.841E+00 2.000E+05 2.291E-06 1.731E+04 7.740E+05
 3.13107223E+01   7698.0 9.837E+02 3.985E+13 1.075E+00 4.011E+00 2.000E+05 3.018E-04 8.282E+04 7.918E+05
 3.16623121E+01   8193.6 9.926E+02 7.209E+13 2.527E+00 9.117E+00 2.000E+05 3.187E-03 1.724E+05 8.262E+05
 3.18722100E+01   8669.4 9.967E+02 1.152E+14 5.250E+00 1.515E+01 2.000E+05 1.625E-01 6.381E+05 8.739E+05
 3.20282867E+01   9016.9 9.992E+02 1.524E+14 8.268E+00 1.541E+01 2.000E+05 4.489E-01 9.346E+05 9.187E+05
 3.21757556E+01   9254.6 1.002E+03 1.790E+14 1.080E+01 1.361E+01 2.000E+05 6.102E-01 1.051E+06 9.542E+05
 3.23305393E+01   9488.8 1.005E+03 2.047E+14 1.344E+01 1.239E+01 2.000E+05 7.156E-01 1.133E+06 9.924E+05
 3.25015639E+01   9699.2 1.008E+03 2.264E+14 1.576E+01 1.183E+01 2.000E+05 7.724E-01 1.192E+06 1.029E+06
 3.26974687E+01   9949.7 1.012E+03 2.490E+14 1.823E+01 1.256E+01 2.000E+05 8.018E-01 1.264E+06 1.073E+06
 3.29287576E+01  10230.2 1.016E+03 2.691E+14 2.004E+01 1.341E+01 2.000E+05 7.873E-01 1.270E+06 1.123E+06
 3.32163921E+01  10590.6 1.020E+03 2.860E+14 2.082E+01 2.506E+01 2.000E+05 7.207E-01 1.457E+06 1.185E+06
 3.36548057E+01  11786.5 1.019E+03 2.904E+14 1.526E+01 3.925E+01 2.000E+05 4.118E-02 6.236E+05 1.376E+06
 3.46478102E+01  13531.9 1.020E+03 2.607E+14 6.752E+00 2.280E+01 2.000E+05 1.515E-05 5.945E+04 1.609E+06
 3.74432967E+01  15122.7 1.061E+03 2.464E+14 3.807E+00 1.279E+01 2.000E+05 7.805E-07 2.087E+04 1.660E+06
 4.33374442E+01  16698.3 1.184E+03 2.539E+14 2.731E+00 9.129E+00 2.000E+05 1.837E-08 6.273E+03 1.832E+06
 5.34753882E+01  18253.7 1.421E+03 2.807E+14 2.202E+00 7.435E+00 2.000E+05 1.625E-09 2.894E+03 2.042E+06
PRADK 2.3892E+00
BEGIN                    ITERATION  15 COMPLETED
