TEFF   5500.  GRAVITY 1.50000 LTE 
TITLE  [-1.0a] N(He)/Ntot=0.0784 VTURB=2.0  L/H=1.25 ODFNEW                     
 OPACITY IFOP 1 1 1 1 1 1 1 1 1 1 1 1 1 0 1 0 0 0 0 0
 CONVECTION ON   1.25 TURBULENCE OFF  0.00  0.00  0.00  0.00
ABUNDANCE SCALE   0.10000 ABUNDANCE CHANGE 1 0.92130 2 0.07842
 ABUNDANCE CHANGE  3 -10.94  4 -10.64  5  -9.49  6  -3.52  7  -4.12  8  -2.81
 ABUNDANCE CHANGE  9  -7.48 10  -3.56 11  -5.71 12  -4.06 13  -5.57 14  -4.09
 ABUNDANCE CHANGE 15  -6.59 16  -4.31 17  -6.54 18  -5.24 19  -6.92 20  -5.28
 ABUNDANCE CHANGE 21  -8.87 22  -6.62 23  -8.04 24  -6.37 25  -6.65 26  -4.54
 ABUNDANCE CHANGE 27  -7.12 28  -5.79 29  -7.83 30  -7.44 31  -9.16 32  -8.63
 ABUNDANCE CHANGE 33  -9.67 34  -8.63 35  -9.41 36  -8.73 37  -9.44 38  -9.07
 ABUNDANCE CHANGE 39  -9.80 40  -9.44 41 -10.62 42 -10.12 43 -20.00 44 -10.20
 ABUNDANCE CHANGE 45 -10.92 46 -10.35 47 -11.10 48 -10.27 49 -10.38 50 -10.04
 ABUNDANCE CHANGE 51 -11.04 52  -9.80 53 -10.53 54  -9.87 55 -10.91 56  -9.91
 ABUNDANCE CHANGE 57 -10.87 58 -10.46 59 -11.33 60 -10.54 61 -20.00 62 -11.03
 ABUNDANCE CHANGE 63 -11.53 64 -10.92 65 -11.69 66 -10.90 67 -11.78 68 -11.11
 ABUNDANCE CHANGE 69 -12.04 70 -10.96 71 -11.98 72 -11.16 73 -12.17 74 -10.93
 ABUNDANCE CHANGE 75 -11.76 76 -10.59 77 -10.69 78 -10.24 79 -11.03 80 -10.91
 ABUNDANCE CHANGE 81 -11.14 82 -10.09 83 -11.33 84 -20.00 85 -20.00 86 -20.00
 ABUNDANCE CHANGE 87 -20.00 88 -20.00 89 -20.00 90 -11.95 91 -20.00 92 -12.54
 ABUNDANCE CHANGE 93 -20.00 94 -20.00 95 -20.00 96 -20.00 97 -20.00 98 -20.00
 ABUNDANCE CHANGE 99 -20.00
READ DECK6 72 RHOX,T,P,XNE,ABROSS,ACCRAD,VTURB, FLXCNV,VCONV,VELSND
 4.74867542E-03   3517.5 1.502E-01 7.243E+06 2.808E-05 1.847E-03 2.000E+05 0.000E+00 0.000E+00 2.337E+06
 6.32741911E-03   3532.4 2.001E-01 9.515E+06 2.826E-05 1.816E-03 2.000E+05 0.000E+00 0.000E+00 2.053E+06
 8.41834583E-03   3546.3 2.662E-01 1.248E+07 2.847E-05 1.778E-03 2.000E+05 0.000E+00 0.000E+00 1.811E+06
 1.11805356E-02   3563.0 3.535E-01 1.638E+07 2.880E-05 1.731E-03 2.000E+05 0.000E+00 0.000E+00 1.606E+06
 1.48154550E-02   3581.3 4.685E-01 2.150E+07 2.923E-05 1.681E-03 2.000E+05 0.000E+00 0.000E+00 1.433E+06
 1.95803544E-02   3601.7 6.191E-01 2.818E+07 2.980E-05 1.616E-03 2.000E+05 0.000E+00 0.000E+00 1.288E+06
 2.58001190E-02   3623.9 8.158E-01 3.687E+07 3.051E-05 1.538E-03 2.000E+05 0.000E+00 0.000E+00 1.168E+06
 3.38574808E-02   3647.8 1.071E+00 4.813E+07 3.158E-05 1.541E-03 2.000E+05 0.000E+00 0.000E+00 1.069E+06
 4.41927094E-02   3673.3 1.397E+00 6.257E+07 3.296E-05 1.594E-03 2.000E+05 0.000E+00 0.000E+00 9.884E+05
 5.73435944E-02   3700.4 1.813E+00 8.100E+07 3.466E-05 1.652E-03 2.000E+05 0.000E+00 0.000E+00 9.234E+05
 7.39609831E-02   3728.4 2.339E+00 1.044E+08 3.670E-05 1.717E-03 2.000E+05 0.000E+00 0.000E+00 8.712E+05
 9.48115929E-02   3757.0 2.998E+00 1.338E+08 3.914E-05 1.791E-03 2.000E+05 0.000E+00 0.000E+00 8.296E+05
 1.20780340E-01   3785.9 3.819E+00 1.706E+08 4.206E-05 1.902E-03 2.000E+05 0.000E+00 0.000E+00 7.967E+05
 1.52933930E-01   3816.4 4.836E+00 2.168E+08 4.537E-05 1.976E-03 2.000E+05 0.000E+00 0.000E+00 7.709E+05
 1.92651950E-01   3848.5 6.092E+00 2.749E+08 4.903E-05 1.962E-03 2.000E+05 0.000E+00 0.000E+00 7.508E+05
 2.41517439E-01   3880.4 7.637E+00 3.472E+08 5.330E-05 1.938E-03 2.000E+05 0.000E+00 0.000E+00 7.352E+05
 3.01274200E-01   3911.9 9.527E+00 4.368E+08 5.829E-05 1.908E-03 2.000E+05 0.000E+00 0.000E+00 7.231E+05
 3.73896900E-01   3943.3 1.182E+01 5.474E+08 6.416E-05 1.891E-03 2.000E+05 0.000E+00 0.000E+00 7.138E+05
 4.61604158E-01   3974.7 1.460E+01 6.833E+08 7.107E-05 1.871E-03 2.000E+05 0.000E+00 0.000E+00 7.069E+05
 5.66817854E-01   4005.9 1.792E+01 8.493E+08 7.926E-05 1.868E-03 2.000E+05 0.000E+00 0.000E+00 7.019E+05
 6.92238254E-01   4037.2 2.189E+01 1.052E+09 8.890E-05 1.866E-03 2.000E+05 0.000E+00 0.000E+00 6.983E+05
 8.40987196E-01   4068.5 2.659E+01 1.298E+09 1.002E-04 1.858E-03 2.000E+05 0.000E+00 0.000E+00 6.958E+05
 1.01665741E+00   4099.6 3.215E+01 1.596E+09 1.133E-04 1.849E-03 2.000E+05 0.000E+00 0.000E+00 6.943E+05
 1.22333313E+00   4130.2 3.868E+01 1.953E+09 1.287E-04 1.853E-03 2.000E+05 0.000E+00 0.000E+00 6.934E+05
 1.46566999E+00   4160.5 4.635E+01 2.383E+09 1.466E-04 1.854E-03 2.000E+05 0.000E+00 0.000E+00 6.932E+05
 1.74892222E+00   4190.1 5.530E+01 2.896E+09 1.675E-04 1.870E-03 2.000E+05 0.000E+00 0.000E+00 6.933E+05
 2.07914581E+00   4219.3 6.574E+01 3.505E+09 1.917E-04 1.894E-03 2.000E+05 0.000E+00 0.000E+00 6.938E+05
 2.46345714E+00   4248.1 7.790E+01 4.230E+09 2.198E-04 1.920E-03 2.000E+05 0.000E+00 0.000E+00 6.945E+05
 2.91025285E+00   4276.4 9.202E+01 5.088E+09 2.522E-04 1.949E-03 2.000E+05 0.000E+00 0.000E+00 6.955E+05
 3.42944100E+00   4304.0 1.084E+02 6.099E+09 2.895E-04 1.989E-03 2.000E+05 0.000E+00 0.000E+00 6.966E+05
 4.03261842E+00   4330.9 1.275E+02 7.287E+09 3.323E-04 2.043E-03 2.000E+05 0.000E+00 0.000E+00 6.978E+05
 4.73328851E+00   4357.3 1.497E+02 8.683E+09 3.815E-04 2.103E-03 2.000E+05 0.000E+00 0.000E+00 6.991E+05
 5.54731574E+00   4382.7 1.754E+02 1.031E+10 4.378E-04 2.183E-03 2.000E+05 0.000E+00 0.000E+00 7.004E+05
 6.49325327E+00   4407.5 2.053E+02 1.220E+10 5.024E-04 2.280E-03 2.000E+05 0.000E+00 0.000E+00 7.018E+05
 7.59265977E+00   4432.0 2.401E+02 1.442E+10 5.764E-04 2.393E-03 2.000E+05 0.000E+00 0.000E+00 7.032E+05
 8.87086133E+00   4456.1 2.805E+02 1.701E+10 6.610E-04 2.522E-03 2.000E+05 0.000E+00 0.000E+00 7.047E+05
 1.03574048E+01   4479.8 3.275E+02 2.003E+10 7.578E-04 2.674E-03 2.000E+05 0.000E+00 0.000E+00 7.062E+05
 1.20858339E+01   4503.6 3.822E+02 2.356E+10 8.694E-04 2.860E-03 2.000E+05 0.000E+00 0.000E+00 7.077E+05
 1.40942593E+01   4527.6 4.457E+02 2.771E+10 9.982E-04 3.075E-03 2.000E+05 0.000E+00 0.000E+00 7.093E+05
 1.64258557E+01   4552.2 5.194E+02 3.261E+10 1.147E-03 3.323E-03 2.000E+05 0.000E+00 0.000E+00 7.109E+05
 1.91288335E+01   4577.6 6.049E+02 3.842E+10 1.321E-03 3.616E-03 2.000E+05 0.000E+00 0.000E+00 7.127E+05
 2.22549962E+01   4604.4 7.037E+02 4.536E+10 1.525E-03 3.973E-03 2.000E+05 0.000E+00 0.000E+00 7.146E+05
 2.58567453E+01   4633.8 8.176E+02 5.382E+10 1.770E-03 4.399E-03 2.000E+05 0.000E+00 0.000E+00 7.166E+05
 2.99873508E+01   4666.0 9.482E+02 6.421E+10 2.063E-03 4.910E-03 2.000E+05 0.000E+00 0.000E+00 7.189E+05
 3.46939563E+01   4702.7 1.097E+03 7.733E+10 2.424E-03 5.548E-03 2.000E+05 0.000E+00 0.000E+00 7.215E+05
 4.00079133E+01   4744.9 1.265E+03 9.424E+10 2.878E-03 6.345E-03 2.000E+05 0.000E+00 0.000E+00 7.245E+05
 4.59427871E+01   4793.8 1.453E+03 1.165E+11 3.458E-03 7.358E-03 2.000E+05 0.000E+00 0.000E+00 7.280E+05
 5.24737172E+01   4851.6 1.659E+03 1.471E+11 4.228E-03 8.713E-03 2.000E+05 0.000E+00 0.000E+00 7.320E+05
 5.95272250E+01   4919.8 1.882E+03 1.902E+11 5.273E-03 1.053E-02 2.000E+05 0.000E+00 0.000E+00 7.368E+05
 6.69861654E+01   5000.4 2.118E+03 2.533E+11 6.728E-03 1.305E-02 2.000E+05 0.000E+00 0.000E+00 7.422E+05
 7.46646428E+01   5096.7 2.361E+03 3.500E+11 8.853E-03 1.673E-02 2.000E+05 0.000E+00 0.000E+00 7.484E+05
 8.23200296E+01   5211.2 2.603E+03 5.036E+11 1.204E-02 2.221E-02 2.000E+05 0.000E+00 0.000E+00 7.555E+05
 8.96967444E+01   5346.8 2.836E+03 7.572E+11 1.697E-02 3.064E-02 2.000E+05 0.000E+00 0.000E+00 7.632E+05
 9.65324311E+01   5507.7 3.052E+03 1.193E+12 2.494E-02 4.427E-02 2.000E+05 2.149E-11 2.517E+02 7.713E+05
 1.02606568E+02   5696.9 3.243E+03 1.968E+12 3.820E-02 6.688E-02 2.000E+05 1.733E-09 1.069E+03 7.792E+05
 1.07781357E+02   5918.0 3.406E+03 3.381E+12 6.110E-02 1.060E-01 2.000E+05 5.705E-08 3.366E+03 7.858E+05
 1.11991906E+02   6177.0 3.539E+03 6.051E+12 1.025E-01 1.773E-01 2.000E+05 1.647E-06 1.011E+04 7.899E+05
 1.15258677E+02   6475.8 3.642E+03 1.114E+13 1.805E-01 3.133E-01 2.000E+05 5.481E-05 3.154E+04 7.909E+05
 1.17638661E+02   6831.7 3.716E+03 2.141E+13 3.430E-01 6.028E-01 2.000E+05 9.656E-04 7.835E+04 7.897E+05
 1.19212089E+02   7260.1 3.764E+03 4.292E+13 7.213E-01 1.230E+00 2.000E+05 8.431E-03 1.489E+05 7.907E+05
 1.20210655E+02   7684.2 3.794E+03 7.871E+13 1.473E+00 2.000E+00 2.000E+05 2.058E-01 4.052E+05 7.987E+05
 1.20937045E+02   7989.7 3.816E+03 1.165E+14 2.429E+00 2.056E+00 2.000E+05 5.238E-01 5.470E+05 8.096E+05
 1.21583797E+02   8197.7 3.835E+03 1.493E+14 3.384E+00 1.734E+00 2.000E+05 6.956E-01 5.803E+05 8.196E+05
 1.22226786E+02   8367.8 3.854E+03 1.809E+14 4.405E+00 1.494E+00 2.000E+05 8.009E-01 5.986E+05 8.293E+05
 1.22898751E+02   8518.0 3.874E+03 2.125E+14 5.528E+00 1.311E+00 2.000E+05 8.620E-01 6.053E+05 8.390E+05
 1.23622533E+02   8655.7 3.896E+03 2.447E+14 6.768E+00 1.178E+00 2.000E+05 8.992E-01 6.080E+05 8.488E+05
 1.24416918E+02   8788.1 3.921E+03 2.788E+14 8.169E+00 1.076E+00 2.000E+05 9.239E-01 6.093E+05 8.592E+05
 1.25300048E+02   8917.0 3.948E+03 3.148E+14 9.748E+00 9.954E-01 2.000E+05 9.413E-01 6.114E+05 8.700E+05
 1.26289070E+02   9047.1 3.978E+03 3.540E+14 1.158E+01 9.233E-01 2.000E+05 9.536E-01 6.098E+05 8.819E+05
 1.27404740E+02   9175.0 4.012E+03 3.954E+14 1.363E+01 8.702E-01 2.000E+05 9.635E-01 6.148E+05 8.943E+05
 1.28665688E+02   9312.3 4.051E+03 4.426E+14 1.612E+01 8.217E-01 2.000E+05 9.703E-01 6.127E+05 9.086E+05
 1.30101003E+02   9443.8 4.095E+03 4.907E+14 1.873E+01 8.189E-01 2.000E+05 9.748E-01 6.166E+05 9.231E+05
PRADK 1.2211E+00
BEGIN                    ITERATION  15 COMPLETED
