TEFF   5750.  GRAVITY 1.50000 LTE 
TITLE  [-1.0a] N(He)/Ntot=0.0784 VTURB=2.0  L/H=1.25 ODFNEW                     
 OPACITY IFOP 1 1 1 1 1 1 1 1 1 1 1 1 1 0 1 0 0 0 0 0
 CONVECTION ON   1.25 TURBULENCE OFF  0.00  0.00  0.00  0.00
ABUNDANCE SCALE   0.10000 ABUNDANCE CHANGE 1 0.92130 2 0.07842
 ABUNDANCE CHANGE  3 -10.94  4 -10.64  5  -9.49  6  -3.52  7  -4.12  8  -2.81
 ABUNDANCE CHANGE  9  -7.48 10  -3.56 11  -5.71 12  -4.06 13  -5.57 14  -4.09
 ABUNDANCE CHANGE 15  -6.59 16  -4.31 17  -6.54 18  -5.24 19  -6.92 20  -5.28
 ABUNDANCE CHANGE 21  -8.87 22  -6.62 23  -8.04 24  -6.37 25  -6.65 26  -4.54
 ABUNDANCE CHANGE 27  -7.12 28  -5.79 29  -7.83 30  -7.44 31  -9.16 32  -8.63
 ABUNDANCE CHANGE 33  -9.67 34  -8.63 35  -9.41 36  -8.73 37  -9.44 38  -9.07
 ABUNDANCE CHANGE 39  -9.80 40  -9.44 41 -10.62 42 -10.12 43 -20.00 44 -10.20
 ABUNDANCE CHANGE 45 -10.92 46 -10.35 47 -11.10 48 -10.27 49 -10.38 50 -10.04
 ABUNDANCE CHANGE 51 -11.04 52  -9.80 53 -10.53 54  -9.87 55 -10.91 56  -9.91
 ABUNDANCE CHANGE 57 -10.87 58 -10.46 59 -11.33 60 -10.54 61 -20.00 62 -11.03
 ABUNDANCE CHANGE 63 -11.53 64 -10.92 65 -11.69 66 -10.90 67 -11.78 68 -11.11
 ABUNDANCE CHANGE 69 -12.04 70 -10.96 71 -11.98 72 -11.16 73 -12.17 74 -10.93
 ABUNDANCE CHANGE 75 -11.76 76 -10.59 77 -10.69 78 -10.24 79 -11.03 80 -10.91
 ABUNDANCE CHANGE 81 -11.14 82 -10.09 83 -11.33 84 -20.00 85 -20.00 86 -20.00
 ABUNDANCE CHANGE 87 -20.00 88 -20.00 89 -20.00 90 -11.95 91 -20.00 92 -12.54
 ABUNDANCE CHANGE 93 -20.00 94 -20.00 95 -20.00 96 -20.00 97 -20.00 98 -20.00
 ABUNDANCE CHANGE 99 -20.00
READ DECK6 72 RHOX,T,P,XNE,ABROSS,ACCRAD,VTURB, FLXCNV,VCONV,VELSND
 3.55902302E-03   3669.1 1.125E-01 7.980E+06 3.747E-05 2.710E-03 2.000E+05 0.000E+00 0.000E+00 2.961E+06
 4.74346747E-03   3687.9 1.500E-01 1.040E+07 3.763E-05 2.788E-03 2.000E+05 0.000E+00 0.000E+00 2.592E+06
 6.31584951E-03   3706.3 1.997E-01 1.351E+07 3.781E-05 2.850E-03 2.000E+05 0.000E+00 0.000E+00 2.275E+06
 8.39201641E-03   3728.1 2.654E-01 1.771E+07 3.838E-05 2.926E-03 2.000E+05 0.000E+00 0.000E+00 2.005E+06
 1.11087272E-02   3752.1 3.513E-01 2.330E+07 3.927E-05 3.016E-03 2.000E+05 0.000E+00 0.000E+00 1.777E+06
 1.46360882E-02   3777.9 4.628E-01 3.067E+07 4.047E-05 3.129E-03 2.000E+05 0.000E+00 0.000E+00 1.586E+06
 1.91868593E-02   3804.8 6.067E-01 4.033E+07 4.193E-05 3.237E-03 2.000E+05 0.000E+00 0.000E+00 1.425E+06
 2.50410470E-02   3832.4 7.918E-01 5.293E+07 4.348E-05 3.186E-03 2.000E+05 0.000E+00 0.000E+00 1.291E+06
 3.25543545E-02   3860.4 1.029E+00 6.928E+07 4.527E-05 3.128E-03 2.000E+05 0.000E+00 0.000E+00 1.179E+06
 4.21541592E-02   3888.8 1.333E+00 9.044E+07 4.736E-05 3.085E-03 2.000E+05 0.000E+00 0.000E+00 1.086E+06
 5.43608214E-02   3917.3 1.719E+00 1.177E+08 4.978E-05 3.031E-03 2.000E+05 0.000E+00 0.000E+00 1.009E+06
 6.98125317E-02   3945.8 2.207E+00 1.525E+08 5.255E-05 2.971E-03 2.000E+05 0.000E+00 0.000E+00 9.460E+05
 8.92806592E-02   3974.1 2.823E+00 1.968E+08 5.576E-05 2.910E-03 2.000E+05 0.000E+00 0.000E+00 8.948E+05
 1.13669968E-01   4002.2 3.594E+00 2.528E+08 5.955E-05 2.884E-03 2.000E+05 0.000E+00 0.000E+00 8.533E+05
 1.44004213E-01   4030.8 4.553E+00 3.238E+08 6.409E-05 2.877E-03 2.000E+05 0.000E+00 0.000E+00 8.202E+05
 1.81430458E-01   4060.2 5.737E+00 4.138E+08 6.954E-05 2.865E-03 2.000E+05 0.000E+00 0.000E+00 7.939E+05
 2.27236254E-01   4090.2 7.185E+00 5.272E+08 7.606E-05 2.848E-03 2.000E+05 0.000E+00 0.000E+00 7.733E+05
 2.82866437E-01   4120.7 8.944E+00 6.695E+08 8.382E-05 2.824E-03 2.000E+05 0.000E+00 0.000E+00 7.573E+05
 3.49927616E-01   4151.5 1.106E+01 8.467E+08 9.304E-05 2.803E-03 2.000E+05 0.000E+00 0.000E+00 7.449E+05
 4.30202888E-01   4182.5 1.360E+01 1.066E+09 1.040E-04 2.797E-03 2.000E+05 0.000E+00 0.000E+00 7.354E+05
 5.25611278E-01   4213.8 1.662E+01 1.337E+09 1.171E-04 2.800E-03 2.000E+05 0.000E+00 0.000E+00 7.283E+05
 6.38352412E-01   4245.1 2.018E+01 1.670E+09 1.324E-04 2.800E-03 2.000E+05 0.000E+00 0.000E+00 7.229E+05
 7.70978162E-01   4276.3 2.438E+01 2.076E+09 1.504E-04 2.800E-03 2.000E+05 0.000E+00 0.000E+00 7.190E+05
 9.26481938E-01   4307.1 2.930E+01 2.567E+09 1.713E-04 2.800E-03 2.000E+05 0.000E+00 0.000E+00 7.163E+05
 1.10830491E+00   4337.6 3.504E+01 3.159E+09 1.956E-04 2.813E-03 2.000E+05 0.000E+00 0.000E+00 7.144E+05
 1.32038674E+00   4367.8 4.175E+01 3.871E+09 2.238E-04 2.834E-03 2.000E+05 0.000E+00 0.000E+00 7.132E+05
 1.56719513E+00   4397.5 4.956E+01 4.721E+09 2.568E-04 2.876E-03 2.000E+05 0.000E+00 0.000E+00 7.126E+05
 1.85390168E+00   4427.1 5.862E+01 5.740E+09 2.950E-04 2.923E-03 2.000E+05 0.000E+00 0.000E+00 7.124E+05
 2.18654620E+00   4456.4 6.914E+01 6.952E+09 3.391E-04 2.978E-03 2.000E+05 0.000E+00 0.000E+00 7.126E+05
 2.57232132E+00   4485.2 8.134E+01 8.390E+09 3.900E-04 3.042E-03 2.000E+05 0.000E+00 0.000E+00 7.131E+05
 3.01971910E+00   4513.5 9.548E+01 1.009E+10 4.483E-04 3.117E-03 2.000E+05 0.000E+00 0.000E+00 7.138E+05
 3.53880561E+00   4541.1 1.119E+02 1.208E+10 5.152E-04 3.215E-03 2.000E+05 0.000E+00 0.000E+00 7.146E+05
 4.14138285E+00   4568.2 1.310E+02 1.442E+10 5.916E-04 3.331E-03 2.000E+05 0.000E+00 0.000E+00 7.156E+05
 4.84128925E+00   4594.5 1.531E+02 1.714E+10 6.790E-04 3.476E-03 2.000E+05 0.000E+00 0.000E+00 7.167E+05
 5.65468822E+00   4620.4 1.788E+02 2.033E+10 7.790E-04 3.647E-03 2.000E+05 0.000E+00 0.000E+00 7.179E+05
 6.60052097E+00   4645.8 2.087E+02 2.404E+10 8.930E-04 3.844E-03 2.000E+05 0.000E+00 0.000E+00 7.192E+05
 7.70113102E+00   4670.8 2.435E+02 2.837E+10 1.023E-03 4.073E-03 2.000E+05 0.000E+00 0.000E+00 7.205E+05
 8.98242299E+00   4695.6 2.840E+02 3.343E+10 1.172E-03 4.341E-03 2.000E+05 0.000E+00 0.000E+00 7.219E+05
 1.04743048E+01   4720.2 3.312E+02 3.933E+10 1.342E-03 4.658E-03 2.000E+05 0.000E+00 0.000E+00 7.234E+05
 1.22097912E+01   4745.3 3.861E+02 4.631E+10 1.540E-03 5.043E-03 2.000E+05 0.000E+00 0.000E+00 7.249E+05
 1.42249615E+01   4771.3 4.498E+02 5.459E+10 1.770E-03 5.496E-03 2.000E+05 0.000E+00 0.000E+00 7.265E+05
 1.65586104E+01   4798.8 5.236E+02 6.458E+10 2.043E-03 6.042E-03 2.000E+05 0.000E+00 0.000E+00 7.283E+05
 1.92492613E+01   4828.5 6.086E+02 7.676E+10 2.368E-03 6.706E-03 2.000E+05 0.000E+00 0.000E+00 7.302E+05
 2.23338985E+01   4861.4 7.062E+02 9.190E+10 2.764E-03 7.518E-03 2.000E+05 0.000E+00 0.000E+00 7.324E+05
 2.58433415E+01   4898.6 8.171E+02 1.111E+11 3.254E-03 8.527E-03 2.000E+05 0.000E+00 0.000E+00 7.349E+05
 2.97981591E+01   4941.3 9.421E+02 1.361E+11 3.872E-03 9.801E-03 2.000E+05 0.000E+00 0.000E+00 7.377E+05
 3.42000979E+01   4991.3 1.081E+03 1.695E+11 4.673E-03 1.146E-02 2.000E+05 0.000E+00 0.000E+00 7.409E+05
 3.90210406E+01   5050.5 1.234E+03 2.155E+11 5.742E-03 1.369E-02 2.000E+05 0.000E+00 0.000E+00 7.447E+05
 4.41989811E+01   5120.9 1.397E+03 2.811E+11 7.205E-03 1.673E-02 2.000E+05 0.000E+00 0.000E+00 7.490E+05
 4.96352758E+01   5205.0 1.569E+03 3.777E+11 9.266E-03 2.100E-02 2.000E+05 0.000E+00 0.000E+00 7.540E+05
 5.51964671E+01   5305.1 1.745E+03 5.248E+11 1.225E-02 2.714E-02 2.000E+05 0.000E+00 0.000E+00 7.595E+05
 6.07152051E+01   5424.7 1.919E+03 7.578E+11 1.674E-02 3.636E-02 2.000E+05 0.000E+00 0.000E+00 7.655E+05
 6.60013757E+01   5567.1 2.086E+03 1.140E+12 2.375E-02 5.069E-02 2.000E+05 0.000E+00 0.000E+00 7.717E+05
 7.08788000E+01   5735.5 2.240E+03 1.787E+12 3.499E-02 7.361E-02 2.000E+05 1.179E-11 2.418E+02 7.775E+05
 7.51971457E+01   5934.2 2.376E+03 2.922E+12 5.388E-02 1.123E-01 2.000E+05 6.863E-10 9.157E+02 7.822E+05
 7.88567621E+01   6166.6 2.491E+03 4.960E+12 8.669E-02 1.798E-01 2.000E+05 2.419E-08 2.924E+03 7.847E+05
 8.18001579E+01   6442.0 2.584E+03 8.783E+12 1.480E-01 3.075E-01 2.000E+05 8.927E-07 9.406E+03 7.848E+05
 8.40382864E+01   6759.6 2.654E+03 1.595E+13 2.667E-01 5.602E-01 2.000E+05 4.464E-05 3.308E+04 7.835E+05
 8.56051336E+01   7148.4 2.702E+03 3.057E+13 5.341E-01 1.144E+00 2.000E+05 7.690E-04 8.003E+04 7.842E+05
 8.65776058E+01   7612.5 2.731E+03 6.038E+13 1.193E+00 2.413E+00 2.000E+05 1.801E-02 2.082E+05 7.932E+05
 8.71843673E+01   8027.2 2.748E+03 1.027E+14 2.386E+00 3.542E+00 2.000E+05 2.919E-01 5.087E+05 8.102E+05
 8.76461842E+01   8305.1 2.761E+03 1.415E+14 3.721E+00 3.307E+00 2.000E+05 5.720E-01 6.316E+05 8.264E+05
 8.80759095E+01   8499.6 2.774E+03 1.741E+14 5.017E+00 2.751E+00 2.000E+05 7.223E-01 6.658E+05 8.400E+05
 8.85138319E+01   8665.2 2.786E+03 2.056E+14 6.410E+00 2.376E+00 2.000E+05 8.171E-01 6.905E+05 8.532E+05
 8.89795926E+01   8814.1 2.800E+03 2.368E+14 7.910E+00 2.081E+00 2.000E+05 8.710E-01 7.002E+05 8.663E+05
 8.94890785E+01   8953.0 2.815E+03 2.684E+14 9.548E+00 1.875E+00 2.000E+05 9.047E-01 7.081E+05 8.796E+05
 9.00553125E+01   9089.7 2.832E+03 3.017E+14 1.140E+01 1.721E+00 2.000E+05 9.269E-01 7.138E+05 8.937E+05
 9.06916601E+01   9224.0 2.851E+03 3.364E+14 1.346E+01 1.602E+00 2.000E+05 9.426E-01 7.203E+05 9.086E+05
 9.14120315E+01   9362.8 2.873E+03 3.741E+14 1.582E+01 1.506E+00 2.000E+05 9.538E-01 7.242E+05 9.250E+05
 9.22341843E+01   9502.2 2.898E+03 4.135E+14 1.839E+01 1.434E+00 2.000E+05 9.626E-01 7.335E+05 9.425E+05
 9.31763069E+01   9654.8 2.926E+03 4.579E+14 2.142E+01 1.377E+00 2.000E+05 9.688E-01 7.379E+05 9.629E+05
 9.42618528E+01   9807.1 2.959E+03 5.033E+14 2.465E+01 1.396E+00 2.000E+05 9.727E-01 7.477E+05 9.843E+05
PRADK 1.4602E+00
BEGIN                    ITERATION  15 COMPLETED
