TEFF   4000.  GRAVITY 1.00000 LTE 
TITLE  [-1.0a] N(He)/Ntot=0.0784 VTURB=2.0  L/H=1.25 ODFNEW                     
 OPACITY IFOP 1 1 1 1 1 1 1 1 1 1 1 1 1 0 1 0 0 0 0 0
 CONVECTION ON   1.25 TURBULENCE OFF  0.00  0.00  0.00  0.00
ABUNDANCE SCALE   0.10000 ABUNDANCE CHANGE 1 0.92130 2 0.07842
 ABUNDANCE CHANGE  3 -10.94  4 -10.64  5  -9.49  6  -3.52  7  -4.12  8  -2.81
 ABUNDANCE CHANGE  9  -7.48 10  -3.56 11  -5.71 12  -4.06 13  -5.57 14  -4.09
 ABUNDANCE CHANGE 15  -6.59 16  -4.31 17  -6.54 18  -5.24 19  -6.92 20  -5.28
 ABUNDANCE CHANGE 21  -8.87 22  -6.62 23  -8.04 24  -6.37 25  -6.65 26  -4.54
 ABUNDANCE CHANGE 27  -7.12 28  -5.79 29  -7.83 30  -7.44 31  -9.16 32  -8.63
 ABUNDANCE CHANGE 33  -9.67 34  -8.63 35  -9.41 36  -8.73 37  -9.44 38  -9.07
 ABUNDANCE CHANGE 39  -9.80 40  -9.44 41 -10.62 42 -10.12 43 -20.00 44 -10.20
 ABUNDANCE CHANGE 45 -10.92 46 -10.35 47 -11.10 48 -10.27 49 -10.38 50 -10.04
 ABUNDANCE CHANGE 51 -11.04 52  -9.80 53 -10.53 54  -9.87 55 -10.91 56  -9.91
 ABUNDANCE CHANGE 57 -10.87 58 -10.46 59 -11.33 60 -10.54 61 -20.00 62 -11.03
 ABUNDANCE CHANGE 63 -11.53 64 -10.92 65 -11.69 66 -10.90 67 -11.78 68 -11.11
 ABUNDANCE CHANGE 69 -12.04 70 -10.96 71 -11.98 72 -11.16 73 -12.17 74 -10.93
 ABUNDANCE CHANGE 75 -11.76 76 -10.59 77 -10.69 78 -10.24 79 -11.03 80 -10.91
 ABUNDANCE CHANGE 81 -11.14 82 -10.09 83 -11.33 84 -20.00 85 -20.00 86 -20.00
 ABUNDANCE CHANGE 87 -20.00 88 -20.00 89 -20.00 90 -11.95 91 -20.00 92 -12.54
 ABUNDANCE CHANGE 93 -20.00 94 -20.00 95 -20.00 96 -20.00 97 -20.00 98 -20.00
 ABUNDANCE CHANGE 99 -20.00
READ DECK6 72 RHOX,T,P,XNE,ABROSS,ACCRAD,VTURB, FLXCNV,VCONV,VELSND
 1.11355313E-02   2248.4 1.113E-01 4.103E+05 1.198E-05 9.839E-04 2.000E+05 0.000E+00 0.000E+00 9.975E+05
 1.47173387E-02   2267.4 1.472E-01 5.428E+05 1.286E-05 9.546E-04 2.000E+05 0.000E+00 0.000E+00 8.940E+05
 1.92087690E-02   2287.1 1.921E-01 7.117E+05 1.355E-05 9.236E-04 2.000E+05 0.000E+00 0.000E+00 8.134E+05
 2.48666192E-02   2306.7 2.486E-01 9.262E+05 1.441E-05 8.847E-04 2.000E+05 0.000E+00 0.000E+00 7.483E+05
 3.20017159E-02   2326.2 3.200E-01 1.199E+06 1.516E-05 8.417E-04 2.000E+05 0.000E+00 0.000E+00 6.955E+05
 4.09773653E-02   2345.2 4.097E-01 1.544E+06 1.618E-05 7.949E-04 2.000E+05 0.000E+00 0.000E+00 6.522E+05
 5.22509487E-02   2365.3 5.225E-01 1.985E+06 1.703E-05 7.472E-04 2.000E+05 0.000E+00 0.000E+00 6.182E+05
 6.66415624E-02   2386.6 6.664E-01 2.563E+06 1.769E-05 6.995E-04 2.000E+05 0.000E+00 0.000E+00 5.912E+05
 8.51463438E-02   2409.5 8.514E-01 3.328E+06 1.835E-05 6.498E-04 2.000E+05 0.000E+00 0.000E+00 5.700E+05
 1.08818747E-01   2432.5 1.088E+00 4.325E+06 1.922E-05 6.000E-04 2.000E+05 0.000E+00 0.000E+00 5.529E+05
 1.38831171E-01   2455.6 1.388E+00 5.612E+06 2.029E-05 5.539E-04 2.000E+05 0.000E+00 0.000E+00 5.394E+05
 1.76850305E-01   2479.1 1.768E+00 7.284E+06 2.127E-05 5.126E-04 2.000E+05 0.000E+00 0.000E+00 5.292E+05
 2.25347691E-01   2503.2 2.253E+00 9.470E+06 2.219E-05 4.759E-04 2.000E+05 0.000E+00 0.000E+00 5.214E+05
 2.87303152E-01   2528.9 2.873E+00 1.238E+07 2.321E-05 4.402E-04 2.000E+05 0.000E+00 0.000E+00 5.161E+05
 3.65917013E-01   2554.7 3.659E+00 1.618E+07 2.451E-05 4.076E-04 2.000E+05 0.000E+00 0.000E+00 5.124E+05
 4.64837906E-01   2580.4 4.648E+00 2.109E+07 2.603E-05 3.796E-04 2.000E+05 0.000E+00 0.000E+00 5.098E+05
 5.89006836E-01   2605.9 5.890E+00 2.739E+07 2.764E-05 3.553E-04 2.000E+05 0.000E+00 0.000E+00 5.081E+05
 7.44996895E-01   2631.5 7.450E+00 3.552E+07 2.936E-05 3.344E-04 2.000E+05 0.000E+00 0.000E+00 5.072E+05
 9.40268264E-01   2659.2 9.402E+00 4.632E+07 3.138E-05 3.155E-04 2.000E+05 0.000E+00 0.000E+00 5.077E+05
 1.18284143E+00   2686.4 1.183E+01 6.008E+07 3.382E-05 2.997E-04 2.000E+05 0.000E+00 0.000E+00 5.083E+05
 1.48222453E+00   2713.3 1.482E+01 7.759E+07 3.659E-05 2.862E-04 2.000E+05 0.000E+00 0.000E+00 5.094E+05
 1.85123952E+00   2740.4 1.851E+01 9.989E+07 3.958E-05 2.740E-04 2.000E+05 0.000E+00 0.000E+00 5.107E+05
 2.30550400E+00   2769.3 2.305E+01 1.291E+08 4.294E-05 2.634E-04 2.000E+05 0.000E+00 0.000E+00 5.128E+05
 2.86385619E+00   2799.5 2.864E+01 1.672E+08 4.659E-05 2.543E-04 2.000E+05 0.000E+00 0.000E+00 5.154E+05
 3.54920935E+00   2830.2 3.549E+01 2.162E+08 5.069E-05 2.468E-04 2.000E+05 0.000E+00 0.000E+00 5.184E+05
 4.38746961E+00   2862.2 4.387E+01 2.800E+08 5.538E-05 2.406E-04 2.000E+05 0.000E+00 0.000E+00 5.215E+05
 5.40887890E+00   2896.5 5.409E+01 3.646E+08 6.075E-05 2.356E-04 2.000E+05 0.000E+00 0.000E+00 5.254E+05
 6.64430164E+00   2933.0 6.644E+01 4.762E+08 6.728E-05 2.336E-04 2.000E+05 0.000E+00 0.000E+00 5.299E+05
 8.13331862E+00   2969.5 8.133E+01 6.192E+08 7.425E-05 2.320E-04 2.000E+05 0.000E+00 0.000E+00 5.344E+05
 9.93523627E+00   3006.8 9.935E+01 8.038E+08 8.185E-05 2.313E-04 2.000E+05 0.000E+00 0.000E+00 5.391E+05
 1.20748082E+01   3044.6 1.207E+02 1.039E+09 9.358E-05 2.364E-04 2.000E+05 0.000E+00 0.000E+00 5.438E+05
 1.45603981E+01   3080.8 1.456E+02 1.325E+09 1.077E-04 2.439E-04 2.000E+05 0.000E+00 0.000E+00 5.482E+05
 1.74459506E+01   3115.1 1.745E+02 1.667E+09 1.234E-04 2.524E-04 2.000E+05 0.000E+00 0.000E+00 5.522E+05
 2.08089840E+01   3147.7 2.081E+02 2.075E+09 1.411E-04 2.623E-04 2.000E+05 0.000E+00 0.000E+00 5.557E+05
 2.47145938E+01   3178.5 2.471E+02 2.554E+09 1.627E-04 2.755E-04 2.000E+05 0.000E+00 0.000E+00 5.589E+05
 2.92246214E+01   3207.3 2.922E+02 3.111E+09 1.880E-04 2.923E-04 2.000E+05 0.000E+00 0.000E+00 5.616E+05
 3.44292984E+01   3234.4 3.443E+02 3.752E+09 2.173E-04 3.126E-04 2.000E+05 0.000E+00 0.000E+00 5.639E+05
 4.04330396E+01   3260.3 4.043E+02 4.496E+09 2.513E-04 3.366E-04 2.000E+05 0.000E+00 0.000E+00 5.659E+05
 4.73671883E+01   3285.9 4.737E+02 5.365E+09 2.895E-04 3.641E-04 2.000E+05 0.000E+00 0.000E+00 5.679E+05
 5.54012506E+01   3311.9 5.540E+02 6.396E+09 3.331E-04 3.956E-04 2.000E+05 0.000E+00 0.000E+00 5.700E+05
 6.46624072E+01   3338.4 6.466E+02 7.615E+09 3.872E-04 4.346E-04 2.000E+05 0.000E+00 0.000E+00 5.721E+05
 7.52984550E+01   3366.5 7.530E+02 9.080E+09 4.491E-04 4.802E-04 2.000E+05 0.000E+00 0.000E+00 5.747E+05
 8.75262588E+01   3397.4 8.752E+02 1.087E+10 5.212E-04 5.341E-04 2.000E+05 0.000E+00 0.000E+00 5.778E+05
 1.01560574E+02   3431.5 1.016E+03 1.309E+10 6.067E-04 5.990E-04 2.000E+05 0.000E+00 0.000E+00 5.816E+05
 1.17543768E+02   3472.1 1.175E+03 1.594E+10 7.131E-04 6.736E-04 2.000E+05 0.000E+00 0.000E+00 5.867E+05
 1.35958138E+02   3511.3 1.360E+03 1.927E+10 8.145E-04 7.239E-04 2.000E+05 0.000E+00 0.000E+00 5.914E+05
 1.57322056E+02   3555.3 1.573E+03 2.348E+10 9.437E-04 7.972E-04 2.000E+05 0.000E+00 0.000E+00 5.969E+05
 1.81728627E+02   3606.1 1.817E+03 2.885E+10 1.111E-03 8.921E-04 2.000E+05 0.000E+00 0.000E+00 6.035E+05
 2.08651494E+02   3671.9 2.086E+03 3.609E+10 1.380E-03 1.045E-03 2.000E+05 0.000E+00 0.000E+00 6.128E+05
 2.37226990E+02   3743.7 2.372E+03 4.481E+10 1.746E-03 1.260E-03 2.000E+05 0.000E+00 0.000E+00 6.226E+05
 2.67244593E+02   3832.7 2.672E+03 5.598E+10 2.206E-03 1.520E-03 2.000E+05 0.000E+00 0.000E+00 6.346E+05
 2.99724130E+02   3932.2 2.997E+03 6.942E+10 2.664E-03 1.711E-03 2.000E+05 0.000E+00 0.000E+00 6.469E+05
 3.35851896E+02   4042.9 3.358E+03 8.548E+10 3.174E-03 1.917E-03 2.000E+05 0.000E+00 0.000E+00 6.595E+05
 3.76559237E+02   4167.5 3.765E+03 1.046E+11 3.732E-03 2.131E-03 2.000E+05 0.000E+00 0.000E+00 6.725E+05
 4.23112978E+02   4307.7 4.231E+03 1.277E+11 4.326E-03 2.346E-03 2.000E+05 0.000E+00 0.000E+00 6.862E+05
 4.76491022E+02   4465.9 4.764E+03 1.587E+11 5.063E-03 2.627E-03 2.000E+05 0.000E+00 0.000E+00 7.006E+05
 5.35703631E+02   4645.1 5.356E+03 2.123E+11 6.317E-03 3.155E-03 2.000E+05 2.660E-09 6.501E+02 7.156E+05
 5.95293570E+02   4846.6 5.952E+03 3.273E+11 8.951E-03 4.341E-03 2.000E+05 3.252E-07 3.162E+03 7.313E+05
 6.47517962E+02   5076.9 6.474E+03 5.906E+11 1.455E-02 6.920E-03 2.000E+05 1.437E-05 1.102E+04 7.479E+05
 6.88251276E+02   5338.4 6.881E+03 1.189E+12 2.592E-02 1.221E-02 2.000E+05 3.950E-04 3.300E+04 7.649E+05
 7.17675228E+02   5637.1 7.175E+03 2.562E+12 4.911E-02 2.280E-02 2.000E+05 3.247E-03 6.606E+04 7.811E+05
 7.38159609E+02   5963.6 7.379E+03 5.545E+12 9.456E-02 4.191E-02 2.000E+05 1.303E-02 1.030E+05 7.941E+05
 7.52390093E+02   6307.0 7.520E+03 1.155E+13 1.800E-01 7.129E-02 2.000E+05 5.044E-02 1.555E+05 8.017E+05
 7.62659234E+02   6635.6 7.622E+03 2.175E+13 3.222E-01 1.024E-01 2.000E+05 2.550E-01 2.625E+05 8.039E+05
 7.70634924E+02   6924.2 7.701E+03 3.615E+13 5.273E-01 1.181E-01 2.000E+05 5.566E-01 3.496E+05 8.037E+05
 7.77512776E+02   7148.6 7.769E+03 5.218E+13 7.661E-01 1.060E-01 2.000E+05 7.543E-01 3.896E+05 8.035E+05
 7.84230376E+02   7310.1 7.836E+03 6.709E+13 9.996E-01 8.314E-02 2.000E+05 8.471E-01 3.907E+05 8.041E+05
 7.91326806E+02   7436.6 7.906E+03 8.116E+13 1.229E+00 7.048E-02 2.000E+05 8.835E-01 3.758E+05 8.050E+05
 7.99057851E+02   7560.9 7.983E+03 9.726E+13 1.504E+00 6.754E-02 2.000E+05 9.031E-01 3.638E+05 8.065E+05
 8.07486166E+02   7686.3 8.066E+03 1.161E+14 1.840E+00 6.558E-02 2.000E+05 9.235E-01 3.600E+05 8.086E+05
 8.16678543E+02   7812.3 8.158E+03 1.379E+14 2.249E+00 6.473E-02 2.000E+05 9.422E-01 3.631E+05 8.112E+05
 8.26646073E+02   7944.4 8.257E+03 1.641E+14 2.770E+00 7.220E-02 2.000E+05 9.530E-01 3.701E+05 8.147E+05
PRADK 3.4058E-01
BEGIN                    ITERATION  15 COMPLETED
