TEFF   8000.  GRAVITY 5.00000 LTE 
TITLE  [-1.0a] N(He)/Ntot=0.0784 VTURB=2.0  L/H=1.25 ODFNEW                     
 OPACITY IFOP 1 1 1 1 1 1 1 1 1 1 1 1 1 0 1 0 0 0 0 0
 CONVECTION ON   1.25 TURBULENCE OFF  0.00  0.00  0.00  0.00
ABUNDANCE SCALE   0.10000 ABUNDANCE CHANGE 1 0.92130 2 0.07842
 ABUNDANCE CHANGE  3 -10.94  4 -10.64  5  -9.49  6  -3.52  7  -4.12  8  -2.81
 ABUNDANCE CHANGE  9  -7.48 10  -3.56 11  -5.71 12  -4.06 13  -5.57 14  -4.09
 ABUNDANCE CHANGE 15  -6.59 16  -4.31 17  -6.54 18  -5.24 19  -6.92 20  -5.28
 ABUNDANCE CHANGE 21  -8.87 22  -6.62 23  -8.04 24  -6.37 25  -6.65 26  -4.54
 ABUNDANCE CHANGE 27  -7.12 28  -5.79 29  -7.83 30  -7.44 31  -9.16 32  -8.63
 ABUNDANCE CHANGE 33  -9.67 34  -8.63 35  -9.41 36  -8.73 37  -9.44 38  -9.07
 ABUNDANCE CHANGE 39  -9.80 40  -9.44 41 -10.62 42 -10.12 43 -20.00 44 -10.20
 ABUNDANCE CHANGE 45 -10.92 46 -10.35 47 -11.10 48 -10.27 49 -10.38 50 -10.04
 ABUNDANCE CHANGE 51 -11.04 52  -9.80 53 -10.53 54  -9.87 55 -10.91 56  -9.91
 ABUNDANCE CHANGE 57 -10.87 58 -10.46 59 -11.33 60 -10.54 61 -20.00 62 -11.03
 ABUNDANCE CHANGE 63 -11.53 64 -10.92 65 -11.69 66 -10.90 67 -11.78 68 -11.11
 ABUNDANCE CHANGE 69 -12.04 70 -10.96 71 -11.98 72 -11.16 73 -12.17 74 -10.93
 ABUNDANCE CHANGE 75 -11.76 76 -10.59 77 -10.69 78 -10.24 79 -11.03 80 -10.91
 ABUNDANCE CHANGE 81 -11.14 82 -10.09 83 -11.33 84 -20.00 85 -20.00 86 -20.00
 ABUNDANCE CHANGE 87 -20.00 88 -20.00 89 -20.00 90 -11.95 91 -20.00 92 -12.54
 ABUNDANCE CHANGE 93 -20.00 94 -20.00 95 -20.00 96 -20.00 97 -20.00 98 -20.00
 ABUNDANCE CHANGE 99 -20.00
READ DECK6 72 RHOX,T,P,XNE,ABROSS,ACCRAD,VTURB, FLXCNV,VCONV,VELSND
 5.85983727E-05   5259.3 5.860E+00 2.532E+10 2.276E-03 7.794E-01 2.000E+05 0.000E+00 0.000E+00 9.654E+05
 7.75984819E-05   5289.0 7.760E+00 3.174E+10 2.406E-03 7.722E-01 2.000E+05 0.000E+00 0.000E+00 9.156E+05
 1.01463893E-04   5316.9 1.015E+01 3.933E+10 2.564E-03 7.616E-01 2.000E+05 0.000E+00 0.000E+00 8.771E+05
 1.31108957E-04   5345.8 1.311E+01 4.852E+10 2.771E-03 7.503E-01 2.000E+05 0.000E+00 0.000E+00 8.471E+05
 1.67424855E-04   5376.4 1.674E+01 5.973E+10 3.037E-03 7.384E-01 2.000E+05 0.000E+00 0.000E+00 8.238E+05
 2.11410679E-04   5407.3 2.114E+01 7.311E+10 3.357E-03 7.266E-01 2.000E+05 0.000E+00 0.000E+00 8.058E+05
 2.64271425E-04   5438.4 2.643E+01 8.898E+10 3.737E-03 7.151E-01 2.000E+05 0.000E+00 0.000E+00 7.921E+05
 3.27430608E-04   5469.4 3.274E+01 1.077E+11 4.180E-03 7.043E-01 2.000E+05 0.000E+00 0.000E+00 7.816E+05
 4.02588870E-04   5500.2 4.026E+01 1.297E+11 4.693E-03 6.954E-01 2.000E+05 0.000E+00 0.000E+00 7.736E+05
 4.91727804E-04   5530.8 4.918E+01 1.554E+11 5.283E-03 6.874E-01 2.000E+05 0.000E+00 0.000E+00 7.676E+05
 5.97208884E-04   5561.1 5.972E+01 1.853E+11 5.959E-03 6.806E-01 2.000E+05 0.000E+00 0.000E+00 7.632E+05
 7.21804566E-04   5591.3 7.218E+01 2.203E+11 6.732E-03 6.750E-01 2.000E+05 0.000E+00 0.000E+00 7.600E+05
 8.68803053E-04   5621.0 8.688E+01 2.608E+11 7.611E-03 6.705E-01 2.000E+05 0.000E+00 0.000E+00 7.578E+05
 1.04217919E-03   5650.2 1.042E+02 3.075E+11 8.606E-03 6.677E-01 2.000E+05 0.000E+00 0.000E+00 7.565E+05
 1.24660220E-03   5679.1 1.247E+02 3.616E+11 9.736E-03 6.680E-01 2.000E+05 0.000E+00 0.000E+00 7.558E+05
 1.48753574E-03   5707.7 1.488E+02 4.240E+11 1.102E-02 6.704E-01 2.000E+05 0.000E+00 0.000E+00 7.556E+05
 1.77145326E-03   5736.0 1.772E+02 4.961E+11 1.247E-02 6.751E-01 2.000E+05 0.000E+00 0.000E+00 7.559E+05
 2.10594385E-03   5764.2 2.106E+02 5.793E+11 1.411E-02 6.828E-01 2.000E+05 0.000E+00 0.000E+00 7.565E+05
 2.49987632E-03   5792.4 2.500E+02 6.755E+11 1.599E-02 6.940E-01 2.000E+05 0.000E+00 0.000E+00 7.574E+05
 2.96350430E-03   5820.8 2.964E+02 7.871E+11 1.812E-02 7.084E-01 2.000E+05 0.000E+00 0.000E+00 7.586E+05
 3.50870047E-03   5849.5 3.509E+02 9.166E+11 2.056E-02 7.268E-01 2.000E+05 0.000E+00 0.000E+00 7.600E+05
 4.14912333E-03   5878.9 4.149E+02 1.068E+12 2.335E-02 7.493E-01 2.000E+05 0.000E+00 0.000E+00 7.616E+05
 4.90036306E-03   5909.0 4.901E+02 1.244E+12 2.657E-02 7.751E-01 2.000E+05 0.000E+00 0.000E+00 7.633E+05
 5.78039296E-03   5939.9 5.781E+02 1.450E+12 3.026E-02 8.043E-01 2.000E+05 0.000E+00 0.000E+00 7.651E+05
 6.81001842E-03   5971.7 6.810E+02 1.692E+12 3.451E-02 8.371E-01 2.000E+05 0.000E+00 0.000E+00 7.671E+05
 8.01337139E-03   6004.3 8.014E+02 1.974E+12 3.939E-02 8.738E-01 2.000E+05 0.000E+00 0.000E+00 7.691E+05
 9.41856091E-03   6037.6 9.419E+02 2.305E+12 4.500E-02 9.145E-01 2.000E+05 0.000E+00 0.000E+00 7.712E+05
 1.10587701E-02   6071.4 1.106E+03 2.689E+12 5.141E-02 9.610E-01 2.000E+05 0.000E+00 0.000E+00 7.733E+05
 1.29731698E-02   6105.5 1.297E+03 3.136E+12 5.874E-02 1.013E+00 2.000E+05 0.000E+00 0.000E+00 7.756E+05
 1.52084467E-02   6139.7 1.521E+03 3.654E+12 6.706E-02 1.070E+00 2.000E+05 0.000E+00 0.000E+00 7.779E+05
 1.78207177E-02   6173.6 1.782E+03 4.251E+12 7.647E-02 1.133E+00 2.000E+05 0.000E+00 0.000E+00 7.802E+05
 2.08803321E-02   6206.2 2.088E+03 4.928E+12 8.693E-02 1.203E+00 2.000E+05 0.000E+00 0.000E+00 7.826E+05
 2.44720611E-02   6238.2 2.447E+03 5.703E+12 9.868E-02 1.282E+00 2.000E+05 0.000E+00 0.000E+00 7.851E+05
 2.86975032E-02   6269.0 2.870E+03 6.580E+12 1.117E-01 1.370E+00 2.000E+05 0.000E+00 0.000E+00 7.876E+05
 3.36787112E-02   6299.1 3.368E+03 7.580E+12 1.263E-01 1.471E+00 2.000E+05 0.000E+00 0.000E+00 7.901E+05
 3.95589936E-02   6328.5 3.956E+03 8.718E+12 1.426E-01 1.585E+00 2.000E+05 0.000E+00 0.000E+00 7.927E+05
 4.65059269E-02   6357.8 4.651E+03 1.002E+13 1.609E-01 1.715E+00 2.000E+05 0.000E+00 0.000E+00 7.922E+05
 5.47159558E-02   6387.0 5.472E+03 1.152E+13 1.816E-01 1.862E+00 2.000E+05 0.000E+00 0.000E+00 7.980E+05
 6.44157583E-02   6416.8 6.442E+03 1.326E+13 2.050E-01 2.030E+00 2.000E+05 0.000E+00 0.000E+00 8.006E+05
 7.58662642E-02   6447.5 7.587E+03 1.528E+13 2.317E-01 2.224E+00 2.000E+05 0.000E+00 0.000E+00 8.034E+05
 8.93614503E-02   6479.7 8.936E+03 1.765E+13 2.625E-01 2.451E+00 2.000E+05 0.000E+00 0.000E+00 8.061E+05
 1.05215231E-01   6514.6 1.052E+04 2.047E+13 2.985E-01 2.720E+00 2.000E+05 0.000E+00 0.000E+00 8.088E+05
 1.23752869E-01   6553.4 1.238E+04 2.389E+13 3.415E-01 3.046E+00 2.000E+05 0.000E+00 0.000E+00 8.116E+05
 1.45290782E-01   6597.4 1.453E+04 2.810E+13 3.933E-01 3.443E+00 2.000E+05 0.000E+00 0.000E+00 8.145E+05
 1.70116551E-01   6648.1 1.701E+04 3.337E+13 4.572E-01 3.938E+00 2.000E+05 0.000E+00 0.000E+00 8.174E+05
 1.98437347E-01   6707.7 1.984E+04 4.013E+13 5.376E-01 4.566E+00 2.000E+05 0.000E+00 0.000E+00 8.203E+05
 2.30332948E-01   6778.7 2.303E+04 4.900E+13 6.411E-01 5.381E+00 2.000E+05 0.000E+00 0.000E+00 8.234E+05
 2.65694736E-01   6863.8 2.657E+04 6.096E+13 7.779E-01 6.464E+00 2.000E+05 0.000E+00 0.000E+00 8.264E+05
 3.04159137E-01   6966.5 3.042E+04 7.750E+13 9.639E-01 7.948E+00 2.000E+05 0.000E+00 0.000E+00 8.295E+05
 3.45034861E-01   7091.1 3.450E+04 1.011E+14 1.226E+00 1.005E+01 2.000E+05 0.000E+00 0.000E+00 8.325E+05
 3.87248421E-01   7242.5 3.872E+04 1.357E+14 1.608E+00 1.316E+01 2.000E+05 0.000E+00 0.000E+00 8.355E+05
 4.29424860E-01   7425.4 4.294E+04 1.877E+14 2.184E+00 1.788E+01 2.000E+05 3.909E-13 4.511E+01 8.383E+05
 4.70034262E-01   7645.6 4.700E+04 2.682E+14 3.090E+00 2.542E+01 2.000E+05 8.021E-08 2.545E+03 8.410E+05
 5.07259737E-01   7916.9 5.072E+04 3.991E+14 4.624E+00 3.838E+01 2.000E+05 3.478E-06 8.531E+03 8.443E+05
 5.39695515E-01   8235.3 5.397E+04 6.084E+14 7.247E+00 6.102E+01 2.000E+05 1.372E-04 2.764E+04 8.491E+05
 5.66165519E-01   8634.8 5.661E+04 9.744E+14 1.236E+01 1.049E+02 2.000E+05 4.343E-03 8.280E+04 8.580E+05
 5.85780872E-01   9131.7 5.857E+04 1.627E+15 2.298E+01 1.861E+02 2.000E+05 2.702E-02 1.430E+05 8.749E+05
 6.00287921E-01   9597.9 6.002E+04 2.482E+15 3.915E+01 2.625E+02 2.000E+05 1.892E-01 2.657E+05 8.973E+05
 6.12770384E-01   9941.9 6.126E+04 3.290E+15 5.602E+01 2.740E+02 2.000E+05 3.913E-01 3.349E+05 9.181E+05
 6.25026253E-01  10218.9 6.248E+04 4.059E+15 7.305E+01 2.524E+02 2.000E+05 5.514E-01 3.711E+05 9.373E+05
 6.37890162E-01  10463.9 6.377E+04 4.830E+15 9.093E+01 2.244E+02 2.000E+05 6.748E-01 3.945E+05 9.563E+05
 6.51884067E-01  10691.5 6.516E+04 5.624E+15 1.100E+02 1.986E+02 2.000E+05 7.622E-01 4.091E+05 9.754E+05
 6.67470032E-01  10910.4 6.672E+04 6.458E+15 1.305E+02 1.779E+02 2.000E+05 8.216E-01 4.183E+05 9.953E+05
 6.85109531E-01  11126.3 6.848E+04 7.348E+15 1.528E+02 1.630E+02 2.000E+05 8.617E-01 4.249E+05 1.016E+06
 7.05345429E-01  11345.8 7.050E+04 8.317E+15 1.765E+02 1.518E+02 2.000E+05 8.888E-01 4.294E+05 1.038E+06
 7.28853440E-01  11571.8 7.285E+04 9.380E+15 2.016E+02 1.435E+02 2.000E+05 9.082E-01 4.335E+05 1.063E+06
 7.56365384E-01  11811.0 7.560E+04 1.057E+16 2.292E+02 1.373E+02 2.000E+05 9.227E-01 4.369E+05 1.089E+06
 7.88745185E-01  12063.2 7.883E+04 1.188E+16 2.589E+02 1.330E+02 2.000E+05 9.338E-01 4.410E+05 1.118E+06
 8.27052692E-01  12339.5 8.265E+04 1.337E+16 2.912E+02 1.305E+02 2.000E+05 9.421E-01 4.445E+05 1.151E+06
 8.72688432E-01  12637.5 8.721E+04 1.503E+16 3.241E+02 1.307E+02 2.000E+05 9.481E-01 4.492E+05 1.187E+06
 9.27887394E-01  12982.0 9.272E+04 1.695E+16 3.540E+02 1.328E+02 2.000E+05 9.515E-01 4.540E+05 1.230E+06
 9.95894152E-01  13373.6 9.952E+04 1.912E+16 3.815E+02 1.396E+02 2.000E+05 9.534E-01 4.605E+05 1.277E+06
PRADK 5.4862E+00
BEGIN                    ITERATION  15 COMPLETED
