TEFF   6250.  GRAVITY 5.00000 LTE 
TITLE  [-1.0a] N(He)/Ntot=0.0784 VTURB=2.0  L/H=1.25 ODFNEW                     
 OPACITY IFOP 1 1 1 1 1 1 1 1 1 1 1 1 1 0 1 0 0 0 0 0
 CONVECTION ON   1.25 TURBULENCE OFF  0.00  0.00  0.00  0.00
ABUNDANCE SCALE   0.10000 ABUNDANCE CHANGE 1 0.92130 2 0.07842
 ABUNDANCE CHANGE  3 -10.94  4 -10.64  5  -9.49  6  -3.52  7  -4.12  8  -2.81
 ABUNDANCE CHANGE  9  -7.48 10  -3.56 11  -5.71 12  -4.06 13  -5.57 14  -4.09
 ABUNDANCE CHANGE 15  -6.59 16  -4.31 17  -6.54 18  -5.24 19  -6.92 20  -5.28
 ABUNDANCE CHANGE 21  -8.87 22  -6.62 23  -8.04 24  -6.37 25  -6.65 26  -4.54
 ABUNDANCE CHANGE 27  -7.12 28  -5.79 29  -7.83 30  -7.44 31  -9.16 32  -8.63
 ABUNDANCE CHANGE 33  -9.67 34  -8.63 35  -9.41 36  -8.73 37  -9.44 38  -9.07
 ABUNDANCE CHANGE 39  -9.80 40  -9.44 41 -10.62 42 -10.12 43 -20.00 44 -10.20
 ABUNDANCE CHANGE 45 -10.92 46 -10.35 47 -11.10 48 -10.27 49 -10.38 50 -10.04
 ABUNDANCE CHANGE 51 -11.04 52  -9.80 53 -10.53 54  -9.87 55 -10.91 56  -9.91
 ABUNDANCE CHANGE 57 -10.87 58 -10.46 59 -11.33 60 -10.54 61 -20.00 62 -11.03
 ABUNDANCE CHANGE 63 -11.53 64 -10.92 65 -11.69 66 -10.90 67 -11.78 68 -11.11
 ABUNDANCE CHANGE 69 -12.04 70 -10.96 71 -11.98 72 -11.16 73 -12.17 74 -10.93
 ABUNDANCE CHANGE 75 -11.76 76 -10.59 77 -10.69 78 -10.24 79 -11.03 80 -10.91
 ABUNDANCE CHANGE 81 -11.14 82 -10.09 83 -11.33 84 -20.00 85 -20.00 86 -20.00
 ABUNDANCE CHANGE 87 -20.00 88 -20.00 89 -20.00 90 -11.95 91 -20.00 92 -12.54
 ABUNDANCE CHANGE 93 -20.00 94 -20.00 95 -20.00 96 -20.00 97 -20.00 98 -20.00
 ABUNDANCE CHANGE 99 -20.00
READ DECK6 72 RHOX,T,P,XNE,ABROSS,ACCRAD,VTURB, FLXCNV,VCONV,VELSND
 6.43606898E-04   4264.3 6.436E+01 3.833E+09 2.072E-04 3.349E-02 2.000E+05 0.000E+00 0.000E+00 7.042E+05
 8.41411843E-04   4279.3 8.414E+01 4.802E+09 2.425E-04 3.464E-02 2.000E+05 0.000E+00 0.000E+00 7.015E+05
 1.06771885E-03   4293.7 1.068E+02 5.893E+09 2.817E-04 3.540E-02 2.000E+05 0.000E+00 0.000E+00 7.000E+05
 1.32816716E-03   4308.2 1.328E+02 7.131E+09 3.257E-04 3.636E-02 2.000E+05 0.000E+00 0.000E+00 6.992E+05
 1.62893950E-03   4323.1 1.629E+02 8.552E+09 3.755E-04 3.719E-02 2.000E+05 0.000E+00 0.000E+00 6.989E+05
 1.97729992E-03   4338.3 1.977E+02 1.018E+10 4.318E-04 3.789E-02 2.000E+05 0.000E+00 0.000E+00 6.989E+05
 2.38160119E-03   4353.9 2.382E+02 1.207E+10 4.958E-04 3.851E-02 2.000E+05 0.000E+00 0.000E+00 6.992E+05
 2.85141023E-03   4369.8 2.851E+02 1.424E+10 5.688E-04 3.914E-02 2.000E+05 0.000E+00 0.000E+00 6.997E+05
 3.39752938E-03   4386.2 3.397E+02 1.676E+10 6.525E-04 4.026E-02 2.000E+05 0.000E+00 0.000E+00 7.003E+05
 4.03228427E-03   4403.3 4.032E+02 1.969E+10 7.487E-04 4.167E-02 2.000E+05 0.000E+00 0.000E+00 7.012E+05
 4.76985661E-03   4421.4 4.770E+02 2.312E+10 8.594E-04 4.301E-02 2.000E+05 0.000E+00 0.000E+00 7.021E+05
 5.62661440E-03   4440.6 5.627E+02 2.712E+10 9.868E-04 4.424E-02 2.000E+05 0.000E+00 0.000E+00 7.032E+05
 6.62125823E-03   4460.9 6.621E+02 3.182E+10 1.134E-03 4.534E-02 2.000E+05 0.000E+00 0.000E+00 7.045E+05
 7.77520812E-03   4482.4 7.775E+02 3.733E+10 1.304E-03 4.626E-02 2.000E+05 0.000E+00 0.000E+00 7.059E+05
 9.11311904E-03   4505.1 9.113E+02 4.382E+10 1.500E-03 4.699E-02 2.000E+05 0.000E+00 0.000E+00 7.074E+05
 1.06631983E-02   4528.7 1.066E+03 5.146E+10 1.727E-03 4.776E-02 2.000E+05 0.000E+00 0.000E+00 7.090E+05
 1.24576549E-02   4553.3 1.246E+03 6.044E+10 1.990E-03 4.869E-02 2.000E+05 0.000E+00 0.000E+00 7.107E+05
 1.45332451E-02   4578.9 1.453E+03 7.101E+10 2.296E-03 4.965E-02 2.000E+05 0.000E+00 0.000E+00 7.125E+05
 1.69322839E-02   4604.9 1.693E+03 8.342E+10 2.649E-03 5.097E-02 2.000E+05 0.000E+00 0.000E+00 7.143E+05
 1.97035732E-02   4632.0 1.970E+03 9.806E+10 3.059E-03 5.217E-02 2.000E+05 0.000E+00 0.000E+00 7.163E+05
 2.29044125E-02   4659.4 2.290E+03 1.153E+11 3.531E-03 5.327E-02 2.000E+05 0.000E+00 0.000E+00 7.182E+05
 2.66025610E-02   4687.1 2.660E+03 1.354E+11 4.075E-03 5.432E-02 2.000E+05 0.000E+00 0.000E+00 7.202E+05
 3.08782311E-02   4714.7 3.088E+03 1.589E+11 4.697E-03 5.539E-02 2.000E+05 0.000E+00 0.000E+00 7.221E+05
 3.58252731E-02   4741.9 3.583E+03 1.863E+11 5.413E-03 5.701E-02 2.000E+05 0.000E+00 0.000E+00 7.241E+05
 4.15533226E-02   4768.8 4.155E+03 2.180E+11 6.231E-03 5.886E-02 2.000E+05 0.000E+00 0.000E+00 7.260E+05
 4.81923967E-02   4795.1 4.819E+03 2.549E+11 7.165E-03 6.111E-02 2.000E+05 0.000E+00 0.000E+00 7.278E+05
 5.58954912E-02   4820.7 5.590E+03 2.973E+11 8.230E-03 6.404E-02 2.000E+05 0.000E+00 0.000E+00 7.296E+05
 6.48424450E-02   4845.8 6.484E+03 3.464E+11 9.445E-03 6.733E-02 2.000E+05 0.000E+00 0.000E+00 7.314E+05
 7.52462425E-02   4870.3 7.525E+03 4.030E+11 1.082E-02 7.106E-02 2.000E+05 0.000E+00 0.000E+00 7.331E+05
 8.73590206E-02   4894.4 8.736E+03 4.683E+11 1.239E-02 7.531E-02 2.000E+05 0.000E+00 0.000E+00 7.347E+05
 1.01477301E-01   4917.7 1.015E+04 5.434E+11 1.417E-02 8.018E-02 2.000E+05 0.000E+00 0.000E+00 7.363E+05
 1.17941904E-01   4940.6 1.179E+04 6.299E+11 1.620E-02 8.630E-02 2.000E+05 0.000E+00 0.000E+00 7.378E+05
 1.37147886E-01   4963.3 1.371E+04 7.297E+11 1.852E-02 9.319E-02 2.000E+05 0.000E+00 0.000E+00 7.393E+05
 1.59559030E-01   4985.9 1.596E+04 8.453E+11 2.116E-02 1.009E-01 2.000E+05 0.000E+00 0.000E+00 7.407E+05
 1.85724020E-01   5008.2 1.857E+04 9.783E+11 2.416E-02 1.095E-01 2.000E+05 0.000E+00 0.000E+00 7.421E+05
 2.16277521E-01   5030.4 2.163E+04 1.132E+12 2.760E-02 1.197E-01 2.000E+05 0.000E+00 0.000E+00 7.435E+05
 2.51950838E-01   5052.5 2.520E+04 1.309E+12 3.152E-02 1.314E-01 2.000E+05 0.000E+00 0.000E+00 7.448E+05
 2.93599846E-01   5075.1 2.936E+04 1.515E+12 3.601E-02 1.446E-01 2.000E+05 0.000E+00 0.000E+00 7.462E+05
 3.42198789E-01   5098.1 3.422E+04 1.754E+12 4.117E-02 1.600E-01 2.000E+05 0.000E+00 0.000E+00 7.475E+05
 3.98815153E-01   5122.3 3.988E+04 2.035E+12 4.717E-02 1.783E-01 2.000E+05 0.000E+00 0.000E+00 7.489E+05
 4.64667642E-01   5148.0 4.647E+04 2.365E+12 5.412E-02 1.992E-01 2.000E+05 0.000E+00 0.000E+00 7.504E+05
 5.41136273E-01   5175.7 5.411E+04 2.757E+12 6.221E-02 2.235E-01 2.000E+05 0.000E+00 0.000E+00 7.520E+05
 6.29724313E-01   5206.0 6.297E+04 3.228E+12 7.171E-02 2.518E-01 2.000E+05 0.000E+00 0.000E+00 7.538E+05
 7.32021968E-01   5239.9 7.320E+04 3.801E+12 8.298E-02 2.852E-01 2.000E+05 0.000E+00 0.000E+00 7.558E+05
 8.49609237E-01   5278.8 8.496E+04 4.511E+12 9.653E-02 3.251E-01 2.000E+05 0.000E+00 0.000E+00 7.583E+05
 9.83970949E-01   5323.7 9.840E+04 5.407E+12 1.130E-01 3.733E-01 2.000E+05 0.000E+00 0.000E+00 7.612E+05
 1.13612788E+00   5377.2 1.136E+05 6.578E+12 1.339E-01 4.347E-01 2.000E+05 0.000E+00 0.000E+00 7.648E+05
 1.30598083E+00   5442.3 1.306E+05 8.165E+12 1.613E-01 5.159E-01 2.000E+05 0.000E+00 0.000E+00 7.694E+05
 1.49256882E+00   5519.8 1.493E+05 1.036E+13 1.974E-01 6.215E-01 2.000E+05 0.000E+00 0.000E+00 7.749E+05
 1.69400149E+00   5612.6 1.694E+05 1.352E+13 2.463E-01 7.635E-01 2.000E+05 0.000E+00 0.000E+00 7.816E+05
 1.90696482E+00   5723.3 1.907E+05 1.822E+13 3.142E-01 9.599E-01 2.000E+05 0.000E+00 0.000E+00 7.895E+05
 2.12610716E+00   5856.6 2.126E+05 2.555E+13 4.138E-01 1.250E+00 2.000E+05 0.000E+00 0.000E+00 7.989E+05
 2.34448619E+00   6016.8 2.345E+05 3.748E+13 5.635E-01 1.689E+00 2.000E+05 0.000E+00 0.000E+00 8.096E+05
 2.55285065E+00   6220.6 2.553E+05 5.899E+13 8.094E-01 2.410E+00 2.000E+05 8.486E-05 1.127E+04 8.223E+05
 2.74139244E+00   6469.0 2.741E+05 9.851E+13 1.221E+00 3.594E+00 2.000E+05 4.857E-03 4.277E+04 8.363E+05
 2.90550633E+00   6755.3 2.906E+05 1.697E+14 1.896E+00 5.427E+00 2.000E+05 3.349E-02 8.053E+04 8.501E+05
 3.04424817E+00   7078.9 3.044E+05 2.974E+14 3.016E+00 8.062E+00 2.000E+05 8.015E-02 1.059E+05 8.627E+05
 3.16229056E+00   7392.5 3.162E+05 4.896E+14 4.622E+00 1.070E+01 2.000E+05 2.153E-01 1.461E+05 8.718E+05
 3.26874625E+00   7666.2 3.269E+05 7.338E+14 6.612E+00 1.226E+01 2.000E+05 3.673E-01 1.720E+05 8.778E+05
 3.37024659E+00   7914.0 3.370E+05 1.035E+15 9.060E+00 1.280E+01 2.000E+05 5.183E-01 1.901E+05 8.820E+05
 3.47078752E+00   8140.8 3.471E+05 1.395E+15 1.200E+01 1.256E+01 2.000E+05 6.398E-01 1.999E+05 8.853E+05
 3.57341629E+00   8350.8 3.573E+05 1.816E+15 1.549E+01 1.200E+01 2.000E+05 7.321E-01 2.050E+05 8.882E+05
 3.68042149E+00   8550.3 3.680E+05 2.308E+15 1.965E+01 1.141E+01 2.000E+05 7.986E-01 2.064E+05 8.911E+05
 3.79389929E+00   8739.6 3.794E+05 2.874E+15 2.452E+01 1.087E+01 2.000E+05 8.465E-01 2.060E+05 8.940E+05
 3.91572780E+00   8924.9 3.916E+05 3.535E+15 3.032E+01 1.038E+01 2.000E+05 8.814E-01 2.042E+05 8.973E+05
 4.04786501E+00   9104.0 4.048E+05 4.291E+15 3.709E+01 9.935E+00 2.000E+05 9.074E-01 2.018E+05 9.010E+05
 4.19211815E+00   9283.1 4.192E+05 5.176E+15 4.522E+01 9.498E+00 2.000E+05 9.272E-01 1.984E+05 9.052E+05
 4.35081216E+00   9457.3 4.351E+05 6.182E+15 5.455E+01 9.054E+00 2.000E+05 9.428E-01 1.955E+05 9.098E+05
 4.52615086E+00   9636.1 4.526E+05 7.376E+15 6.580E+01 8.630E+00 2.000E+05 9.545E-01 1.914E+05 9.150E+05
 4.72114816E+00   9808.5 4.721E+05 8.713E+15 7.851E+01 8.180E+00 2.000E+05 9.640E-01 1.880E+05 9.206E+05
 4.93854186E+00   9990.3 4.938E+05 1.033E+16 9.403E+01 7.747E+00 2.000E+05 9.715E-01 1.839E+05 9.266E+05
 5.18261112E+00  10160.2 5.182E+05 1.208E+16 1.109E+02 7.798E+00 2.000E+05 9.757E-01 1.801E+05 9.335E+05
PRADK 2.0383E+00
BEGIN                    ITERATION  15 COMPLETED
