TEFF   4250.  GRAVITY 1.00000 LTE 
TITLE  [-1.0a] N(He)/Ntot=0.0784 VTURB=2.0  L/H=1.25 ODFNEW                     
 OPACITY IFOP 1 1 1 1 1 1 1 1 1 1 1 1 1 0 1 0 0 0 0 0
 CONVECTION ON   1.25 TURBULENCE OFF  0.00  0.00  0.00  0.00
ABUNDANCE SCALE   0.10000 ABUNDANCE CHANGE 1 0.92130 2 0.07842
 ABUNDANCE CHANGE  3 -10.94  4 -10.64  5  -9.49  6  -3.52  7  -4.12  8  -2.81
 ABUNDANCE CHANGE  9  -7.48 10  -3.56 11  -5.71 12  -4.06 13  -5.57 14  -4.09
 ABUNDANCE CHANGE 15  -6.59 16  -4.31 17  -6.54 18  -5.24 19  -6.92 20  -5.28
 ABUNDANCE CHANGE 21  -8.87 22  -6.62 23  -8.04 24  -6.37 25  -6.65 26  -4.54
 ABUNDANCE CHANGE 27  -7.12 28  -5.79 29  -7.83 30  -7.44 31  -9.16 32  -8.63
 ABUNDANCE CHANGE 33  -9.67 34  -8.63 35  -9.41 36  -8.73 37  -9.44 38  -9.07
 ABUNDANCE CHANGE 39  -9.80 40  -9.44 41 -10.62 42 -10.12 43 -20.00 44 -10.20
 ABUNDANCE CHANGE 45 -10.92 46 -10.35 47 -11.10 48 -10.27 49 -10.38 50 -10.04
 ABUNDANCE CHANGE 51 -11.04 52  -9.80 53 -10.53 54  -9.87 55 -10.91 56  -9.91
 ABUNDANCE CHANGE 57 -10.87 58 -10.46 59 -11.33 60 -10.54 61 -20.00 62 -11.03
 ABUNDANCE CHANGE 63 -11.53 64 -10.92 65 -11.69 66 -10.90 67 -11.78 68 -11.11
 ABUNDANCE CHANGE 69 -12.04 70 -10.96 71 -11.98 72 -11.16 73 -12.17 74 -10.93
 ABUNDANCE CHANGE 75 -11.76 76 -10.59 77 -10.69 78 -10.24 79 -11.03 80 -10.91
 ABUNDANCE CHANGE 81 -11.14 82 -10.09 83 -11.33 84 -20.00 85 -20.00 86 -20.00
 ABUNDANCE CHANGE 87 -20.00 88 -20.00 89 -20.00 90 -11.95 91 -20.00 92 -12.54
 ABUNDANCE CHANGE 93 -20.00 94 -20.00 95 -20.00 96 -20.00 97 -20.00 98 -20.00
 ABUNDANCE CHANGE 99 -20.00
READ DECK6 72 RHOX,T,P,XNE,ABROSS,ACCRAD,VTURB, FLXCNV,VCONV,VELSND
 1.76889351E-02   2310.6 1.769E-01 7.087E+05 7.539E-06 1.716E-05 2.000E+05 0.000E+00 0.000E+00 9.610E+05
 2.34411678E-02   2333.4 2.344E-01 9.512E+05 7.925E-06 2.262E-05 2.000E+05 0.000E+00 0.000E+00 8.688E+05
 3.07669050E-02   2355.4 3.076E-01 1.263E+06 8.267E-06 2.925E-05 2.000E+05 0.000E+00 0.000E+00 7.942E+05
 4.00951708E-02   2377.6 4.009E-01 1.670E+06 8.690E-06 3.729E-05 2.000E+05 0.000E+00 0.000E+00 7.345E+05
 5.19388356E-02   2401.4 5.193E-01 2.207E+06 9.116E-06 4.691E-05 2.000E+05 0.000E+00 0.000E+00 6.879E+05
 6.69362654E-02   2427.3 6.693E-01 2.927E+06 9.634E-06 5.832E-05 2.000E+05 0.000E+00 0.000E+00 6.520E+05
 8.59150556E-02   2453.2 8.591E-01 3.871E+06 1.011E-05 7.176E-05 2.000E+05 0.000E+00 0.000E+00 6.232E+05
 1.10047984E-01   2479.6 1.100E+00 5.121E+06 1.061E-05 8.766E-05 2.000E+05 0.000E+00 0.000E+00 6.003E+05
 1.40650678E-01   2507.0 1.406E+00 6.790E+06 1.119E-05 1.064E-04 2.000E+05 0.000E+00 0.000E+00 5.826E+05
 1.79181112E-01   2537.8 1.792E+00 9.098E+06 1.189E-05 1.284E-04 2.000E+05 0.000E+00 0.000E+00 5.704E+05
 2.27552015E-01   2568.9 2.275E+00 1.218E+07 1.260E-05 1.540E-04 2.000E+05 0.000E+00 0.000E+00 5.612E+05
 2.88664660E-01   2600.5 2.886E+00 1.632E+07 1.327E-05 1.841E-04 2.000E+05 0.000E+00 0.000E+00 5.545E+05
 3.65815149E-01   2633.8 3.658E+00 2.199E+07 1.407E-05 2.197E-04 2.000E+05 0.000E+00 0.000E+00 5.502E+05
 4.61863537E-01   2671.1 4.618E+00 3.000E+07 1.522E-05 2.615E-04 2.000E+05 0.000E+00 0.000E+00 5.487E+05
 5.80455722E-01   2708.1 5.804E+00 4.070E+07 1.638E-05 3.104E-04 2.000E+05 0.000E+00 0.000E+00 5.484E+05
 7.27850580E-01   2745.8 7.278E+00 5.516E+07 1.756E-05 3.681E-04 2.000E+05 0.000E+00 0.000E+00 5.490E+05
 9.09390624E-01   2785.8 9.093E+00 7.507E+07 1.918E-05 4.364E-04 2.000E+05 0.000E+00 0.000E+00 5.509E+05
 1.12994433E+00   2826.6 1.130E+01 1.017E+08 2.115E-05 5.168E-04 2.000E+05 0.000E+00 0.000E+00 5.539E+05
 1.39596234E+00   2867.4 1.396E+01 1.367E+08 2.344E-05 6.112E-04 2.000E+05 0.000E+00 0.000E+00 5.567E+05
 1.71309119E+00   2908.6 1.713E+01 1.823E+08 2.645E-05 7.216E-04 2.000E+05 0.000E+00 0.000E+00 5.602E+05
 2.08654435E+00   2949.4 2.086E+01 2.403E+08 3.003E-05 8.501E-04 2.000E+05 0.000E+00 0.000E+00 5.638E+05
 2.52609662E+00   2989.7 2.526E+01 3.133E+08 3.396E-05 1.000E-03 2.000E+05 0.000E+00 0.000E+00 5.676E+05
 3.04339164E+00   3029.5 3.043E+01 4.045E+08 3.856E-05 1.176E-03 2.000E+05 0.000E+00 0.000E+00 5.713E+05
 3.64267396E+00   3068.8 3.643E+01 5.165E+08 4.491E-05 1.380E-03 2.000E+05 0.000E+00 0.000E+00 5.751E+05
 4.33033838E+00   3106.6 4.330E+01 6.504E+08 5.206E-05 1.615E-03 2.000E+05 0.000E+00 0.000E+00 5.788E+05
 5.12407440E+00   3143.1 5.124E+01 8.101E+08 6.001E-05 1.889E-03 2.000E+05 0.000E+00 0.000E+00 5.822E+05
 6.04108010E+00   3178.7 6.041E+01 1.000E+09 6.938E-05 2.209E-03 2.000E+05 0.000E+00 0.000E+00 5.856E+05
 7.09653690E+00   3213.1 7.096E+01 1.223E+09 8.049E-05 2.582E-03 2.000E+05 0.000E+00 0.000E+00 5.888E+05
 8.31272205E+00   3246.0 8.312E+01 1.484E+09 9.290E-05 3.019E-03 2.000E+05 0.000E+00 0.000E+00 5.919E+05
 9.72041102E+00   3278.0 9.720E+01 1.788E+09 1.069E-04 3.536E-03 2.000E+05 0.000E+00 0.000E+00 5.947E+05
 1.13503467E+01   3308.9 1.135E+02 2.144E+09 1.232E-04 4.152E-03 2.000E+05 0.000E+00 0.000E+00 5.975E+05
 1.32325382E+01   3339.1 1.323E+02 2.558E+09 1.425E-04 4.884E-03 2.000E+05 0.000E+00 0.000E+00 6.001E+05
 1.54066078E+01   3367.7 1.541E+02 3.034E+09 1.642E-04 5.756E-03 2.000E+05 0.000E+00 0.000E+00 6.026E+05
 1.79267647E+01   3395.1 1.793E+02 3.583E+09 1.887E-04 6.807E-03 2.000E+05 0.000E+00 0.000E+00 6.048E+05
 2.08541967E+01   3421.8 2.085E+02 4.221E+09 2.164E-04 8.085E-03 2.000E+05 0.000E+00 0.000E+00 6.070E+05
 2.42589689E+01   3447.8 2.426E+02 4.960E+09 2.480E-04 9.653E-03 2.000E+05 0.000E+00 0.000E+00 6.090E+05
 2.82319113E+01   3474.3 2.823E+02 5.831E+09 2.824E-04 1.158E-02 2.000E+05 0.000E+00 0.000E+00 6.112E+05
 3.29201274E+01   3502.1 3.292E+02 6.872E+09 3.172E-04 1.387E-02 2.000E+05 0.000E+00 0.000E+00 6.134E+05
 3.84830745E+01   3521.7 3.848E+02 7.995E+09 3.569E-04 1.662E-02 2.000E+05 0.000E+00 0.000E+00 6.145E+05
 4.50638688E+01   3541.3 4.506E+02 9.308E+09 4.031E-04 2.003E-02 2.000E+05 0.000E+00 0.000E+00 6.155E+05
 5.28183442E+01   3561.3 5.282E+02 1.085E+10 4.570E-04 2.431E-02 2.000E+05 0.000E+00 0.000E+00 6.165E+05
 6.19250250E+01   3582.2 6.192E+02 1.266E+10 5.199E-04 2.976E-02 2.000E+05 0.000E+00 0.000E+00 6.176E+05
 7.25741215E+01   3605.4 7.257E+02 1.482E+10 5.942E-04 3.671E-02 2.000E+05 0.000E+00 0.000E+00 6.190E+05
 8.49525135E+01   3633.2 8.495E+02 1.745E+10 6.850E-04 4.560E-02 2.000E+05 0.000E+00 0.000E+00 6.211E+05
 9.91071231E+01   3663.9 9.910E+02 2.058E+10 8.084E-04 5.705E-02 2.000E+05 0.000E+00 0.000E+00 6.236E+05
 1.14975599E+02   3703.5 1.150E+03 2.448E+10 9.676E-04 7.183E-02 2.000E+05 0.000E+00 0.000E+00 6.274E+05
 1.32583995E+02   3749.9 1.326E+03 2.919E+10 1.168E-03 9.090E-02 2.000E+05 0.000E+00 0.000E+00 6.321E+05
 1.51868220E+02   3809.0 1.519E+03 3.508E+10 1.426E-03 1.157E-01 2.000E+05 0.000E+00 0.000E+00 6.385E+05
 1.73294512E+02   3881.4 1.733E+03 4.246E+10 1.687E-03 1.472E-01 2.000E+05 0.000E+00 0.000E+00 6.463E+05
 1.97513770E+02   3958.4 1.975E+03 5.118E+10 1.986E-03 1.867E-01 2.000E+05 0.000E+00 0.000E+00 6.531E+05
 2.25031815E+02   4046.6 2.250E+03 6.178E+10 2.325E-03 2.365E-01 2.000E+05 0.000E+00 0.000E+00 6.631E+05
 2.56443210E+02   4146.8 2.564E+03 7.458E+10 2.710E-03 2.995E-01 2.000E+05 0.000E+00 0.000E+00 6.728E+05
 2.92491069E+02   4260.9 2.925E+03 9.018E+10 3.141E-03 3.791E-01 2.000E+05 0.000E+00 0.000E+00 6.834E+05
 3.33890068E+02   4390.5 3.338E+03 1.104E+11 3.661E-03 4.803E-01 2.000E+05 0.000E+00 0.000E+00 6.950E+05
 3.80579793E+02   4538.2 3.805E+03 1.411E+11 4.418E-03 6.090E-01 2.000E+05 0.000E+00 0.000E+00 7.075E+05
 4.30238904E+02   4704.9 4.302E+03 1.978E+11 5.796E-03 7.737E-01 2.000E+05 0.000E+00 0.000E+00 7.208E+05
 4.77947637E+02   4895.2 4.779E+03 3.157E+11 8.519E-03 9.856E-01 2.000E+05 6.121E-10 4.570E+02 7.351E+05
 5.19003998E+02   5111.6 5.189E+03 5.671E+11 1.385E-02 1.261E+00 2.000E+05 2.585E-07 3.379E+03 7.502E+05
 5.51381981E+02   5359.6 5.512E+03 1.114E+12 2.422E-02 1.621E+00 2.000E+05 1.640E-05 1.336E+04 7.656E+05
 5.75262528E+02   5645.6 5.751E+03 2.333E+12 4.497E-02 2.098E+00 2.000E+05 5.144E-04 4.180E+04 7.805E+05
 5.92129043E+02   5965.3 5.919E+03 4.975E+12 8.586E-02 2.722E+00 2.000E+05 3.124E-03 7.492E+04 7.922E+05
 6.03864777E+02   6308.4 6.035E+03 1.036E+13 1.643E-01 3.507E+00 2.000E+05 1.227E-02 1.133E+05 7.986E+05
 6.12209255E+02   6647.4 6.118E+03 1.989E+13 3.012E-01 4.437E+00 2.000E+05 1.382E-01 2.435E+05 7.999E+05
 6.18490478E+02   6956.6 6.180E+03 3.414E+13 5.129E-01 5.395E+00 2.000E+05 4.666E-01 3.744E+05 7.992E+05
 6.23697189E+02   7206.7 6.231E+03 5.107E+13 7.803E-01 6.297E+00 2.000E+05 6.955E-01 4.347E+05 7.994E+05
 6.28474129E+02   7404.6 6.278E+03 6.893E+13 1.083E+00 7.070E+00 2.000E+05 7.955E-01 4.321E+05 8.007E+05
 6.33271679E+02   7557.3 6.325E+03 8.597E+13 1.391E+00 7.744E+00 2.000E+05 8.482E-01 4.161E+05 8.027E+05
 6.38328612E+02   7696.2 6.375E+03 1.043E+14 1.742E+00 8.375E+00 2.000E+05 8.882E-01 4.144E+05 8.054E+05
 6.43742793E+02   7829.6 6.428E+03 1.248E+14 2.159E+00 9.006E+00 2.000E+05 9.167E-01 4.121E+05 8.087E+05
 6.49603547E+02   7956.9 6.486E+03 1.472E+14 2.645E+00 9.640E+00 2.000E+05 9.358E-01 4.039E+05 8.125E+05
 6.56023915E+02   8078.6 6.550E+03 1.717E+14 3.204E+00 1.028E+01 2.000E+05 9.505E-01 3.989E+05 8.169E+05
 6.63087966E+02   8201.6 6.620E+03 1.995E+14 3.878E+00 1.099E+01 2.000E+05 9.610E-01 4.093E+05 8.218E+05
PRADK 4.3431E-01
BEGIN                    ITERATION  15 COMPLETED
