TEFF   6750.  GRAVITY 4.50000 LTE 
TITLE  [-1.0a] N(He)/Ntot=0.0784 VTURB=2.0  L/H=1.25 ODFNEW                     
 OPACITY IFOP 1 1 1 1 1 1 1 1 1 1 1 1 1 0 1 0 0 0 0 0
 CONVECTION ON   1.25 TURBULENCE OFF  0.00  0.00  0.00  0.00
ABUNDANCE SCALE   0.10000 ABUNDANCE CHANGE 1 0.92130 2 0.07842
 ABUNDANCE CHANGE  3 -10.94  4 -10.64  5  -9.49  6  -3.52  7  -4.12  8  -2.81
 ABUNDANCE CHANGE  9  -7.48 10  -3.56 11  -5.71 12  -4.06 13  -5.57 14  -4.09
 ABUNDANCE CHANGE 15  -6.59 16  -4.31 17  -6.54 18  -5.24 19  -6.92 20  -5.28
 ABUNDANCE CHANGE 21  -8.87 22  -6.62 23  -8.04 24  -6.37 25  -6.65 26  -4.54
 ABUNDANCE CHANGE 27  -7.12 28  -5.79 29  -7.83 30  -7.44 31  -9.16 32  -8.63
 ABUNDANCE CHANGE 33  -9.67 34  -8.63 35  -9.41 36  -8.73 37  -9.44 38  -9.07
 ABUNDANCE CHANGE 39  -9.80 40  -9.44 41 -10.62 42 -10.12 43 -20.00 44 -10.20
 ABUNDANCE CHANGE 45 -10.92 46 -10.35 47 -11.10 48 -10.27 49 -10.38 50 -10.04
 ABUNDANCE CHANGE 51 -11.04 52  -9.80 53 -10.53 54  -9.87 55 -10.91 56  -9.91
 ABUNDANCE CHANGE 57 -10.87 58 -10.46 59 -11.33 60 -10.54 61 -20.00 62 -11.03
 ABUNDANCE CHANGE 63 -11.53 64 -10.92 65 -11.69 66 -10.90 67 -11.78 68 -11.11
 ABUNDANCE CHANGE 69 -12.04 70 -10.96 71 -11.98 72 -11.16 73 -12.17 74 -10.93
 ABUNDANCE CHANGE 75 -11.76 76 -10.59 77 -10.69 78 -10.24 79 -11.03 80 -10.91
 ABUNDANCE CHANGE 81 -11.14 82 -10.09 83 -11.33 84 -20.00 85 -20.00 86 -20.00
 ABUNDANCE CHANGE 87 -20.00 88 -20.00 89 -20.00 90 -11.95 91 -20.00 92 -12.54
 ABUNDANCE CHANGE 93 -20.00 94 -20.00 95 -20.00 96 -20.00 97 -20.00 98 -20.00
 ABUNDANCE CHANGE 99 -20.00
READ DECK6 72 RHOX,T,P,XNE,ABROSS,ACCRAD,VTURB, FLXCNV,VCONV,VELSND
 4.43663822E-04   4551.2 1.403E+01 3.939E+09 3.006E-04 6.681E-02 2.000E+05 0.000E+00 0.000E+00 8.023E+05
 5.84904959E-04   4569.7 1.850E+01 4.874E+09 3.292E-04 6.732E-02 2.000E+05 0.000E+00 0.000E+00 7.818E+05
 7.56252772E-04   4587.8 2.391E+01 5.961E+09 3.631E-04 6.704E-02 2.000E+05 0.000E+00 0.000E+00 7.672E+05
 9.62532031E-04   4606.7 3.044E+01 7.246E+09 4.038E-04 6.661E-02 2.000E+05 0.000E+00 0.000E+00 7.566E+05
 1.20907484E-03   4626.0 3.823E+01 8.753E+09 4.517E-04 6.641E-02 2.000E+05 0.000E+00 0.000E+00 7.489E+05
 1.50238789E-03   4645.4 4.751E+01 1.051E+10 5.071E-04 6.628E-02 2.000E+05 0.000E+00 0.000E+00 7.434E+05
 1.85026109E-03   4664.7 5.851E+01 1.255E+10 5.709E-04 6.621E-02 2.000E+05 0.000E+00 0.000E+00 7.393E+05
 2.26191379E-03   4684.1 7.153E+01 1.493E+10 6.439E-04 6.625E-02 2.000E+05 0.000E+00 0.000E+00 7.365E+05
 2.74804816E-03   4703.6 8.690E+01 1.769E+10 7.278E-04 6.640E-02 2.000E+05 0.000E+00 0.000E+00 7.345E+05
 3.32107234E-03   4723.3 1.050E+02 2.091E+10 8.242E-04 6.675E-02 2.000E+05 0.000E+00 0.000E+00 7.332E+05
 3.99508704E-03   4743.5 1.263E+02 2.468E+10 9.354E-04 6.743E-02 2.000E+05 0.000E+00 0.000E+00 7.324E+05
 4.78638465E-03   4764.1 1.514E+02 2.908E+10 1.063E-03 6.816E-02 2.000E+05 0.000E+00 0.000E+00 7.321E+05
 5.71373624E-03   4785.3 1.807E+02 3.426E+10 1.211E-03 6.892E-02 2.000E+05 0.000E+00 0.000E+00 7.322E+05
 6.79825166E-03   4807.3 2.150E+02 4.035E+10 1.382E-03 6.990E-02 2.000E+05 0.000E+00 0.000E+00 7.326E+05
 8.06390701E-03   4830.1 2.550E+02 4.754E+10 1.581E-03 7.094E-02 2.000E+05 0.000E+00 0.000E+00 7.332E+05
 9.53814169E-03   4853.8 3.016E+02 5.604E+10 1.812E-03 7.202E-02 2.000E+05 0.000E+00 0.000E+00 7.341E+05
 1.12520129E-02   4878.4 3.558E+02 6.610E+10 2.080E-03 7.343E-02 2.000E+05 0.000E+00 0.000E+00 7.352E+05
 1.32408625E-02   4904.0 4.187E+02 7.802E+10 2.392E-03 7.500E-02 2.000E+05 0.000E+00 0.000E+00 7.364E+05
 1.55452111E-02   4930.5 4.916E+02 9.215E+10 2.755E-03 7.659E-02 2.000E+05 0.000E+00 0.000E+00 7.378E+05
 1.82115581E-02   4957.8 5.759E+02 1.089E+11 3.177E-03 7.823E-02 2.000E+05 0.000E+00 0.000E+00 7.394E+05
 2.12943193E-02   4985.8 6.734E+02 1.287E+11 3.665E-03 7.989E-02 2.000E+05 0.000E+00 0.000E+00 7.410E+05
 2.48565646E-02   5014.5 7.860E+02 1.522E+11 4.231E-03 8.168E-02 2.000E+05 0.000E+00 0.000E+00 7.427E+05
 2.89716037E-02   5043.4 9.162E+02 1.797E+11 4.884E-03 8.385E-02 2.000E+05 0.000E+00 0.000E+00 7.445E+05
 3.37250841E-02   5072.8 1.066E+03 2.121E+11 5.639E-03 8.640E-02 2.000E+05 0.000E+00 0.000E+00 7.464E+05
 3.92167423E-02   5102.2 1.240E+03 2.501E+11 6.507E-03 8.945E-02 2.000E+05 0.000E+00 0.000E+00 7.483E+05
 4.55646978E-02   5131.8 1.441E+03 2.946E+11 7.504E-03 9.278E-02 2.000E+05 0.000E+00 0.000E+00 7.502E+05
 5.29097744E-02   5161.2 1.673E+03 3.464E+11 8.643E-03 9.648E-02 2.000E+05 0.000E+00 0.000E+00 7.521E+05
 6.14204420E-02   5190.3 1.942E+03 4.065E+11 9.939E-03 1.006E-01 2.000E+05 0.000E+00 0.000E+00 7.540E+05
 7.12986909E-02   5218.7 2.255E+03 4.758E+11 1.141E-02 1.053E-01 2.000E+05 0.000E+00 0.000E+00 7.559E+05
 8.27856767E-02   5246.6 2.618E+03 5.558E+11 1.307E-02 1.106E-01 2.000E+05 0.000E+00 0.000E+00 7.578E+05
 9.61696762E-02   5273.7 3.041E+03 6.475E+11 1.495E-02 1.167E-01 2.000E+05 0.000E+00 0.000E+00 7.597E+05
 1.11792225E-01   5300.0 3.535E+03 7.524E+11 1.706E-02 1.240E-01 2.000E+05 0.000E+00 0.000E+00 7.615E+05
 1.30052314E-01   5325.7 4.113E+03 8.727E+11 1.945E-02 1.325E-01 2.000E+05 0.000E+00 0.000E+00 7.633E+05
 1.51425597E-01   5350.8 4.788E+03 1.010E+12 2.215E-02 1.420E-01 2.000E+05 0.000E+00 0.000E+00 7.651E+05
 1.76470624E-01   5375.5 5.580E+03 1.169E+12 2.520E-02 1.529E-01 2.000E+05 0.000E+00 0.000E+00 7.668E+05
 2.05840833E-01   5399.6 6.509E+03 1.349E+12 2.864E-02 1.656E-01 2.000E+05 0.000E+00 0.000E+00 7.686E+05
 2.40296436E-01   5423.7 7.599E+03 1.558E+12 3.256E-02 1.800E-01 2.000E+05 0.000E+00 0.000E+00 7.703E+05
 2.80724852E-01   5447.8 8.877E+03 1.798E+12 3.700E-02 1.965E-01 2.000E+05 0.000E+00 0.000E+00 7.720E+05
 3.28149033E-01   5472.2 1.038E+04 2.077E+12 4.208E-02 2.156E-01 2.000E+05 0.000E+00 0.000E+00 7.738E+05
 3.83687443E-01   5497.6 1.213E+04 2.404E+12 4.797E-02 2.384E-01 2.000E+05 0.000E+00 0.000E+00 7.756E+05
 4.48588747E-01   5524.4 1.419E+04 2.790E+12 5.480E-02 2.648E-01 2.000E+05 0.000E+00 0.000E+00 7.775E+05
 5.24227741E-01   5553.2 1.658E+04 3.252E+12 6.281E-02 2.959E-01 2.000E+05 0.000E+00 0.000E+00 7.794E+05
 6.12064686E-01   5584.8 1.936E+04 3.810E+12 7.228E-02 3.329E-01 2.000E+05 0.000E+00 0.000E+00 7.816E+05
 7.13557917E-01   5620.4 2.256E+04 4.498E+12 8.367E-02 3.775E-01 2.000E+05 0.000E+00 0.000E+00 7.840E+05
 8.30029920E-01   5661.2 2.625E+04 5.364E+12 9.761E-02 4.323E-01 2.000E+05 0.000E+00 0.000E+00 7.866E+05
 9.62540600E-01   5708.9 3.044E+04 6.479E+12 1.150E-01 5.007E-01 2.000E+05 0.000E+00 0.000E+00 7.897E+05
 1.11147948E+00   5766.1 3.515E+04 7.967E+12 1.375E-01 5.898E-01 2.000E+05 0.000E+00 0.000E+00 7.933E+05
 1.27614395E+00   5835.4 4.035E+04 1.001E+13 1.673E-01 7.087E-01 2.000E+05 0.000E+00 0.000E+00 7.975E+05
 1.45490641E+00   5918.8 4.601E+04 1.288E+13 2.074E-01 8.681E-01 2.000E+05 0.000E+00 0.000E+00 8.024E+05
 1.64510049E+00   6019.4 5.202E+04 1.706E+13 2.629E-01 1.088E+00 2.000E+05 0.000E+00 0.000E+00 8.080E+05
 1.84282431E+00   6140.5 5.827E+04 2.331E+13 3.415E-01 1.399E+00 2.000E+05 0.000E+00 0.000E+00 8.144E+05
 2.04270571E+00   6286.7 6.459E+04 3.304E+13 4.577E-01 1.860E+00 2.000E+05 0.000E+00 0.000E+00 8.216E+05
 2.23838614E+00   6462.3 7.078E+04 4.866E+13 6.338E-01 2.559E+00 2.000E+05 0.000E+00 0.000E+00 8.292E+05
 2.42350380E+00   6672.2 7.664E+04 7.452E+13 9.103E-01 3.661E+00 2.000E+05 1.044E-06 4.315E+03 8.368E+05
 2.59153542E+00   6925.1 8.195E+04 1.192E+14 1.369E+00 5.501E+00 2.000E+05 6.134E-05 1.638E+04 8.439E+05
 2.73723491E+00   7225.5 8.655E+04 1.982E+14 2.157E+00 8.686E+00 2.000E+05 1.767E-03 4.890E+04 8.497E+05
 2.85568597E+00   7599.1 9.030E+04 3.495E+14 3.676E+00 1.467E+01 2.000E+05 1.399E-02 9.408E+04 8.539E+05
 2.94538008E+00   8027.3 9.313E+04 6.235E+14 6.564E+00 2.423E+01 2.000E+05 7.245E-02 1.548E+05 8.575E+05
 3.01506519E+00   8403.7 9.534E+04 9.867E+14 1.071E+01 3.158E+01 2.000E+05 2.748E-01 2.348E+05 8.621E+05
 3.07583810E+00   8694.8 9.726E+04 1.370E+15 1.547E+01 3.262E+01 2.000E+05 4.715E-01 2.731E+05 8.676E+05
 3.13419882E+00   8936.1 9.910E+04 1.770E+15 2.078E+01 3.034E+01 2.000E+05 6.255E-01 2.920E+05 8.738E+05
 3.19353004E+00   9147.0 1.010E+05 2.192E+15 2.671E+01 2.735E+01 2.000E+05 7.359E-01 3.012E+05 8.805E+05
 3.25595173E+00   9340.1 1.029E+05 2.643E+15 3.342E+01 2.460E+01 2.000E+05 8.102E-01 3.044E+05 8.876E+05
 3.32333664E+00   9520.5 1.051E+05 3.129E+15 4.085E+01 2.237E+01 2.000E+05 8.598E-01 3.048E+05 8.951E+05
 3.39731073E+00   9695.7 1.074E+05 3.666E+15 4.934E+01 2.055E+01 2.000E+05 8.937E-01 3.034E+05 9.033E+05
 3.47951869E+00   9865.3 1.100E+05 4.253E+15 5.889E+01 1.909E+01 2.000E+05 9.176E-01 3.016E+05 9.118E+05
 3.57160167E+00  10036.5 1.129E+05 4.918E+15 6.993E+01 1.780E+01 2.000E+05 9.352E-01 2.987E+05 9.212E+05
 3.67552997E+00  10204.6 1.162E+05 5.649E+15 8.227E+01 1.668E+01 2.000E+05 9.486E-01 2.967E+05 9.311E+05
 3.79326981E+00  10380.3 1.199E+05 6.498E+15 9.688E+01 1.565E+01 2.000E+05 9.587E-01 2.929E+05 9.420E+05
 3.92735024E+00  10550.6 1.242E+05 7.421E+15 1.129E+02 1.471E+01 2.000E+05 9.671E-01 2.913E+05 9.533E+05
 4.08020420E+00  10736.8 1.290E+05 8.530E+15 1.325E+02 1.389E+01 2.000E+05 9.732E-01 2.872E+05 9.663E+05
 4.25536077E+00  10911.1 1.345E+05 9.702E+15 1.531E+02 1.373E+01 2.000E+05 9.773E-01 2.848E+05 9.791E+05
PRADK 2.7810E+00
BEGIN                    ITERATION  15 COMPLETED
