TEFF   7250.  GRAVITY 4.00000 LTE 
TITLE  [-1.5a] N(He)/Ntot=0.0784 VTURB=2.0  L/H=1.25 ODFNEW                     
 OPACITY IFOP 1 1 1 1 1 1 1 1 1 1 1 1 1 0 1 0 0 0 0 0
 CONVECTION ON   1.25 TURBULENCE OFF  0.00  0.00  0.00  0.00
ABUNDANCE SCALE   0.03162 ABUNDANCE CHANGE 1 0.92157 2 0.07843
 ABUNDANCE CHANGE  3 -10.94  4 -10.64  5  -9.49  6  -3.52  7  -4.12  8  -2.81
 ABUNDANCE CHANGE  9  -7.48 10  -3.56 11  -5.71 12  -4.06 13  -5.57 14  -4.09
 ABUNDANCE CHANGE 15  -6.59 16  -4.31 17  -6.54 18  -5.24 19  -6.92 20  -5.28
 ABUNDANCE CHANGE 21  -8.87 22  -6.62 23  -8.04 24  -6.37 25  -6.65 26  -4.54
 ABUNDANCE CHANGE 27  -7.12 28  -5.79 29  -7.83 30  -7.44 31  -9.16 32  -8.63
 ABUNDANCE CHANGE 33  -9.67 34  -8.63 35  -9.41 36  -8.73 37  -9.44 38  -9.07
 ABUNDANCE CHANGE 39  -9.80 40  -9.44 41 -10.62 42 -10.12 43 -20.00 44 -10.20
 ABUNDANCE CHANGE 45 -10.92 46 -10.35 47 -11.10 48 -10.27 49 -10.38 50 -10.04
 ABUNDANCE CHANGE 51 -11.04 52  -9.80 53 -10.53 54  -9.87 55 -10.91 56  -9.91
 ABUNDANCE CHANGE 57 -10.87 58 -10.46 59 -11.33 60 -10.54 61 -20.00 62 -11.03
 ABUNDANCE CHANGE 63 -11.53 64 -10.92 65 -11.69 66 -10.90 67 -11.78 68 -11.11
 ABUNDANCE CHANGE 69 -12.04 70 -10.96 71 -11.98 72 -11.16 73 -12.17 74 -10.93
 ABUNDANCE CHANGE 75 -11.76 76 -10.59 77 -10.69 78 -10.24 79 -11.03 80 -10.91
 ABUNDANCE CHANGE 81 -11.14 82 -10.09 83 -11.33 84 -20.00 85 -20.00 86 -20.00
 ABUNDANCE CHANGE 87 -20.00 88 -20.00 89 -20.00 90 -11.95 91 -20.00 92 -12.54
 ABUNDANCE CHANGE 93 -20.00 94 -20.00 95 -20.00 96 -20.00 97 -20.00 98 -20.00
 ABUNDANCE CHANGE 99 -20.00
READ DECK6 72 RHOX,T,P,XNE,ABROSS,ACCRAD,VTURB, FLXCNV,VCONV,VELSND
 1.63306595E-04   4831.4 1.633E+00 3.464E+09 8.166E-04 1.072E-01 2.000E+05 0.000E+00 0.000E+00 1.328E+06
 2.17029310E-04   4863.0 2.170E+00 4.448E+09 8.392E-04 1.063E-01 2.000E+05 0.000E+00 0.000E+00 1.211E+06
 2.87704782E-04   4882.7 2.877E+00 5.474E+09 8.392E-04 1.046E-01 2.000E+05 0.000E+00 0.000E+00 1.118E+06
 3.80421076E-04   4909.7 3.804E+00 6.892E+09 8.669E-04 1.029E-01 2.000E+05 0.000E+00 0.000E+00 1.039E+06
 4.99363602E-04   4937.5 4.994E+00 8.656E+09 9.073E-04 1.010E-01 2.000E+05 0.000E+00 0.000E+00 9.760E+05
 6.49735278E-04   4966.4 6.497E+00 1.085E+10 9.636E-04 9.907E-02 2.000E+05 0.000E+00 0.000E+00 9.255E+05
 8.37414928E-04   4995.7 8.374E+00 1.355E+10 1.035E-03 9.720E-02 2.000E+05 0.000E+00 0.000E+00 8.856E+05
 1.06921437E-03   5025.0 1.069E+01 1.681E+10 1.123E-03 9.554E-02 2.000E+05 0.000E+00 0.000E+00 8.545E+05
 1.35292586E-03   5054.1 1.353E+01 2.073E+10 1.228E-03 9.422E-02 2.000E+05 0.000E+00 0.000E+00 8.302E+05
 1.69759778E-03   5083.0 1.698E+01 2.542E+10 1.352E-03 9.310E-02 2.000E+05 0.000E+00 0.000E+00 8.113E+05
 2.11377729E-03   5111.6 2.114E+01 3.098E+10 1.497E-03 9.219E-02 2.000E+05 0.000E+00 0.000E+00 7.967E+05
 2.61368272E-03   5139.9 2.614E+01 3.756E+10 1.666E-03 9.146E-02 2.000E+05 0.000E+00 0.000E+00 7.854E+05
 3.21186522E-03   5167.6 3.212E+01 4.526E+10 1.859E-03 9.092E-02 2.000E+05 0.000E+00 0.000E+00 7.767E+05
 3.92562055E-03   5194.7 3.926E+01 5.426E+10 2.080E-03 9.079E-02 2.000E+05 0.000E+00 0.000E+00 7.701E+05
 4.77512062E-03   5221.4 4.775E+01 6.477E+10 2.333E-03 9.094E-02 2.000E+05 0.000E+00 0.000E+00 7.652E+05
 5.78416727E-03   5247.7 5.784E+01 7.698E+10 2.622E-03 9.142E-02 2.000E+05 0.000E+00 0.000E+00 7.615E+05
 6.98077346E-03   5273.6 6.981E+01 9.118E+10 2.951E-03 9.226E-02 2.000E+05 0.000E+00 0.000E+00 7.589E+05
 8.39754655E-03   5299.4 8.397E+01 1.077E+11 3.326E-03 9.350E-02 2.000E+05 0.000E+00 0.000E+00 7.572E+05
 1.00724349E-02   5325.1 1.007E+02 1.269E+11 3.754E-03 9.515E-02 2.000E+05 0.000E+00 0.000E+00 7.561E+05
 1.20491188E-02   5350.9 1.205E+02 1.493E+11 4.246E-03 9.741E-02 2.000E+05 0.000E+00 0.000E+00 7.556E+05
 1.43777515E-02   5377.1 1.438E+02 1.754E+11 4.810E-03 1.001E-01 2.000E+05 0.000E+00 0.000E+00 7.555E+05
 1.71166732E-02   5403.6 1.712E+02 2.059E+11 5.458E-03 1.034E-01 2.000E+05 0.000E+00 0.000E+00 7.558E+05
 2.03325634E-02   5430.6 2.033E+02 2.417E+11 6.204E-03 1.072E-01 2.000E+05 0.000E+00 0.000E+00 7.564E+05
 2.41020978E-02   5458.2 2.410E+02 2.835E+11 7.063E-03 1.114E-01 2.000E+05 0.000E+00 0.000E+00 7.572E+05
 2.85146919E-02   5486.3 2.851E+02 3.325E+11 8.051E-03 1.163E-01 2.000E+05 0.000E+00 0.000E+00 7.583E+05
 3.36740433E-02   5514.9 3.367E+02 3.898E+11 9.186E-03 1.218E-01 2.000E+05 0.000E+00 0.000E+00 7.596E+05
 3.97030108E-02   5543.7 3.970E+02 4.565E+11 1.048E-02 1.282E-01 2.000E+05 0.000E+00 0.000E+00 7.610E+05
 4.67456799E-02   5572.8 4.675E+02 5.343E+11 1.197E-02 1.353E-01 2.000E+05 0.000E+00 0.000E+00 7.625E+05
 5.49701992E-02   5602.1 5.497E+02 6.247E+11 1.367E-02 1.432E-01 2.000E+05 0.000E+00 0.000E+00 7.642E+05
 6.45801236E-02   5631.1 6.458E+02 7.290E+11 1.559E-02 1.519E-01 2.000E+05 0.000E+00 0.000E+00 7.659E+05
 7.58205228E-02   5659.8 7.582E+02 8.492E+11 1.777E-02 1.616E-01 2.000E+05 0.000E+00 0.000E+00 7.677E+05
 8.89917379E-02   5687.5 8.899E+02 9.859E+11 2.019E-02 1.722E-01 2.000E+05 0.000E+00 0.000E+00 7.696E+05
 1.04460973E-01   5714.2 1.045E+03 1.141E+12 2.290E-02 1.841E-01 2.000E+05 0.000E+00 0.000E+00 7.715E+05
 1.22683948E-01   5739.2 1.227E+03 1.315E+12 2.588E-02 1.974E-01 2.000E+05 0.000E+00 0.000E+00 7.735E+05
 1.44212219E-01   5763.0 1.442E+03 1.511E+12 2.918E-02 2.125E-01 2.000E+05 0.000E+00 0.000E+00 7.754E+05
 1.69716167E-01   5785.1 1.697E+03 1.729E+12 3.280E-02 2.293E-01 2.000E+05 0.000E+00 0.000E+00 7.774E+05
 1.99985823E-01   5806.7 2.000E+03 1.976E+12 3.685E-02 2.486E-01 2.000E+05 0.000E+00 0.000E+00 7.794E+05
 2.35935882E-01   5827.8 2.359E+03 2.257E+12 4.136E-02 2.704E-01 2.000E+05 0.000E+00 0.000E+00 7.815E+05
 2.78618732E-01   5849.4 2.786E+03 2.581E+12 4.649E-02 2.956E-01 2.000E+05 0.000E+00 0.000E+00 7.835E+05
 3.29215967E-01   5871.9 3.292E+03 2.958E+12 5.236E-02 3.249E-01 2.000E+05 0.000E+00 0.000E+00 7.856E+05
 3.89001749E-01   5896.6 3.890E+03 3.406E+12 5.921E-02 3.597E-01 2.000E+05 0.000E+00 0.000E+00 7.878E+05
 4.59311608E-01   5924.1 4.593E+03 3.943E+12 6.731E-02 4.009E-01 2.000E+05 0.000E+00 0.000E+00 7.900E+05
 5.41544706E-01   5955.4 5.415E+03 4.598E+12 7.699E-02 4.506E-01 2.000E+05 0.000E+00 0.000E+00 7.923E+05
 6.37031899E-01   5991.7 6.370E+03 5.412E+12 8.878E-02 5.114E-01 2.000E+05 0.000E+00 0.000E+00 7.948E+05
 7.46920529E-01   6034.5 7.469E+03 6.444E+12 1.034E-01 5.870E-01 2.000E+05 0.000E+00 0.000E+00 7.974E+05
 8.71994184E-01   6085.4 8.720E+03 7.784E+12 1.219E-01 6.833E-01 2.000E+05 0.000E+00 0.000E+00 8.002E+05
 1.01244424E+00   6146.6 1.012E+04 9.564E+12 1.458E-01 8.085E-01 2.000E+05 0.000E+00 0.000E+00 8.032E+05
 1.16746892E+00   6221.1 1.167E+04 1.201E+13 1.780E-01 9.774E-01 2.000E+05 0.000E+00 0.000E+00 8.065E+05
 1.33508306E+00   6311.5 1.335E+04 1.545E+13 2.219E-01 1.209E+00 2.000E+05 0.000E+00 0.000E+00 8.100E+05
 1.51212412E+00   6421.1 1.512E+04 2.043E+13 2.838E-01 1.536E+00 2.000E+05 0.000E+00 0.000E+00 8.136E+05
 1.69412066E+00   6553.8 1.694E+04 2.785E+13 3.736E-01 2.013E+00 2.000E+05 0.000E+00 0.000E+00 8.171E+05
 1.87538942E+00   6714.0 1.875E+04 3.926E+13 5.091E-01 2.735E+00 2.000E+05 2.348E+00 0.000E+00 8.204E+05
 2.04939676E+00   6907.0 2.049E+04 5.734E+13 7.214E-01 3.878E+00 2.000E+05 2.876E+02 6.351E+02 8.232E+05
 2.20974899E+00   7137.2 2.209E+04 8.666E+13 1.068E+00 5.764E+00 2.000E+05 1.248E+04 3.016E+03 8.252E+05
 2.34981675E+00   7418.6 2.349E+04 1.369E+14 1.681E+00 9.164E+00 2.000E+05 5.862E+05 1.005E+04 8.270E+05
 2.46570226E+00   7745.2 2.465E+04 2.213E+14 2.779E+00 1.538E+01 2.000E+05 1.433E+07 3.458E+04 8.296E+05
 2.55431080E+00   8159.6 2.554E+04 3.800E+14 5.105E+00 2.856E+01 2.000E+05 1.372E+08 9.347E+04 8.361E+05
 2.61491948E+00   8661.5 2.614E+04 6.736E+14 1.024E+01 5.364E+01 2.000E+05 1.059E+09 1.787E+05 8.509E+05
 2.65775671E+00   9091.1 2.657E+04 1.036E+15 1.784E+01 7.213E+01 2.000E+05 3.283E+09 3.362E+05 8.705E+05
 2.69412010E+00   9394.4 2.693E+04 1.365E+15 2.573E+01 7.070E+01 2.000E+05 5.864E+09 4.041E+05 8.882E+05
 2.72963105E+00   9635.0 2.728E+04 1.673E+15 3.369E+01 6.261E+01 2.000E+05 7.857E+09 4.372E+05 9.045E+05
 2.76673727E+00   9845.8 2.765E+04 1.978E+15 4.212E+01 5.475E+01 2.000E+05 9.243E+09 4.584E+05 9.205E+05
 2.80692896E+00  10041.7 2.805E+04 2.292E+15 5.120E+01 4.821E+01 2.000E+05 1.016E+10 4.697E+05 9.367E+05
 2.85155186E+00  10227.7 2.849E+04 2.617E+15 6.087E+01 4.331E+01 2.000E+05 1.075E+10 4.775E+05 9.533E+05
 2.90187084E+00  10413.8 2.899E+04 2.967E+15 7.166E+01 3.971E+01 2.000E+05 1.114E+10 4.826E+05 9.712E+05
 2.95922897E+00  10598.1 2.956E+04 3.339E+15 8.338E+01 3.699E+01 2.000E+05 1.141E+10 4.869E+05 9.899E+05
 3.02509700E+00  10790.8 3.022E+04 3.750E+15 9.665E+01 3.494E+01 2.000E+05 1.160E+10 4.907E+05 1.011E+06
 3.10123667E+00  10986.5 3.098E+04 4.192E+15 1.110E+02 3.329E+01 2.000E+05 1.175E+10 4.949E+05 1.033E+06
 3.18968587E+00  11198.9 3.186E+04 4.690E+15 1.273E+02 3.230E+01 2.000E+05 1.186E+10 4.988E+05 1.058E+06
 3.29347682E+00  11419.8 3.290E+04 5.229E+15 1.434E+02 3.134E+01 2.000E+05 1.194E+10 5.038E+05 1.085E+06
 3.41653846E+00  11671.2 3.412E+04 5.852E+15 1.611E+02 3.108E+01 2.000E+05 1.201E+10 5.088E+05 1.118E+06
 3.56368695E+00  11939.5 3.559E+04 6.528E+15 1.788E+02 3.217E+01 2.000E+05 1.204E+10 5.162E+05 1.153E+06
PRADK 3.7056E+00
BEGIN                    ITERATION  15 COMPLETED
