TEFF   8000.  GRAVITY 4.00000 LTE 
TITLE  [-1.5a] N(He)/Ntot=0.0784 VTURB=2.0  L/H=1.25 ODFNEW                     
 OPACITY IFOP 1 1 1 1 1 1 1 1 1 1 1 1 1 0 1 0 0 0 0 0
 CONVECTION ON   1.25 TURBULENCE OFF  0.00  0.00  0.00  0.00
ABUNDANCE SCALE   0.03162 ABUNDANCE CHANGE 1 0.92157 2 0.07843
 ABUNDANCE CHANGE  3 -10.94  4 -10.64  5  -9.49  6  -3.52  7  -4.12  8  -2.81
 ABUNDANCE CHANGE  9  -7.48 10  -3.56 11  -5.71 12  -4.06 13  -5.57 14  -4.09
 ABUNDANCE CHANGE 15  -6.59 16  -4.31 17  -6.54 18  -5.24 19  -6.92 20  -5.28
 ABUNDANCE CHANGE 21  -8.87 22  -6.62 23  -8.04 24  -6.37 25  -6.65 26  -4.54
 ABUNDANCE CHANGE 27  -7.12 28  -5.79 29  -7.83 30  -7.44 31  -9.16 32  -8.63
 ABUNDANCE CHANGE 33  -9.67 34  -8.63 35  -9.41 36  -8.73 37  -9.44 38  -9.07
 ABUNDANCE CHANGE 39  -9.80 40  -9.44 41 -10.62 42 -10.12 43 -20.00 44 -10.20
 ABUNDANCE CHANGE 45 -10.92 46 -10.35 47 -11.10 48 -10.27 49 -10.38 50 -10.04
 ABUNDANCE CHANGE 51 -11.04 52  -9.80 53 -10.53 54  -9.87 55 -10.91 56  -9.91
 ABUNDANCE CHANGE 57 -10.87 58 -10.46 59 -11.33 60 -10.54 61 -20.00 62 -11.03
 ABUNDANCE CHANGE 63 -11.53 64 -10.92 65 -11.69 66 -10.90 67 -11.78 68 -11.11
 ABUNDANCE CHANGE 69 -12.04 70 -10.96 71 -11.98 72 -11.16 73 -12.17 74 -10.93
 ABUNDANCE CHANGE 75 -11.76 76 -10.59 77 -10.69 78 -10.24 79 -11.03 80 -10.91
 ABUNDANCE CHANGE 81 -11.14 82 -10.09 83 -11.33 84 -20.00 85 -20.00 86 -20.00
 ABUNDANCE CHANGE 87 -20.00 88 -20.00 89 -20.00 90 -11.95 91 -20.00 92 -12.54
 ABUNDANCE CHANGE 93 -20.00 94 -20.00 95 -20.00 96 -20.00 97 -20.00 98 -20.00
 ABUNDANCE CHANGE 99 -20.00
READ DECK6 72 RHOX,T,P,XNE,ABROSS,ACCRAD,VTURB, FLXCNV,VCONV,VELSND
 2.40281931E-05   5229.7 2.403E-01 4.624E+09 5.550E-03 3.811E-01 2.000E+05 0.000E+00 0.000E+00 2.259E+06
 3.23526650E-05   5245.5 3.235E-01 5.627E+09 5.136E-03 3.788E-01 2.000E+05 0.000E+00 0.000E+00 2.036E+06
 4.44666565E-05   5256.2 4.446E-01 6.817E+09 4.656E-03 3.752E-01 2.000E+05 0.000E+00 0.000E+00 1.835E+06
 6.21024282E-05   5274.7 6.210E-01 8.510E+09 4.313E-03 3.725E-01 2.000E+05 0.000E+00 0.000E+00 1.644E+06
 8.74623293E-05   5295.5 8.746E-01 1.073E+10 4.034E-03 3.693E-01 2.000E+05 0.000E+00 0.000E+00 1.474E+06
 1.23165289E-04   5322.3 1.232E+00 1.376E+10 3.868E-03 3.662E-01 2.000E+05 0.000E+00 0.000E+00 1.326E+06
 1.72264021E-04   5352.8 1.723E+00 1.774E+10 3.790E-03 3.627E-01 2.000E+05 0.000E+00 0.000E+00 1.202E+06
 2.38226177E-04   5387.2 2.382E+00 2.298E+10 3.806E-03 3.588E-01 2.000E+05 0.000E+00 0.000E+00 1.101E+06
 3.24798753E-04   5424.4 3.248E+00 2.972E+10 3.907E-03 3.547E-01 2.000E+05 0.000E+00 0.000E+00 1.019E+06
 4.36096163E-04   5463.5 4.361E+00 3.829E+10 4.090E-03 3.505E-01 2.000E+05 0.000E+00 0.000E+00 9.550E+05
 5.76709105E-04   5503.3 5.767E+00 4.899E+10 4.348E-03 3.465E-01 2.000E+05 0.000E+00 0.000E+00 9.048E+05
 7.51826276E-04   5543.6 7.518E+00 6.219E+10 4.684E-03 3.428E-01 2.000E+05 0.000E+00 0.000E+00 8.659E+05
 9.67550827E-04   5583.1 9.675E+00 7.819E+10 5.092E-03 3.398E-01 2.000E+05 0.000E+00 0.000E+00 8.359E+05
 1.23113075E-03   5621.9 1.231E+01 9.741E+10 5.577E-03 3.378E-01 2.000E+05 0.000E+00 0.000E+00 8.127E+05
 1.55108351E-03   5659.7 1.551E+01 1.203E+11 6.143E-03 3.370E-01 2.000E+05 0.000E+00 0.000E+00 7.950E+05
 1.93744582E-03   5696.6 1.937E+01 1.474E+11 6.799E-03 3.373E-01 2.000E+05 0.000E+00 0.000E+00 7.813E+05
 2.40216548E-03   5732.4 2.402E+01 1.793E+11 7.549E-03 3.390E-01 2.000E+05 0.000E+00 0.000E+00 7.709E+05
 2.95930158E-03   5767.3 2.959E+01 2.166E+11 8.410E-03 3.422E-01 2.000E+05 0.000E+00 0.000E+00 7.631E+05
 3.62539769E-03   5801.4 3.625E+01 2.602E+11 9.391E-03 3.475E-01 2.000E+05 0.000E+00 0.000E+00 7.572E+05
 4.41999805E-03   5834.6 4.420E+01 3.110E+11 1.051E-02 3.548E-01 2.000E+05 0.000E+00 0.000E+00 7.529E+05
 5.36595370E-03   5867.4 5.366E+01 3.700E+11 1.178E-02 3.640E-01 2.000E+05 0.000E+00 0.000E+00 7.499E+05
 6.48990028E-03   5899.8 6.490E+01 4.388E+11 1.324E-02 3.754E-01 2.000E+05 0.000E+00 0.000E+00 7.478E+05
 7.82211268E-03   5932.5 7.822E+01 5.193E+11 1.491E-02 3.890E-01 2.000E+05 0.000E+00 0.000E+00 7.466E+05
 9.39737844E-03   5965.3 9.397E+01 6.133E+11 1.683E-02 4.047E-01 2.000E+05 0.000E+00 0.000E+00 7.461E+05
 1.12555251E-02   5998.6 1.126E+02 7.235E+11 1.906E-02 4.230E-01 2.000E+05 0.000E+00 0.000E+00 7.460E+05
 1.34420401E-02   6032.5 1.344E+02 8.526E+11 2.162E-02 4.436E-01 2.000E+05 0.000E+00 0.000E+00 7.464E+05
 1.60104511E-02   6066.7 1.601E+02 1.003E+12 2.455E-02 4.664E-01 2.000E+05 0.000E+00 0.000E+00 7.472E+05
 1.90252082E-02   6100.8 1.902E+02 1.178E+12 2.789E-02 4.913E-01 2.000E+05 0.000E+00 0.000E+00 7.483E+05
 2.25657384E-02   6134.3 2.256E+02 1.378E+12 3.165E-02 5.184E-01 2.000E+05 0.000E+00 0.000E+00 7.496E+05
 2.67308926E-02   6166.6 2.673E+02 1.607E+12 3.584E-02 5.480E-01 2.000E+05 0.000E+00 0.000E+00 7.512E+05
 3.16453586E-02   6197.1 3.164E+02 1.865E+12 4.044E-02 5.808E-01 2.000E+05 0.000E+00 0.000E+00 7.530E+05
 3.74615635E-02   6226.1 3.746E+02 2.155E+12 4.551E-02 6.179E-01 2.000E+05 0.000E+00 0.000E+00 7.551E+05
 4.43570185E-02   6254.3 4.435E+02 2.487E+12 5.117E-02 6.593E-01 2.000E+05 0.000E+00 0.000E+00 7.572E+05
 5.25413393E-02   6281.7 5.254E+02 2.863E+12 5.746E-02 7.054E-01 2.000E+05 0.000E+00 0.000E+00 7.596E+05
 6.22587396E-02   6309.1 6.226E+02 3.296E+12 6.454E-02 7.571E-01 2.000E+05 0.000E+00 0.000E+00 7.620E+05
 7.37951718E-02   6336.4 7.379E+02 3.791E+12 7.250E-02 8.148E-01 2.000E+05 0.000E+00 0.000E+00 7.646E+05
 8.74865604E-02   6363.9 8.748E+02 4.362E+12 8.149E-02 8.798E-01 2.000E+05 0.000E+00 0.000E+00 7.680E+05
 1.03727404E-01   6391.6 1.037E+03 5.018E+12 9.164E-02 9.534E-01 2.000E+05 0.000E+00 0.000E+00 7.699E+05
 1.22971221E-01   6420.1 1.230E+03 5.779E+12 1.032E-01 1.038E+00 2.000E+05 0.000E+00 0.000E+00 7.727E+05
 1.45741529E-01   6449.5 1.457E+03 6.662E+12 1.164E-01 1.136E+00 2.000E+05 0.000E+00 0.000E+00 7.755E+05
 1.72634509E-01   6480.5 1.726E+03 7.698E+12 1.316E-01 1.250E+00 2.000E+05 0.000E+00 0.000E+00 7.783E+05
 2.04284684E-01   6514.1 2.043E+03 8.930E+12 1.494E-01 1.386E+00 2.000E+05 0.000E+00 0.000E+00 7.812E+05
 2.41350708E-01   6551.6 2.413E+03 1.042E+13 1.707E-01 1.551E+00 2.000E+05 0.000E+00 0.000E+00 7.840E+05
 2.84452742E-01   6594.4 2.844E+03 1.225E+13 1.966E-01 1.754E+00 2.000E+05 0.000E+00 0.000E+00 7.868E+05
 3.34083098E-01   6644.9 3.340E+03 1.457E+13 2.290E-01 2.012E+00 2.000E+05 0.000E+00 0.000E+00 7.896E+05
 3.90494564E-01   6705.1 3.904E+03 1.756E+13 2.706E-01 2.348E+00 2.000E+05 0.000E+00 0.000E+00 7.922E+05
 4.53627110E-01   6777.1 4.536E+03 2.150E+13 3.252E-01 2.792E+00 2.000E+05 0.000E+00 0.000E+00 7.948E+05
 5.22987952E-01   6864.0 5.229E+03 2.682E+13 3.988E-01 3.398E+00 2.000E+05 0.000E+00 0.000E+00 7.972E+05
 5.97497315E-01   6969.1 5.974E+03 3.421E+13 5.013E-01 4.251E+00 2.000E+05 0.000E+00 0.000E+00 7.995E+05
 6.75418858E-01   7096.4 6.753E+03 4.472E+13 6.489E-01 5.491E+00 2.000E+05 9.230E-06 0.000E+00 8.017E+05
 7.54273469E-01   7251.2 7.541E+03 6.015E+13 8.712E-01 7.371E+00 2.000E+05 7.246E-01 1.285E+01 8.040E+05
 8.31074551E-01   7437.3 8.308E+03 8.323E+13 1.217E+00 1.033E+01 2.000E+05 2.484E+01 5.227E+02 8.068E+05
 9.02653668E-01   7661.5 9.023E+03 1.188E+14 1.785E+00 1.522E+01 2.000E+05 7.925E+02 1.580E+03 8.108E+05
 9.66002426E-01   7930.3 9.655E+03 1.746E+14 2.766E+00 2.367E+01 2.000E+05 3.515E+04 4.747E+03 8.171E+05
 1.01884471E+00   8252.1 1.018E+04 2.642E+14 4.556E+00 3.911E+01 2.000E+05 2.009E+06 1.604E+04 8.277E+05
 1.06051932E+00   8627.3 1.060E+04 4.059E+14 7.900E+00 6.778E+01 2.000E+05 5.562E+07 5.916E+04 8.447E+05
 1.09134133E+00   9088.3 1.090E+04 6.417E+14 1.471E+01 1.245E+02 2.000E+05 3.685E+08 1.706E+05 8.731E+05
 1.11305088E+00   9616.6 1.112E+04 9.982E+14 2.746E+01 2.116E+02 2.000E+05 1.858E+09 2.899E+05 9.164E+05
 1.12994213E+00  10062.6 1.128E+04 1.361E+15 4.278E+01 2.545E+02 2.000E+05 4.905E+09 4.960E+05 9.629E+05
 1.14589387E+00  10397.0 1.144E+04 1.658E+15 5.623E+01 2.445E+02 2.000E+05 8.076E+09 5.927E+05 1.003E+06
 1.16264625E+00  10706.9 1.160E+04 1.939E+15 6.949E+01 2.282E+02 2.000E+05 1.037E+10 6.545E+05 1.045E+06
 1.18120722E+00  10998.9 1.178E+04 2.197E+15 8.168E+01 2.208E+02 2.000E+05 1.190E+10 7.019E+05 1.086E+06
 1.20258734E+00  11331.1 1.199E+04 2.466E+15 9.321E+01 2.259E+02 2.000E+05 1.254E+10 7.387E+05 1.136E+06
 1.22822929E+00  11702.0 1.224E+04 2.725E+15 1.009E+02 2.481E+02 2.000E+05 1.248E+10 7.574E+05 1.191E+06
 1.26065501E+00  12212.0 1.255E+04 2.984E+15 1.031E+02 3.770E+02 2.000E+05 9.500E+09 8.050E+05 1.265E+06
 1.30861371E+00  13310.1 1.301E+04 3.184E+15 8.235E+01 5.090E+02 2.000E+05 3.564E+09 4.019E+05 1.410E+06
 1.40064243E+00  14899.0 1.389E+04 3.183E+15 4.827E+01 3.703E+02 2.000E+05 2.385E+08 5.474E+04 1.601E+06
 1.60593733E+00  16479.3 1.588E+04 3.343E+15 3.154E+01 2.436E+02 2.000E+05 3.489E+05 1.431E+04 1.684E+06
 1.98687149E+00  18056.7 1.961E+04 3.827E+15 2.495E+01 1.918E+02 2.000E+05 9.138E+03 8.069E+03 1.755E+06
 2.58932556E+00  19670.9 2.553E+04 4.632E+15 2.218E+01 1.703E+02 2.000E+05 1.486E+03 2.648E+03 1.888E+06
 3.46424632E+00  21343.9 3.413E+04 5.745E+15 2.091E+01 1.601E+02 2.000E+05 4.868E+01 0.000E+00 2.051E+06
 4.67150833E+00  23092.0 4.602E+04 7.177E+15 2.052E+01 1.528E+02 2.000E+05 4.868E+01 0.000E+00 2.200E+06
PRADK 5.4869E+00
BEGIN                    ITERATION  15 COMPLETED
