TEFF   8500.  GRAVITY 5.00000 LTE 
TITLE  [-1.5a] N(He)/Ntot=0.0784 VTURB=2.0  L/H=1.25 ODFNEW                     
 OPACITY IFOP 1 1 1 1 1 1 1 1 1 1 1 1 1 0 1 0 0 0 0 0
 CONVECTION ON   1.25 TURBULENCE OFF  0.00  0.00  0.00  0.00
ABUNDANCE SCALE   0.03162 ABUNDANCE CHANGE 1 0.92157 2 0.07843
 ABUNDANCE CHANGE  3 -10.94  4 -10.64  5  -9.49  6  -3.52  7  -4.12  8  -2.81
 ABUNDANCE CHANGE  9  -7.48 10  -3.56 11  -5.71 12  -4.06 13  -5.57 14  -4.09
 ABUNDANCE CHANGE 15  -6.59 16  -4.31 17  -6.54 18  -5.24 19  -6.92 20  -5.28
 ABUNDANCE CHANGE 21  -8.87 22  -6.62 23  -8.04 24  -6.37 25  -6.65 26  -4.54
 ABUNDANCE CHANGE 27  -7.12 28  -5.79 29  -7.83 30  -7.44 31  -9.16 32  -8.63
 ABUNDANCE CHANGE 33  -9.67 34  -8.63 35  -9.41 36  -8.73 37  -9.44 38  -9.07
 ABUNDANCE CHANGE 39  -9.80 40  -9.44 41 -10.62 42 -10.12 43 -20.00 44 -10.20
 ABUNDANCE CHANGE 45 -10.92 46 -10.35 47 -11.10 48 -10.27 49 -10.38 50 -10.04
 ABUNDANCE CHANGE 51 -11.04 52  -9.80 53 -10.53 54  -9.87 55 -10.91 56  -9.91
 ABUNDANCE CHANGE 57 -10.87 58 -10.46 59 -11.33 60 -10.54 61 -20.00 62 -11.03
 ABUNDANCE CHANGE 63 -11.53 64 -10.92 65 -11.69 66 -10.90 67 -11.78 68 -11.11
 ABUNDANCE CHANGE 69 -12.04 70 -10.96 71 -11.98 72 -11.16 73 -12.17 74 -10.93
 ABUNDANCE CHANGE 75 -11.76 76 -10.59 77 -10.69 78 -10.24 79 -11.03 80 -10.91
 ABUNDANCE CHANGE 81 -11.14 82 -10.09 83 -11.33 84 -20.00 85 -20.00 86 -20.00
 ABUNDANCE CHANGE 87 -20.00 88 -20.00 89 -20.00 90 -11.95 91 -20.00 92 -12.54
 ABUNDANCE CHANGE 93 -20.00 94 -20.00 95 -20.00 96 -20.00 97 -20.00 98 -20.00
 ABUNDANCE CHANGE 99 -20.00
READ DECK6 72 RHOX,T,P,XNE,ABROSS,ACCRAD,VTURB, FLXCNV,VCONV,VELSND
 1.15696236E-05   5702.3 1.157E+00 3.579E+10 1.153E-02 1.025E+00 2.000E+05 0.000E+00 0.000E+00 1.239E+06
 1.55400939E-05   5718.1 1.554E+00 4.324E+10 1.088E-02 1.025E+00 2.000E+05 0.000E+00 0.000E+00 1.147E+06
 2.12441206E-05   5720.6 2.124E+00 5.104E+10 9.920E-03 1.018E+00 2.000E+05 0.000E+00 0.000E+00 1.070E+06
 2.93982643E-05   5737.9 2.940E+00 6.277E+10 9.479E-03 1.020E+00 2.000E+05 0.000E+00 0.000E+00 9.984E+05
 4.08083584E-05   5750.4 4.081E+00 7.643E+10 9.049E-03 1.019E+00 2.000E+05 0.000E+00 0.000E+00 9.405E+05
 5.64333423E-05   5772.3 5.643E+00 9.490E+10 8.990E-03 1.024E+00 2.000E+05 0.000E+00 0.000E+00 8.920E+05
 7.72052979E-05   5794.7 7.721E+00 1.173E+11 9.097E-03 1.028E+00 2.000E+05 0.000E+00 0.000E+00 8.543E+05
 1.04177455E-04   5821.9 1.042E+01 1.455E+11 9.469E-03 1.035E+00 2.000E+05 0.000E+00 0.000E+00 8.249E+05
 1.38378428E-04   5850.8 1.384E+01 1.797E+11 1.005E-02 1.042E+00 2.000E+05 0.000E+00 0.000E+00 8.026E+05
 1.80937157E-04   5882.2 1.809E+01 2.213E+11 1.086E-02 1.051E+00 2.000E+05 0.000E+00 0.000E+00 7.858E+05
 2.33020273E-04   5915.5 2.330E+01 2.714E+11 1.192E-02 1.061E+00 2.000E+05 0.000E+00 0.000E+00 7.733E+05
 2.95995179E-04   5950.0 2.960E+01 3.310E+11 1.321E-02 1.073E+00 2.000E+05 0.000E+00 0.000E+00 7.641E+05
 3.71367518E-04   5986.1 3.714E+01 4.023E+11 1.478E-02 1.087E+00 2.000E+05 0.000E+00 0.000E+00 7.574E+05
 4.61075127E-04   6021.0 4.611E+01 4.848E+11 1.657E-02 1.103E+00 2.000E+05 0.000E+00 0.000E+00 7.526E+05
 5.67559481E-04   6056.3 5.676E+01 5.815E+11 1.865E-02 1.121E+00 2.000E+05 0.000E+00 0.000E+00 7.493E+05
 6.93560532E-04   6091.4 6.936E+01 6.941E+11 2.104E-02 1.142E+00 2.000E+05 0.000E+00 0.000E+00 7.472E+05
 8.42424025E-04   6126.3 8.424E+01 8.248E+11 2.376E-02 1.167E+00 2.000E+05 0.000E+00 0.000E+00 7.460E+05
 1.01812401E-03   6160.8 1.018E+02 9.761E+11 2.685E-02 1.196E+00 2.000E+05 0.000E+00 0.000E+00 7.454E+05
 1.22536489E-03   6195.0 1.225E+02 1.151E+12 3.036E-02 1.231E+00 2.000E+05 0.000E+00 0.000E+00 7.455E+05
 1.46977154E-03   6228.7 1.470E+02 1.353E+12 3.433E-02 1.272E+00 2.000E+05 0.000E+00 0.000E+00 7.460E+05
 1.75803899E-03   6262.1 1.758E+02 1.585E+12 3.881E-02 1.319E+00 2.000E+05 0.000E+00 0.000E+00 7.469E+05
 2.09810338E-03   6295.1 2.098E+02 1.853E+12 4.387E-02 1.372E+00 2.000E+05 0.000E+00 0.000E+00 7.481E+05
 2.49931290E-03   6328.0 2.499E+02 2.161E+12 4.958E-02 1.431E+00 2.000E+05 0.000E+00 0.000E+00 7.496E+05
 2.97272500E-03   6360.6 2.973E+02 2.516E+12 5.603E-02 1.498E+00 2.000E+05 0.000E+00 0.000E+00 7.506E+05
 3.53146043E-03   6393.0 3.531E+02 2.925E+12 6.330E-02 1.573E+00 2.000E+05 0.000E+00 0.000E+00 7.532E+05
 4.19114185E-03   6425.1 4.191E+02 3.394E+12 7.147E-02 1.655E+00 2.000E+05 0.000E+00 0.000E+00 7.553E+05
 4.97065505E-03   6456.7 4.971E+02 3.931E+12 8.061E-02 1.746E+00 2.000E+05 0.000E+00 0.000E+00 7.575E+05
 5.89304592E-03   6487.4 5.893E+02 4.541E+12 9.077E-02 1.844E+00 2.000E+05 0.000E+00 0.000E+00 7.598E+05
 6.98667460E-03   6516.9 6.987E+02 5.232E+12 1.020E-01 1.952E+00 2.000E+05 0.000E+00 0.000E+00 7.623E+05
 8.28649829E-03   6545.0 8.286E+02 6.010E+12 1.143E-01 2.070E+00 2.000E+05 0.000E+00 0.000E+00 7.649E+05
 9.83471648E-03   6572.2 9.835E+02 6.890E+12 1.278E-01 2.202E+00 2.000E+05 0.000E+00 0.000E+00 7.677E+05
 1.16808382E-02   6598.8 1.168E+03 7.893E+12 1.430E-01 2.350E+00 2.000E+05 0.000E+00 0.000E+00 7.705E+05
 1.38814044E-02   6625.9 1.388E+03 9.046E+12 1.600E-01 2.517E+00 2.000E+05 0.000E+00 0.000E+00 7.734E+05
 1.65019572E-02   6653.3 1.650E+03 1.037E+13 1.793E-01 2.703E+00 2.000E+05 0.000E+00 0.000E+00 7.763E+05
 1.96191071E-02   6681.6 1.962E+03 1.191E+13 2.011E-01 2.910E+00 2.000E+05 0.000E+00 0.000E+00 7.794E+05
 2.33245883E-02   6709.9 2.332E+03 1.367E+13 2.256E-01 3.139E+00 2.000E+05 0.000E+00 0.000E+00 7.824E+05
 2.77289447E-02   6738.6 2.773E+03 1.569E+13 2.531E-01 3.395E+00 2.000E+05 0.000E+00 0.000E+00 7.856E+05
 3.29648278E-02   6767.2 3.296E+03 1.800E+13 2.839E-01 3.682E+00 2.000E+05 0.000E+00 0.000E+00 7.887E+05
 3.91858220E-02   6796.7 3.918E+03 2.067E+13 3.188E-01 4.013E+00 2.000E+05 0.000E+00 0.000E+00 7.919E+05
 4.65704790E-02   6827.0 4.657E+03 2.375E+13 3.583E-01 4.392E+00 2.000E+05 0.000E+00 0.000E+00 7.951E+05
 5.53204532E-02   6859.3 5.532E+03 2.738E+13 4.039E-01 4.836E+00 2.000E+05 0.000E+00 0.000E+00 7.984E+05
 6.56471858E-02   6894.9 6.564E+03 3.169E+13 4.574E-01 5.365E+00 2.000E+05 0.000E+00 0.000E+00 8.016E+05
 7.77694370E-02   6935.0 7.777E+03 3.692E+13 5.214E-01 6.006E+00 2.000E+05 0.000E+00 0.000E+00 8.048E+05
 9.18929173E-02   6981.6 9.189E+03 4.337E+13 5.994E-01 6.799E+00 2.000E+05 0.000E+00 0.000E+00 8.080E+05
 1.08185324E-01   7036.4 1.082E+04 5.150E+13 6.969E-01 7.803E+00 2.000E+05 0.000E+00 0.000E+00 8.112E+05
 1.26741918E-01   7102.2 1.267E+04 6.198E+13 8.218E-01 9.102E+00 2.000E+05 0.000E+00 0.000E+00 8.143E+05
 1.47547698E-01   7181.4 1.475E+04 7.578E+13 9.859E-01 1.082E+01 2.000E+05 0.000E+00 0.000E+00 8.173E+05
 1.70456062E-01   7276.3 1.704E+04 9.429E+13 1.206E+00 1.315E+01 2.000E+05 0.000E+00 0.000E+00 8.202E+05
 1.95143767E-01   7391.0 1.951E+04 1.198E+14 1.510E+00 1.640E+01 2.000E+05 0.000E+00 0.000E+00 8.231E+05
 2.21070096E-01   7529.4 2.211E+04 1.557E+14 1.945E+00 2.110E+01 2.000E+05 8.742E-05 0.000E+00 8.261E+05
 2.47465488E-01   7697.2 2.474E+04 2.079E+14 2.593E+00 2.813E+01 2.000E+05 3.900E+01 1.868E+01 8.293E+05
 2.73377308E-01   7899.2 2.733E+04 2.851E+14 3.592E+00 3.903E+01 2.000E+05 1.293E+03 1.358E+03 8.331E+05
 2.97798303E-01   8140.8 2.978E+04 4.019E+14 5.197E+00 5.670E+01 2.000E+05 3.488E+04 4.063E+03 8.382E+05
 3.19683872E-01   8434.9 3.196E+04 5.854E+14 7.949E+00 8.689E+01 2.000E+05 1.295E+06 1.154E+04 8.458E+05
 3.38373068E-01   8776.8 3.383E+04 8.668E+14 1.268E+01 1.391E+02 2.000E+05 3.381E+07 3.691E+04 8.575E+05
 3.53408866E-01   9204.5 3.533E+04 1.336E+15 2.183E+01 2.389E+02 2.000E+05 2.324E+08 1.039E+05 8.769E+05
 3.64584413E-01   9734.8 3.644E+04 2.119E+15 3.977E+01 4.129E+02 2.000E+05 1.557E+09 1.762E+05 9.090E+05
 3.73240659E-01  10212.1 3.731E+04 3.025E+15 6.359E+01 5.443E+02 2.000E+05 4.828E+09 3.344E+05 9.461E+05
 3.81107627E-01  10580.0 3.809E+04 3.847E+15 8.720E+01 5.508E+02 2.000E+05 8.930E+09 4.164E+05 9.800E+05
 3.89134607E-01  10881.4 3.889E+04 4.592E+15 1.097E+02 5.113E+02 2.000E+05 1.242E+10 4.678E+05 1.011E+06
 3.97796841E-01  11173.6 3.975E+04 5.356E+15 1.337E+02 4.674E+02 2.000E+05 1.502E+10 5.010E+05 1.044E+06
 4.07518916E-01  11444.0 4.072E+04 6.093E+15 1.553E+02 4.343E+02 2.000E+05 1.683E+10 5.273E+05 1.077E+06
 4.18734331E-01  11748.1 4.183E+04 6.921E+15 1.787E+02 4.120E+02 2.000E+05 1.793E+10 5.458E+05 1.116E+06
 4.31922764E-01  12044.7 4.315E+04 7.731E+15 1.999E+02 4.084E+02 2.000E+05 1.870E+10 5.604E+05 1.155E+06
 4.47715671E-01  12413.2 4.472E+04 8.665E+15 2.215E+02 4.403E+02 2.000E+05 1.874E+10 5.855E+05 1.204E+06
 4.67082750E-01  12836.9 4.665E+04 9.632E+15 2.357E+02 4.635E+02 2.000E+05 1.891E+10 5.772E+05 1.261E+06
 4.91946773E-01  13366.9 4.912E+04 1.063E+16 2.377E+02 7.031E+02 2.000E+05 1.646E+10 6.533E+05 1.330E+06
 5.28967263E-01  14689.1 5.279E+04 1.167E+16 1.896E+02 1.190E+03 2.000E+05 8.051E+09 4.706E+05 1.489E+06
 6.01985536E-01  17037.0 6.001E+04 1.208E+16 1.020E+02 9.422E+02 2.000E+05 1.314E+09 8.481E+04 1.709E+06
 7.69466089E-01  19343.0 7.662E+04 1.390E+16 7.182E+01 6.964E+02 2.000E+05 5.288E+06 3.155E+04 1.816E+06
 1.05007040E+00  21509.9 1.045E+05 1.732E+16 6.354E+01 6.147E+02 2.000E+05 3.036E+05 8.372E+03 1.984E+06
 1.45060958E+00  23633.9 1.443E+05 2.191E+16 6.134E+01 5.709E+02 2.000E+05 2.982E+05 1.039E+03 2.172E+06
PRADK 6.9920E+00
BEGIN                    ITERATION  15 COMPLETED
