TEFF   5000.  GRAVITY 1.50000 LTE 
TITLE  [-1.5a] N(He)/Ntot=0.0784 VTURB=2.0  L/H=1.25 ODFNEW                     
 OPACITY IFOP 1 1 1 1 1 1 1 1 1 1 1 1 1 0 1 0 0 0 0 0
 CONVECTION ON   1.25 TURBULENCE OFF  0.00  0.00  0.00  0.00
ABUNDANCE SCALE   0.03162 ABUNDANCE CHANGE 1 0.92157 2 0.07843
 ABUNDANCE CHANGE  3 -10.94  4 -10.64  5  -9.49  6  -3.52  7  -4.12  8  -2.81
 ABUNDANCE CHANGE  9  -7.48 10  -3.56 11  -5.71 12  -4.06 13  -5.57 14  -4.09
 ABUNDANCE CHANGE 15  -6.59 16  -4.31 17  -6.54 18  -5.24 19  -6.92 20  -5.28
 ABUNDANCE CHANGE 21  -8.87 22  -6.62 23  -8.04 24  -6.37 25  -6.65 26  -4.54
 ABUNDANCE CHANGE 27  -7.12 28  -5.79 29  -7.83 30  -7.44 31  -9.16 32  -8.63
 ABUNDANCE CHANGE 33  -9.67 34  -8.63 35  -9.41 36  -8.73 37  -9.44 38  -9.07
 ABUNDANCE CHANGE 39  -9.80 40  -9.44 41 -10.62 42 -10.12 43 -20.00 44 -10.20
 ABUNDANCE CHANGE 45 -10.92 46 -10.35 47 -11.10 48 -10.27 49 -10.38 50 -10.04
 ABUNDANCE CHANGE 51 -11.04 52  -9.80 53 -10.53 54  -9.87 55 -10.91 56  -9.91
 ABUNDANCE CHANGE 57 -10.87 58 -10.46 59 -11.33 60 -10.54 61 -20.00 62 -11.03
 ABUNDANCE CHANGE 63 -11.53 64 -10.92 65 -11.69 66 -10.90 67 -11.78 68 -11.11
 ABUNDANCE CHANGE 69 -12.04 70 -10.96 71 -11.98 72 -11.16 73 -12.17 74 -10.93
 ABUNDANCE CHANGE 75 -11.76 76 -10.59 77 -10.69 78 -10.24 79 -11.03 80 -10.91
 ABUNDANCE CHANGE 81 -11.14 82 -10.09 83 -11.33 84 -20.00 85 -20.00 86 -20.00
 ABUNDANCE CHANGE 87 -20.00 88 -20.00 89 -20.00 90 -11.95 91 -20.00 92 -12.54
 ABUNDANCE CHANGE 93 -20.00 94 -20.00 95 -20.00 96 -20.00 97 -20.00 98 -20.00
 ABUNDANCE CHANGE 99 -20.00
READ DECK6 72 RHOX,T,P,XNE,ABROSS,ACCRAD,VTURB, FLXCNV,VCONV,VELSND
 1.11731830E-02   3052.8 3.533E-01 4.975E+06 1.194E-05 9.046E-04 2.000E+05 0.000E+00 0.000E+00 1.271E+06
 1.48335126E-02   3088.4 4.691E-01 6.580E+06 1.237E-05 8.742E-04 2.000E+05 0.000E+00 0.000E+00 1.147E+06
 1.95686018E-02   3107.4 6.188E-01 8.578E+06 1.268E-05 8.923E-04 2.000E+05 0.000E+00 0.000E+00 1.043E+06
 2.56939988E-02   3133.6 8.125E-01 1.117E+07 1.314E-05 8.992E-04 2.000E+05 0.000E+00 0.000E+00 9.582E+05
 3.35706731E-02   3158.1 1.062E+00 1.447E+07 1.364E-05 9.156E-04 2.000E+05 0.000E+00 0.000E+00 8.891E+05
 4.36405242E-02   3200.5 1.380E+00 1.880E+07 1.429E-05 8.582E-04 2.000E+05 0.000E+00 0.000E+00 8.357E+05
 5.64586953E-02   3234.3 1.785E+00 2.420E+07 1.496E-05 8.299E-04 2.000E+05 0.000E+00 0.000E+00 7.919E+05
 7.27472332E-02   3267.9 2.300E+00 3.102E+07 1.574E-05 8.101E-04 2.000E+05 0.000E+00 0.000E+00 7.570E+05
 9.33397399E-02   3299.1 2.952E+00 3.957E+07 1.664E-05 8.044E-04 2.000E+05 0.000E+00 0.000E+00 7.292E+05
 1.19273863E-01   3338.8 3.772E+00 5.039E+07 1.764E-05 7.701E-04 2.000E+05 0.000E+00 0.000E+00 7.084E+05
 1.51854951E-01   3376.6 4.802E+00 6.389E+07 1.875E-05 7.368E-04 2.000E+05 0.000E+00 0.000E+00 6.923E+05
 1.92626237E-01   3411.0 6.091E+00 8.063E+07 2.003E-05 7.146E-04 2.000E+05 0.000E+00 0.000E+00 6.796E+05
 2.43343608E-01   3443.1 7.695E+00 1.013E+08 2.154E-05 7.009E-04 2.000E+05 0.000E+00 0.000E+00 6.700E+05
 3.06191554E-01   3473.4 9.682E+00 1.268E+08 2.317E-05 6.860E-04 2.000E+05 0.000E+00 0.000E+00 6.626E+05
 3.84836218E-01   3509.5 1.217E+01 1.588E+08 2.453E-05 6.128E-04 2.000E+05 0.000E+00 0.000E+00 6.578E+05
 4.83180559E-01   3540.7 1.528E+01 1.984E+08 2.634E-05 5.643E-04 2.000E+05 0.000E+00 0.000E+00 6.541E+05
 6.04657897E-01   3569.0 1.912E+01 2.470E+08 2.858E-05 5.326E-04 2.000E+05 0.000E+00 0.000E+00 6.513E+05
 7.53264801E-01   3596.5 2.382E+01 3.062E+08 3.127E-05 5.097E-04 2.000E+05 0.000E+00 0.000E+00 6.496E+05
 9.33627136E-01   3624.4 2.952E+01 3.779E+08 3.449E-05 4.891E-04 2.000E+05 0.000E+00 0.000E+00 6.487E+05
 1.15019907E+00   3648.2 3.637E+01 4.631E+08 3.855E-05 4.964E-04 2.000E+05 0.000E+00 0.000E+00 6.482E+05
 1.40760119E+00   3671.8 4.451E+01 5.639E+08 4.340E-05 5.156E-04 2.000E+05 0.000E+00 0.000E+00 6.481E+05
 1.71173428E+00   3696.7 5.413E+01 6.832E+08 4.909E-05 5.391E-04 2.000E+05 0.000E+00 0.000E+00 6.486E+05
 2.06941164E+00   3722.7 6.544E+01 8.237E+08 5.578E-05 5.674E-04 2.000E+05 0.000E+00 0.000E+00 6.495E+05
 2.48818430E+00   3750.1 7.868E+01 9.892E+08 6.368E-05 6.019E-04 2.000E+05 0.000E+00 0.000E+00 6.507E+05
 2.97605144E+00   3779.1 9.411E+01 1.184E+09 7.305E-05 6.450E-04 2.000E+05 0.000E+00 0.000E+00 6.523E+05
 3.54284680E+00   3811.8 1.120E+02 1.415E+09 8.387E-05 6.865E-04 2.000E+05 0.000E+00 0.000E+00 6.543E+05
 4.20334556E+00   3851.4 1.329E+02 1.697E+09 9.567E-05 6.855E-04 2.000E+05 0.000E+00 0.000E+00 6.571E+05
 4.97528136E+00   3885.4 1.573E+02 2.027E+09 1.092E-04 6.865E-04 2.000E+05 0.000E+00 0.000E+00 6.595E+05
 5.87608421E+00   3916.9 1.858E+02 2.416E+09 1.249E-04 6.923E-04 2.000E+05 0.000E+00 0.000E+00 6.617E+05
 6.92601308E+00   3945.8 2.190E+02 2.870E+09 1.430E-04 7.027E-04 2.000E+05 0.000E+00 0.000E+00 6.637E+05
 8.14926102E+00   3972.4 2.577E+02 3.399E+09 1.636E-04 7.178E-04 2.000E+05 0.000E+00 0.000E+00 6.656E+05
 9.57444853E+00   3996.7 3.028E+02 4.013E+09 1.873E-04 7.403E-04 2.000E+05 0.000E+00 0.000E+00 6.673E+05
 1.12353920E+01   4019.5 3.553E+02 4.724E+09 2.142E-04 7.709E-04 2.000E+05 0.000E+00 0.000E+00 6.689E+05
 1.31714634E+01   4041.2 4.165E+02 5.550E+09 2.451E-04 8.077E-04 2.000E+05 0.000E+00 0.000E+00 6.704E+05
 1.54282969E+01   4062.0 4.879E+02 6.509E+09 2.804E-04 8.507E-04 2.000E+05 0.000E+00 0.000E+00 6.719E+05
 1.80592247E+01   4082.0 5.711E+02 7.621E+09 3.207E-04 9.009E-04 2.000E+05 0.000E+00 0.000E+00 6.733E+05
 2.11263544E+01   4101.5 6.681E+02 8.911E+09 3.669E-04 9.592E-04 2.000E+05 0.000E+00 0.000E+00 6.746E+05
 2.47016556E+01   4120.7 7.811E+02 1.041E+10 4.198E-04 1.027E-03 2.000E+05 0.000E+00 0.000E+00 6.760E+05
 2.88674358E+01   4140.3 9.128E+02 1.216E+10 4.806E-04 1.106E-03 2.000E+05 0.000E+00 0.000E+00 6.773E+05
 3.37170244E+01   4160.5 1.066E+03 1.420E+10 5.509E-04 1.198E-03 2.000E+05 0.000E+00 0.000E+00 6.787E+05
 3.93528693E+01   4182.2 1.244E+03 1.662E+10 6.328E-04 1.308E-03 2.000E+05 0.000E+00 0.000E+00 6.803E+05
 4.58857141E+01   4206.2 1.451E+03 1.949E+10 7.291E-04 1.437E-03 2.000E+05 0.000E+00 0.000E+00 6.820E+05
 5.34349246E+01   4233.0 1.690E+03 2.295E+10 8.427E-04 1.587E-03 2.000E+05 0.000E+00 0.000E+00 6.840E+05
 6.21255535E+01   4263.3 1.965E+03 2.715E+10 9.784E-04 1.764E-03 2.000E+05 0.000E+00 0.000E+00 6.863E+05
 7.20790733E+01   4298.0 2.279E+03 3.234E+10 1.143E-03 1.973E-03 2.000E+05 0.000E+00 0.000E+00 6.889E+05
 8.34002796E+01   4338.2 2.637E+03 3.892E+10 1.345E-03 2.227E-03 2.000E+05 0.000E+00 0.000E+00 6.921E+05
 9.61465452E+01   4384.9 3.040E+03 4.746E+10 1.604E-03 2.551E-03 2.000E+05 0.000E+00 0.000E+00 6.958E+05
 1.10255445E+02   4441.4 3.486E+03 5.920E+10 1.954E-03 2.995E-03 2.000E+05 0.000E+00 0.000E+00 7.004E+05
 1.25536739E+02   4507.9 3.970E+03 7.581E+10 2.432E-03 3.591E-03 2.000E+05 0.000E+00 0.000E+00 7.057E+05
 1.41693770E+02   4585.9 4.480E+03 1.004E+11 3.108E-03 4.414E-03 2.000E+05 0.000E+00 0.000E+00 7.120E+05
 1.58353035E+02   4675.5 5.007E+03 1.377E+11 4.069E-03 5.540E-03 2.000E+05 0.000E+00 0.000E+00 7.191E+05
 1.75064205E+02   4778.8 5.536E+03 1.969E+11 5.502E-03 7.204E-03 2.000E+05 0.000E+00 0.000E+00 7.271E+05
 1.91149364E+02   4902.4 6.044E+03 2.980E+11 7.816E-03 9.919E-03 2.000E+05 3.423E-01 0.000E+00 7.364E+05
 2.05937998E+02   5047.2 6.512E+03 4.754E+11 1.157E-02 1.429E-02 2.000E+05 4.789E+01 4.788E+02 7.468E+05
 2.18977486E+02   5217.4 6.924E+03 8.010E+11 1.787E-02 2.163E-02 2.000E+05 1.618E+03 2.447E+03 7.582E+05
 2.29998385E+02   5416.8 7.272E+03 1.420E+12 2.877E-02 3.430E-02 2.000E+05 3.717E+04 7.737E+03 7.705E+05
 2.38942841E+02   5648.8 7.554E+03 2.632E+12 4.820E-02 5.690E-02 2.000E+05 5.571E+05 2.170E+04 7.829E+05
 2.45932991E+02   5916.1 7.775E+03 5.046E+12 8.373E-02 9.833E-02 2.000E+05 5.337E+06 5.240E+04 7.939E+05
 2.51159913E+02   6230.0 7.939E+03 1.008E+13 1.531E-01 1.792E-01 2.000E+05 2.354E+07 1.074E+05 8.022E+05
 2.54839831E+02   6597.7 8.055E+03 2.080E+13 2.970E-01 3.324E-01 2.000E+05 1.739E+08 1.567E+05 8.057E+05
 2.57392955E+02   6963.9 8.135E+03 3.962E+13 5.564E-01 5.119E-01 2.000E+05 6.476E+08 3.231E+05 8.055E+05
 2.59347193E+02   7254.6 8.195E+03 6.306E+13 9.013E-01 5.645E-01 2.000E+05 1.320E+09 4.224E+05 8.056E+05
 2.61070678E+02   7472.7 8.249E+03 8.726E+13 1.286E+00 5.140E-01 2.000E+05 1.854E+09 4.530E+05 8.070E+05
 2.62742858E+02   7651.6 8.301E+03 1.123E+14 1.714E+00 4.604E-01 2.000E+05 2.173E+09 4.634E+05 8.093E+05
 2.64450712E+02   7808.8 8.354E+03 1.389E+14 2.199E+00 4.165E-01 2.000E+05 2.367E+09 4.648E+05 8.124E+05
 2.66250032E+02   7951.9 8.410E+03 1.672E+14 2.752E+00 3.819E-01 2.000E+05 2.488E+09 4.628E+05 8.160E+05
 2.68182048E+02   8087.4 8.471E+03 1.980E+14 3.395E+00 3.531E-01 2.000E+05 2.572E+09 4.584E+05 8.203E+05
 2.70285241E+02   8216.6 8.537E+03 2.315E+14 4.134E+00 3.292E-01 2.000E+05 2.630E+09 4.552E+05 8.250E+05
 2.72592064E+02   8345.3 8.609E+03 2.691E+14 5.016E+00 3.069E-01 2.000E+05 2.673E+09 4.487E+05 8.304E+05
 2.75142573E+02   8468.7 8.689E+03 3.095E+14 6.021E+00 2.885E-01 2.000E+05 2.707E+09 4.463E+05 8.362E+05
 2.77965727E+02   8598.1 8.777E+03 3.566E+14 7.266E+00 2.718E-01 2.000E+05 2.730E+09 4.391E+05 8.430E+05
 2.81112236E+02   8718.9 8.876E+03 4.055E+14 8.631E+00 2.735E-01 2.000E+05 2.746E+09 4.374E+05 8.499E+05
PRADK 8.3234E-01
BEGIN                    ITERATION  15 COMPLETED
