TEFF   7250.  GRAVITY 5.00000 LTE 
TITLE  [-1.5a] N(He)/Ntot=0.0784 VTURB=2.0  L/H=1.25 ODFNEW                     
 OPACITY IFOP 1 1 1 1 1 1 1 1 1 1 1 1 1 0 1 0 0 0 0 0
 CONVECTION ON   1.25 TURBULENCE OFF  0.00  0.00  0.00  0.00
ABUNDANCE SCALE   0.03162 ABUNDANCE CHANGE 1 0.92157 2 0.07843
 ABUNDANCE CHANGE  3 -10.94  4 -10.64  5  -9.49  6  -3.52  7  -4.12  8  -2.81
 ABUNDANCE CHANGE  9  -7.48 10  -3.56 11  -5.71 12  -4.06 13  -5.57 14  -4.09
 ABUNDANCE CHANGE 15  -6.59 16  -4.31 17  -6.54 18  -5.24 19  -6.92 20  -5.28
 ABUNDANCE CHANGE 21  -8.87 22  -6.62 23  -8.04 24  -6.37 25  -6.65 26  -4.54
 ABUNDANCE CHANGE 27  -7.12 28  -5.79 29  -7.83 30  -7.44 31  -9.16 32  -8.63
 ABUNDANCE CHANGE 33  -9.67 34  -8.63 35  -9.41 36  -8.73 37  -9.44 38  -9.07
 ABUNDANCE CHANGE 39  -9.80 40  -9.44 41 -10.62 42 -10.12 43 -20.00 44 -10.20
 ABUNDANCE CHANGE 45 -10.92 46 -10.35 47 -11.10 48 -10.27 49 -10.38 50 -10.04
 ABUNDANCE CHANGE 51 -11.04 52  -9.80 53 -10.53 54  -9.87 55 -10.91 56  -9.91
 ABUNDANCE CHANGE 57 -10.87 58 -10.46 59 -11.33 60 -10.54 61 -20.00 62 -11.03
 ABUNDANCE CHANGE 63 -11.53 64 -10.92 65 -11.69 66 -10.90 67 -11.78 68 -11.11
 ABUNDANCE CHANGE 69 -12.04 70 -10.96 71 -11.98 72 -11.16 73 -12.17 74 -10.93
 ABUNDANCE CHANGE 75 -11.76 76 -10.59 77 -10.69 78 -10.24 79 -11.03 80 -10.91
 ABUNDANCE CHANGE 81 -11.14 82 -10.09 83 -11.33 84 -20.00 85 -20.00 86 -20.00
 ABUNDANCE CHANGE 87 -20.00 88 -20.00 89 -20.00 90 -11.95 91 -20.00 92 -12.54
 ABUNDANCE CHANGE 93 -20.00 94 -20.00 95 -20.00 96 -20.00 97 -20.00 98 -20.00
 ABUNDANCE CHANGE 99 -20.00
READ DECK6 72 RHOX,T,P,XNE,ABROSS,ACCRAD,VTURB, FLXCNV,VCONV,VELSND
 1.47849903E-04   4940.8 1.478E+01 1.510E+10 9.019E-04 1.416E-01 2.000E+05 0.000E+00 0.000E+00 8.289E+05
 1.94531966E-04   4968.8 1.945E+01 1.898E+10 1.004E-03 1.413E-01 2.000E+05 0.000E+00 0.000E+00 8.069E+05
 2.50844109E-04   4989.5 2.508E+01 2.306E+10 1.103E-03 1.404E-01 2.000E+05 0.000E+00 0.000E+00 7.913E+05
 3.18741015E-04   5012.4 3.187E+01 2.797E+10 1.227E-03 1.394E-01 2.000E+05 0.000E+00 0.000E+00 7.799E+05
 3.99837038E-04   5036.0 3.998E+01 3.378E+10 1.374E-03 1.386E-01 2.000E+05 0.000E+00 0.000E+00 7.716E+05
 4.96155650E-04   5060.1 4.962E+01 4.060E+10 1.546E-03 1.378E-01 2.000E+05 0.000E+00 0.000E+00 7.655E+05
 6.10158458E-04   5084.4 6.102E+01 4.856E+10 1.744E-03 1.370E-01 2.000E+05 0.000E+00 0.000E+00 7.612E+05
 7.44764489E-04   5108.8 7.448E+01 5.785E+10 1.971E-03 1.364E-01 2.000E+05 0.000E+00 0.000E+00 7.581E+05
 9.03423742E-04   5133.2 9.034E+01 6.866E+10 2.232E-03 1.359E-01 2.000E+05 0.000E+00 0.000E+00 7.560E+05
 1.09018041E-03   5157.7 1.090E+02 8.125E+10 2.530E-03 1.358E-01 2.000E+05 0.000E+00 0.000E+00 7.547E+05
 1.30978462E-03   5182.2 1.310E+02 9.585E+10 2.870E-03 1.360E-01 2.000E+05 0.000E+00 0.000E+00 7.539E+05
 1.56781339E-03   5206.8 1.568E+02 1.128E+11 3.258E-03 1.365E-01 2.000E+05 0.000E+00 0.000E+00 7.537E+05
 1.87102876E-03   5230.9 1.871E+02 1.323E+11 3.696E-03 1.372E-01 2.000E+05 0.000E+00 0.000E+00 7.538E+05
 2.22737221E-03   5255.0 2.227E+02 1.549E+11 4.195E-03 1.383E-01 2.000E+05 0.000E+00 0.000E+00 7.543E+05
 2.64603833E-03   5279.1 2.646E+02 1.811E+11 4.761E-03 1.398E-01 2.000E+05 0.000E+00 0.000E+00 7.549E+05
 3.13785842E-03   5303.3 3.138E+02 2.113E+11 5.406E-03 1.417E-01 2.000E+05 0.000E+00 0.000E+00 7.558E+05
 3.71553969E-03   5327.3 3.716E+02 2.462E+11 6.137E-03 1.443E-01 2.000E+05 0.000E+00 0.000E+00 7.569E+05
 4.39420110E-03   5351.2 4.394E+02 2.864E+11 6.965E-03 1.476E-01 2.000E+05 0.000E+00 0.000E+00 7.581E+05
 5.19167432E-03   5375.0 5.192E+02 3.327E+11 7.903E-03 1.515E-01 2.000E+05 0.000E+00 0.000E+00 7.594E+05
 6.12914630E-03   5398.6 6.129E+02 3.859E+11 8.963E-03 1.562E-01 2.000E+05 0.000E+00 0.000E+00 7.609E+05
 7.23162433E-03   5422.0 7.232E+02 4.470E+11 1.016E-02 1.618E-01 2.000E+05 0.000E+00 0.000E+00 7.624E+05
 8.52845158E-03   5445.4 8.528E+02 5.174E+11 1.152E-02 1.683E-01 2.000E+05 0.000E+00 0.000E+00 7.639E+05
 1.00539246E-02   5468.9 1.005E+03 5.985E+11 1.306E-02 1.758E-01 2.000E+05 0.000E+00 0.000E+00 7.656E+05
 1.18487517E-02   5492.1 1.185E+03 6.915E+11 1.480E-02 1.847E-01 2.000E+05 0.000E+00 0.000E+00 7.672E+05
 1.39604312E-02   5515.7 1.396E+03 7.990E+11 1.678E-02 1.949E-01 2.000E+05 0.000E+00 0.000E+00 7.689E+05
 1.64441666E-02   5539.4 1.644E+03 9.230E+11 1.902E-02 2.064E-01 2.000E+05 0.000E+00 0.000E+00 7.707E+05
 1.93649740E-02   5563.3 1.936E+03 1.066E+12 2.157E-02 2.193E-01 2.000E+05 0.000E+00 0.000E+00 7.725E+05
 2.27995243E-02   5587.4 2.280E+03 1.231E+12 2.446E-02 2.337E-01 2.000E+05 0.000E+00 0.000E+00 7.743E+05
 2.68386340E-02   5611.6 2.684E+03 1.421E+12 2.774E-02 2.498E-01 2.000E+05 0.000E+00 0.000E+00 7.762E+05
 3.15889244E-02   5635.9 3.159E+03 1.640E+12 3.145E-02 2.678E-01 2.000E+05 0.000E+00 0.000E+00 7.781E+05
 3.71801699E-02   5659.6 3.718E+03 1.889E+12 3.561E-02 2.882E-01 2.000E+05 0.000E+00 0.000E+00 7.799E+05
 4.37662332E-02   5683.3 4.377E+03 2.175E+12 4.031E-02 3.110E-01 2.000E+05 0.000E+00 0.000E+00 7.818E+05
 5.15287785E-02   5706.6 5.153E+03 2.501E+12 4.558E-02 3.363E-01 2.000E+05 0.000E+00 0.000E+00 7.837E+05
 6.06899238E-02   5729.4 6.069E+03 2.871E+12 5.146E-02 3.644E-01 2.000E+05 0.000E+00 0.000E+00 7.856E+05
 7.15178750E-02   5751.4 7.152E+03 3.289E+12 5.802E-02 3.957E-01 2.000E+05 0.000E+00 0.000E+00 7.874E+05
 8.43394199E-02   5772.3 8.434E+03 3.759E+12 6.528E-02 4.307E-01 2.000E+05 0.000E+00 0.000E+00 7.892E+05
 9.95449907E-02   5792.7 9.954E+03 4.290E+12 7.337E-02 4.703E-01 2.000E+05 0.000E+00 0.000E+00 7.909E+05
 1.17582486E-01   5812.9 1.176E+04 4.895E+12 8.250E-02 5.163E-01 2.000E+05 0.000E+00 0.000E+00 7.927E+05
 1.38966870E-01   5833.6 1.390E+04 5.590E+12 9.284E-02 5.690E-01 2.000E+05 0.000E+00 0.000E+00 7.944E+05
 1.64283268E-01   5855.4 1.643E+04 6.400E+12 1.047E-01 6.299E-01 2.000E+05 0.000E+00 0.000E+00 7.962E+05
 1.94177965E-01   5879.0 1.942E+04 7.355E+12 1.184E-01 7.011E-01 2.000E+05 0.000E+00 0.000E+00 7.981E+05
 2.29328649E-01   5905.7 2.293E+04 8.503E+12 1.346E-01 7.855E-01 2.000E+05 0.000E+00 0.000E+00 8.001E+05
 2.70438038E-01   5936.3 2.704E+04 9.906E+12 1.540E-01 8.867E-01 2.000E+05 0.000E+00 0.000E+00 8.023E+05
 3.18184858E-01   5972.0 3.182E+04 1.165E+13 1.775E-01 1.010E+00 2.000E+05 0.000E+00 0.000E+00 8.047E+05
 3.73108109E-01   6015.1 3.731E+04 1.389E+13 2.070E-01 1.166E+00 2.000E+05 0.000E+00 0.000E+00 8.074E+05
 4.35555495E-01   6066.7 4.356E+04 1.681E+13 2.442E-01 1.363E+00 2.000E+05 0.000E+00 0.000E+00 8.106E+05
 5.05658920E-01   6128.9 5.057E+04 2.071E+13 2.922E-01 1.617E+00 2.000E+05 0.000E+00 0.000E+00 8.142E+05
 5.83116276E-01   6204.3 5.831E+04 2.606E+13 3.558E-01 1.954E+00 2.000E+05 0.000E+00 0.000E+00 8.183E+05
 6.67076425E-01   6296.1 6.671E+04 3.365E+13 4.423E-01 2.414E+00 2.000E+05 0.000E+00 0.000E+00 8.231E+05
 7.56088363E-01   6407.6 7.561E+04 4.470E+13 5.630E-01 3.057E+00 2.000E+05 0.000E+00 0.000E+00 8.285E+05
 8.48128038E-01   6542.6 8.481E+04 6.129E+13 7.360E-01 3.979E+00 2.000E+05 0.000E+00 0.000E+00 8.344E+05
 9.40558870E-01   6706.1 9.405E+04 8.704E+13 9.932E-01 5.355E+00 2.000E+05 2.551E+01 0.000E+00 8.408E+05
 1.03038358E+00   6902.2 1.030E+05 1.281E+14 1.387E+00 7.471E+00 2.000E+05 2.786E+04 8.579E+02 8.472E+05
 1.11433907E+00   7140.2 1.114E+05 1.964E+14 2.023E+00 1.092E+01 2.000E+05 1.326E+06 8.578E+03 8.532E+05
 1.18938918E+00   7424.9 1.189E+05 3.128E+14 3.092E+00 1.676E+01 2.000E+05 2.734E+07 2.976E+04 8.584E+05
 1.25258283E+00   7780.1 1.253E+05 5.268E+14 5.083E+00 2.763E+01 2.000E+05 1.546E+08 7.737E+04 8.626E+05
 1.30140846E+00   8218.5 1.301E+05 9.322E+14 9.071E+00 4.751E+01 2.000E+05 8.087E+08 1.194E+05 8.670E+05
 1.33855661E+00   8634.4 1.338E+05 1.513E+15 1.532E+01 6.831E+01 2.000E+05 2.461E+09 2.024E+05 8.730E+05
 1.37002049E+00   8957.6 1.370E+05 2.136E+15 2.263E+01 7.560E+01 2.000E+05 4.716E+09 2.500E+05 8.800E+05
 1.39974607E+00   9219.8 1.400E+05 2.778E+15 3.073E+01 7.281E+01 2.000E+05 6.796E+09 2.744E+05 8.876E+05
 1.42974003E+00   9448.0 1.430E+05 3.452E+15 3.968E+01 6.617E+01 2.000E+05 8.403E+09 2.874E+05 8.956E+05
 1.46128841E+00   9654.8 1.461E+05 4.168E+15 4.954E+01 5.915E+01 2.000E+05 9.554E+09 2.938E+05 9.040E+05
 1.49536804E+00   9849.3 1.495E+05 4.944E+15 6.056E+01 5.309E+01 2.000E+05 1.034E+10 2.959E+05 9.128E+05
 1.53287529E+00  10035.1 1.533E+05 5.786E+15 7.284E+01 4.841E+01 2.000E+05 1.087E+10 2.960E+05 9.220E+05
 1.57466128E+00  10218.3 1.574E+05 6.724E+15 8.680E+01 4.454E+01 2.000E+05 1.124E+10 2.946E+05 9.319E+05
 1.62165846E+00  10398.1 1.621E+05 7.757E+15 1.025E+02 4.143E+01 2.000E+05 1.150E+10 2.931E+05 9.423E+05
 1.67482932E+00  10581.5 1.675E+05 8.933E+15 1.206E+02 3.862E+01 2.000E+05 1.170E+10 2.904E+05 9.537E+05
 1.73533006E+00  10762.6 1.735E+05 1.023E+16 1.408E+02 3.624E+01 2.000E+05 1.185E+10 2.886E+05 9.655E+05
 1.80437011E+00  10953.3 1.804E+05 1.175E+16 1.647E+02 3.402E+01 2.000E+05 1.197E+10 2.852E+05 9.787E+05
 1.88352292E+00  11139.1 1.883E+05 1.340E+16 1.907E+02 3.200E+01 2.000E+05 1.207E+10 2.835E+05 9.922E+05
 1.97452574E+00  11343.3 1.974E+05 1.539E+16 2.215E+02 3.019E+01 2.000E+05 1.214E+10 2.797E+05 1.008E+06
 2.07985910E+00  11536.5 2.079E+05 1.753E+16 2.534E+02 2.976E+01 2.000E+05 1.219E+10 2.779E+05 1.023E+06
PRADK 3.7058E+00
BEGIN                    ITERATION  15 COMPLETED
