TEFF   4500.  GRAVITY 2.00000 LTE 
TITLE  [-1.5a] N(He)/Ntot=0.0784 VTURB=2.0  L/H=1.25 ODFNEW                     
 OPACITY IFOP 1 1 1 1 1 1 1 1 1 1 1 1 1 0 1 0 0 0 0 0
 CONVECTION ON   1.25 TURBULENCE OFF  0.00  0.00  0.00  0.00
ABUNDANCE SCALE   0.03162 ABUNDANCE CHANGE 1 0.92157 2 0.07843
 ABUNDANCE CHANGE  3 -10.94  4 -10.64  5  -9.49  6  -3.52  7  -4.12  8  -2.81
 ABUNDANCE CHANGE  9  -7.48 10  -3.56 11  -5.71 12  -4.06 13  -5.57 14  -4.09
 ABUNDANCE CHANGE 15  -6.59 16  -4.31 17  -6.54 18  -5.24 19  -6.92 20  -5.28
 ABUNDANCE CHANGE 21  -8.87 22  -6.62 23  -8.04 24  -6.37 25  -6.65 26  -4.54
 ABUNDANCE CHANGE 27  -7.12 28  -5.79 29  -7.83 30  -7.44 31  -9.16 32  -8.63
 ABUNDANCE CHANGE 33  -9.67 34  -8.63 35  -9.41 36  -8.73 37  -9.44 38  -9.07
 ABUNDANCE CHANGE 39  -9.80 40  -9.44 41 -10.62 42 -10.12 43 -20.00 44 -10.20
 ABUNDANCE CHANGE 45 -10.92 46 -10.35 47 -11.10 48 -10.27 49 -10.38 50 -10.04
 ABUNDANCE CHANGE 51 -11.04 52  -9.80 53 -10.53 54  -9.87 55 -10.91 56  -9.91
 ABUNDANCE CHANGE 57 -10.87 58 -10.46 59 -11.33 60 -10.54 61 -20.00 62 -11.03
 ABUNDANCE CHANGE 63 -11.53 64 -10.92 65 -11.69 66 -10.90 67 -11.78 68 -11.11
 ABUNDANCE CHANGE 69 -12.04 70 -10.96 71 -11.98 72 -11.16 73 -12.17 74 -10.93
 ABUNDANCE CHANGE 75 -11.76 76 -10.59 77 -10.69 78 -10.24 79 -11.03 80 -10.91
 ABUNDANCE CHANGE 81 -11.14 82 -10.09 83 -11.33 84 -20.00 85 -20.00 86 -20.00
 ABUNDANCE CHANGE 87 -20.00 88 -20.00 89 -20.00 90 -11.95 91 -20.00 92 -12.54
 ABUNDANCE CHANGE 93 -20.00 94 -20.00 95 -20.00 96 -20.00 97 -20.00 98 -20.00
 ABUNDANCE CHANGE 99 -20.00
READ DECK6 72 RHOX,T,P,XNE,ABROSS,ACCRAD,VTURB, FLXCNV,VCONV,VELSND
 1.82649381E-02   2667.3 1.826E+00 7.683E+06 7.301E-06 6.041E-04 2.000E+05 0.000E+00 0.000E+00 6.379E+05
 2.41555879E-02   2691.1 2.416E+00 1.021E+07 7.799E-06 6.169E-04 2.000E+05 0.000E+00 0.000E+00 6.150E+05
 3.15209195E-02   2718.0 3.152E+00 1.360E+07 8.306E-06 6.212E-04 2.000E+05 0.000E+00 0.000E+00 5.991E+05
 4.07070097E-02   2746.5 4.071E+00 1.805E+07 8.914E-06 6.214E-04 2.000E+05 0.000E+00 0.000E+00 5.880E+05
 5.20670952E-02   2776.2 5.207E+00 2.387E+07 9.649E-06 6.186E-04 2.000E+05 0.000E+00 0.000E+00 5.805E+05
 6.60431115E-02   2807.4 6.604E+00 3.145E+07 1.046E-05 6.156E-04 2.000E+05 0.000E+00 0.000E+00 5.756E+05
 8.32477322E-02   2840.2 8.325E+00 4.139E+07 1.133E-05 6.131E-04 2.000E+05 0.000E+00 0.000E+00 5.729E+05
 1.04427590E-01   2874.9 1.044E+01 5.443E+07 1.229E-05 6.104E-04 2.000E+05 0.000E+00 0.000E+00 5.718E+05
 1.30173476E-01   2909.4 1.302E+01 7.092E+07 1.362E-05 6.024E-04 2.000E+05 0.000E+00 0.000E+00 5.717E+05
 1.61092234E-01   2944.5 1.611E+01 9.179E+07 1.514E-05 5.951E-04 2.000E+05 0.000E+00 0.000E+00 5.725E+05
 1.98186247E-01   2980.4 1.982E+01 1.181E+08 1.682E-05 5.896E-04 2.000E+05 0.000E+00 0.000E+00 5.740E+05
 2.42705868E-01   3017.3 2.427E+01 1.512E+08 1.871E-05 5.856E-04 2.000E+05 0.000E+00 0.000E+00 5.761E+05
 2.95704091E-01   3053.5 2.957E+01 1.918E+08 2.110E-05 5.762E-04 2.000E+05 0.000E+00 0.000E+00 5.785E+05
 3.58185102E-01   3089.4 3.582E+01 2.412E+08 2.392E-05 5.680E-04 2.000E+05 0.000E+00 0.000E+00 5.810E+05
 4.31578387E-01   3125.0 4.316E+01 3.008E+08 2.717E-05 5.615E-04 2.000E+05 0.000E+00 0.000E+00 5.837E+05
 5.17838631E-01   3160.5 5.178E+01 3.728E+08 3.082E-05 5.579E-04 2.000E+05 0.000E+00 0.000E+00 5.866E+05
 6.18819865E-01   3195.7 6.188E+01 4.589E+08 3.523E-05 5.476E-04 2.000E+05 0.000E+00 0.000E+00 5.895E+05
 7.36644775E-01   3229.9 7.366E+01 5.606E+08 4.024E-05 5.414E-04 2.000E+05 0.000E+00 0.000E+00 5.924E+05
 8.74243134E-01   3263.7 8.742E+01 6.813E+08 4.595E-05 5.391E-04 2.000E+05 0.000E+00 0.000E+00 5.952E+05
 1.03484576E+00   3297.2 1.035E+02 8.241E+08 5.254E-05 5.401E-04 2.000E+05 0.000E+00 0.000E+00 5.981E+05
 1.22165182E+00   3330.8 1.222E+02 9.930E+08 6.038E-05 5.358E-04 2.000E+05 0.000E+00 0.000E+00 6.010E+05
 1.43838014E+00   3363.6 1.438E+02 1.191E+09 6.939E-05 5.320E-04 2.000E+05 0.000E+00 0.000E+00 6.038E+05
 1.69007869E+00   3395.2 1.690E+02 1.420E+09 7.961E-05 5.328E-04 2.000E+05 0.000E+00 0.000E+00 6.065E+05
 1.98260254E+00   3426.7 1.983E+02 1.689E+09 9.135E-05 5.375E-04 2.000E+05 0.000E+00 0.000E+00 6.092E+05
 2.32280277E+00   3456.4 2.323E+02 2.000E+09 1.046E-04 5.506E-04 2.000E+05 0.000E+00 0.000E+00 6.117E+05
 2.72154566E+00   3491.5 2.722E+02 2.383E+09 1.183E-04 5.089E-04 2.000E+05 0.000E+00 0.000E+00 6.148E+05
 3.19200654E+00   3526.0 3.192E+02 2.835E+09 1.337E-04 4.624E-04 2.000E+05 0.000E+00 0.000E+00 6.179E+05
 3.74686054E+00   3550.1 3.747E+02 3.327E+09 1.513E-04 4.484E-04 2.000E+05 0.000E+00 0.000E+00 6.195E+05
 4.39959006E+00   3572.8 4.400E+02 3.898E+09 1.717E-04 4.475E-04 2.000E+05 0.000E+00 0.000E+00 6.210E+05
 5.16581551E+00   3593.2 5.166E+02 4.553E+09 1.951E-04 4.564E-04 2.000E+05 0.000E+00 0.000E+00 6.221E+05
 6.06491340E+00   3610.9 6.066E+02 5.298E+09 2.218E-04 4.737E-04 2.000E+05 0.000E+00 0.000E+00 6.228E+05
 7.11998696E+00   3625.7 7.122E+02 6.142E+09 2.519E-04 4.989E-04 2.000E+05 0.000E+00 0.000E+00 6.230E+05
 8.35685329E+00   3637.7 8.359E+02 7.092E+09 2.869E-04 5.382E-04 2.000E+05 0.000E+00 0.000E+00 6.228E+05
 9.80598465E+00   3647.9 9.808E+02 8.167E+09 3.269E-04 5.882E-04 2.000E+05 0.000E+00 0.000E+00 6.222E+05
 1.15022440E+01   3658.2 1.150E+03 9.398E+09 3.727E-04 6.455E-04 2.000E+05 0.000E+00 0.000E+00 6.216E+05
 1.34837946E+01   3669.2 1.348E+03 1.082E+10 4.256E-04 7.111E-04 2.000E+05 0.000E+00 0.000E+00 6.209E+05
 1.57974729E+01   3680.6 1.580E+03 1.245E+10 4.863E-04 7.860E-04 2.000E+05 0.000E+00 0.000E+00 6.202E+05
 1.84939960E+01   3693.5 1.849E+03 1.433E+10 5.567E-04 8.723E-04 2.000E+05 0.000E+00 0.000E+00 6.196E+05
 2.16324625E+01   3707.9 2.163E+03 1.653E+10 6.388E-04 9.718E-04 2.000E+05 0.000E+00 0.000E+00 6.191E+05
 2.52746988E+01   3724.4 2.527E+03 1.908E+10 7.347E-04 1.087E-03 2.000E+05 0.000E+00 0.000E+00 6.190E+05
 2.94903232E+01   3743.7 2.949E+03 2.209E+10 8.483E-04 1.223E-03 2.000E+05 0.000E+00 0.000E+00 6.193E+05
 3.43476749E+01   3766.6 3.435E+03 2.565E+10 9.840E-04 1.385E-03 2.000E+05 0.000E+00 0.000E+00 6.202E+05
 3.99112819E+01   3794.3 3.991E+03 2.990E+10 1.148E-03 1.583E-03 2.000E+05 0.000E+00 0.000E+00 6.219E+05
 4.62796555E+01   3830.0 4.628E+03 3.512E+10 1.336E-03 1.765E-03 2.000E+05 0.000E+00 0.000E+00 6.251E+05
 5.35951800E+01   3867.5 5.359E+03 4.125E+10 1.548E-03 1.955E-03 2.000E+05 0.000E+00 0.000E+00 6.285E+05
 6.20034601E+01   3910.1 6.200E+03 4.865E+10 1.799E-03 2.177E-03 2.000E+05 0.000E+00 0.000E+00 6.327E+05
 7.16364536E+01   3959.1 7.164E+03 5.764E+10 2.097E-03 2.434E-03 2.000E+05 0.000E+00 0.000E+00 6.376E+05
 8.26420305E+01   4015.9 8.264E+03 6.863E+10 2.451E-03 2.724E-03 2.000E+05 0.000E+00 0.000E+00 6.442E+05
 9.51828964E+01   4081.8 9.518E+03 8.217E+10 2.872E-03 3.054E-03 2.000E+05 0.000E+00 0.000E+00 6.517E+05
 1.09428105E+02   4158.3 1.094E+04 9.907E+10 3.378E-03 3.435E-03 2.000E+05 0.000E+00 0.000E+00 6.605E+05
 1.25538824E+02   4247.2 1.255E+04 1.208E+11 3.995E-03 3.880E-03 2.000E+05 0.000E+00 0.000E+00 6.705E+05
 1.43594897E+02   4349.1 1.436E+04 1.501E+11 4.792E-03 4.442E-03 2.000E+05 0.000E+00 0.000E+00 6.816E+05
 1.63322320E+02   4467.7 1.633E+04 1.944E+11 5.973E-03 5.314E-03 2.000E+05 0.000E+00 0.000E+00 6.940E+05
 1.83863806E+02   4603.7 1.839E+04 2.697E+11 7.873E-03 6.726E-03 2.000E+05 0.000E+00 0.000E+00 7.073E+05
 2.04000483E+02   4756.9 2.040E+04 4.080E+11 1.107E-02 9.060E-03 2.000E+05 0.000E+00 0.000E+00 7.213E+05
 2.22329021E+02   4932.5 2.223E+04 6.777E+11 1.690E-02 1.343E-02 2.000E+05 1.930E-06 4.328E+03 7.362E+05
 2.37744442E+02   5137.1 2.377E+04 1.231E+12 2.772E-02 2.156E-02 2.000E+05 1.684E-04 1.905E+04 7.523E+05
 2.49960498E+02   5372.4 2.499E+04 2.387E+12 4.770E-02 3.649E-02 2.000E+05 3.471E-03 5.210E+04 7.691E+05
 2.59200452E+02   5645.7 2.592E+04 4.887E+12 8.584E-02 6.429E-02 2.000E+05 2.264E-02 9.750E+04 7.865E+05
 2.65925992E+02   5955.7 2.659E+04 1.026E+13 1.584E-01 1.102E-01 2.000E+05 6.084E-02 1.343E+05 8.031E+05
 2.70926579E+02   6255.0 2.709E+04 1.966E+13 2.739E-01 1.565E-01 2.000E+05 2.536E-01 2.181E+05 8.153E+05
 2.75001353E+02   6508.9 2.750E+04 3.265E+13 4.252E-01 1.773E-01 2.000E+05 4.683E-01 2.680E+05 8.225E+05
 2.78660356E+02   6722.9 2.786E+04 4.866E+13 6.073E-01 1.776E-01 2.000E+05 6.262E-01 2.921E+05 8.265E+05
 2.82172533E+02   6910.9 2.821E+04 6.778E+13 8.236E-01 1.727E-01 2.000E+05 7.317E-01 3.035E+05 8.287E+05
 2.85689227E+02   7081.7 2.856E+04 9.028E+13 1.080E+00 1.667E-01 2.000E+05 8.015E-01 3.079E+05 8.299E+05
 2.89309572E+02   7241.0 2.892E+04 1.166E+14 1.384E+00 1.622E-01 2.000E+05 8.498E-01 3.093E+05 8.307E+05
 2.93102533E+02   7393.5 2.930E+04 1.475E+14 1.750E+00 1.566E-01 2.000E+05 8.845E-01 3.075E+05 8.314E+05
 2.97131149E+02   7539.4 2.971E+04 1.833E+14 2.185E+00 1.514E-01 2.000E+05 9.112E-01 3.058E+05 8.321E+05
 3.01442873E+02   7684.5 3.014E+04 2.257E+14 2.716E+00 1.458E-01 2.000E+05 9.305E-01 3.011E+05 8.331E+05
 3.06099646E+02   7823.0 3.060E+04 2.736E+14 3.335E+00 1.404E-01 2.000E+05 9.462E-01 2.983E+05 8.345E+05
 3.11139084E+02   7966.2 3.110E+04 3.315E+14 4.115E+00 1.350E-01 2.000E+05 9.574E-01 2.918E+05 8.363E+05
 3.16631813E+02   8099.2 3.165E+04 3.942E+14 4.992E+00 1.392E-01 2.000E+05 9.646E-01 2.889E+05 8.385E+05
PRADK 5.4606E-01
BEGIN                    ITERATION  15 COMPLETED
