TEFF   5250.  GRAVITY 0.00000 LTE 
TITLE  [-1.5a] N(He)/Ntot=0.0784 VTURB=2.0  L/H=1.25 ODFNEW                     
 OPACITY IFOP 1 1 1 1 1 1 1 1 1 1 1 1 1 0 1 0 0 0 0 0
 CONVECTION ON   1.25 TURBULENCE OFF  0.00  0.00  0.00  0.00
ABUNDANCE SCALE   0.03162 ABUNDANCE CHANGE 1 0.92157 2 0.07843
 ABUNDANCE CHANGE  3 -10.94  4 -10.64  5  -9.49  6  -3.52  7  -4.12  8  -2.81
 ABUNDANCE CHANGE  9  -7.48 10  -3.56 11  -5.71 12  -4.06 13  -5.57 14  -4.09
 ABUNDANCE CHANGE 15  -6.59 16  -4.31 17  -6.54 18  -5.24 19  -6.92 20  -5.28
 ABUNDANCE CHANGE 21  -8.87 22  -6.62 23  -8.04 24  -6.37 25  -6.65 26  -4.54
 ABUNDANCE CHANGE 27  -7.12 28  -5.79 29  -7.83 30  -7.44 31  -9.16 32  -8.63
 ABUNDANCE CHANGE 33  -9.67 34  -8.63 35  -9.41 36  -8.73 37  -9.44 38  -9.07
 ABUNDANCE CHANGE 39  -9.80 40  -9.44 41 -10.62 42 -10.12 43 -20.00 44 -10.20
 ABUNDANCE CHANGE 45 -10.92 46 -10.35 47 -11.10 48 -10.27 49 -10.38 50 -10.04
 ABUNDANCE CHANGE 51 -11.04 52  -9.80 53 -10.53 54  -9.87 55 -10.91 56  -9.91
 ABUNDANCE CHANGE 57 -10.87 58 -10.46 59 -11.33 60 -10.54 61 -20.00 62 -11.03
 ABUNDANCE CHANGE 63 -11.53 64 -10.92 65 -11.69 66 -10.90 67 -11.78 68 -11.11
 ABUNDANCE CHANGE 69 -12.04 70 -10.96 71 -11.98 72 -11.16 73 -12.17 74 -10.93
 ABUNDANCE CHANGE 75 -11.76 76 -10.59 77 -10.69 78 -10.24 79 -11.03 80 -10.91
 ABUNDANCE CHANGE 81 -11.14 82 -10.09 83 -11.33 84 -20.00 85 -20.00 86 -20.00
 ABUNDANCE CHANGE 87 -20.00 88 -20.00 89 -20.00 90 -11.95 91 -20.00 92 -12.54
 ABUNDANCE CHANGE 93 -20.00 94 -20.00 95 -20.00 96 -20.00 97 -20.00 98 -20.00
 ABUNDANCE CHANGE 99 -20.00
READ DECK6 72 RHOX,T,P,XNE,ABROSS,ACCRAD,VTURB, FLXCNV,VCONV,VELSND
 7.16425854E-03   3350.1 7.160E-03 2.202E+05 1.861E-05 6.100E-04 2.000E+05 0.000E+00 0.000E+00 9.173E+06
 9.56350118E-03   3363.9 9.558E-03 2.839E+05 1.846E-05 6.085E-04 2.000E+05 0.000E+00 0.000E+00 7.962E+06
 1.27993992E-02   3375.7 1.279E-02 3.635E+05 1.820E-05 6.063E-04 2.000E+05 0.000E+00 0.000E+00 6.903E+06
 1.71591735E-02   3390.1 1.715E-02 4.716E+05 1.809E-05 6.043E-04 2.000E+05 0.000E+00 1.168E+06 5.983E+06
 2.29953201E-02   3406.3 2.298E-02 6.162E+05 1.807E-05 6.013E-04 2.000E+05 0.000E+00 8.518E+05 5.191E+06
 3.07625813E-02   3424.2 3.074E-02 8.096E+05 1.815E-05 5.972E-04 2.000E+05 0.000E+00 6.021E+05 4.510E+06
 4.10435925E-02   3443.9 4.102E-02 1.069E+06 1.833E-05 5.930E-04 2.000E+05 0.000E+00 4.007E+05 3.928E+06
 5.45915211E-02   3464.9 5.456E-02 1.415E+06 1.859E-05 5.872E-04 2.000E+05 0.000E+00 2.390E+05 3.431E+06
 7.23974250E-02   3487.1 7.235E-02 1.875E+06 1.887E-05 5.663E-04 2.000E+05 0.000E+00 1.150E+05 3.004E+06
 9.57684161E-02   3509.8 9.571E-02 2.484E+06 1.918E-05 5.446E-04 2.000E+05 0.000E+00 1.672E+04 2.639E+06
 1.26398896E-01   3532.9 1.263E-01 3.287E+06 1.953E-05 5.254E-04 2.000E+05 0.000E+00 0.000E+00 2.325E+06
 1.66512738E-01   3555.9 1.664E-01 4.337E+06 1.989E-05 5.077E-04 2.000E+05 0.000E+00 0.000E+00 2.056E+06
 2.19058398E-01   3578.3 2.189E-01 5.700E+06 2.024E-05 4.918E-04 2.000E+05 0.000E+00 0.000E+00 1.824E+06
 2.87969544E-01   3600.0 2.878E-01 7.456E+06 2.056E-05 4.780E-04 2.000E+05 0.000E+00 0.000E+00 1.626E+06
 3.78466244E-01   3620.7 3.783E-01 9.709E+06 2.087E-05 4.667E-04 2.000E+05 0.000E+00 0.000E+00 1.456E+06
 4.97480259E-01   3640.0 4.972E-01 1.256E+07 2.115E-05 4.627E-04 2.000E+05 0.000E+00 0.000E+00 1.310E+06
 6.54016213E-01   3658.4 6.537E-01 1.619E+07 2.146E-05 4.661E-04 2.000E+05 0.000E+00 0.000E+00 1.188E+06
 8.59034363E-01   3678.6 8.586E-01 2.098E+07 2.193E-05 4.715E-04 2.000E+05 0.000E+00 0.000E+00 1.085E+06
 1.12535286E+00   3700.9 1.125E+00 2.732E+07 2.262E-05 4.791E-04 2.000E+05 0.000E+00 0.000E+00 1.001E+06
 1.46785124E+00   3725.9 1.467E+00 3.578E+07 2.358E-05 4.899E-04 2.000E+05 0.000E+00 0.000E+00 9.327E+05
 1.90292022E+00   3754.4 1.902E+00 4.722E+07 2.493E-05 5.044E-04 2.000E+05 0.000E+00 0.000E+00 8.784E+05
 2.44725120E+00   3787.3 2.446E+00 6.291E+07 2.679E-05 5.247E-04 2.000E+05 0.000E+00 0.000E+00 8.360E+05
 3.11348399E+00   3828.4 3.112E+00 8.575E+07 2.952E-05 5.340E-04 2.000E+05 0.000E+00 0.000E+00 8.038E+05
 3.91585213E+00   3871.2 3.914E+00 1.168E+08 3.283E-05 5.325E-04 2.000E+05 0.000E+00 0.000E+00 7.794E+05
 4.87735979E+00   3911.4 4.875E+00 1.566E+08 3.651E-05 5.303E-04 2.000E+05 0.000E+00 0.000E+00 7.605E+05
 6.02959468E+00   3949.6 6.026E+00 2.072E+08 4.065E-05 5.288E-04 2.000E+05 0.000E+00 0.000E+00 7.457E+05
 7.40824716E+00   3986.1 7.404E+00 2.711E+08 4.535E-05 5.281E-04 2.000E+05 0.000E+00 0.000E+00 7.342E+05
 9.05362711E+00   4021.2 9.049E+00 3.512E+08 5.076E-05 5.299E-04 2.000E+05 0.000E+00 0.000E+00 7.253E+05
 1.10107214E+01   4055.4 1.100E+01 4.514E+08 5.700E-05 5.332E-04 2.000E+05 0.000E+00 0.000E+00 7.184E+05
 1.33303312E+01   4088.7 1.332E+01 5.761E+08 6.424E-05 5.381E-04 2.000E+05 0.000E+00 0.000E+00 7.132E+05
 1.60704711E+01   4121.3 1.606E+01 7.301E+08 7.262E-05 5.442E-04 2.000E+05 0.000E+00 0.000E+00 7.094E+05
 1.92992353E+01   4152.8 1.929E+01 9.182E+08 8.226E-05 5.517E-04 2.000E+05 0.000E+00 0.000E+00 7.066E+05
 2.30972549E+01   4183.1 2.308E+01 1.146E+09 9.332E-05 5.614E-04 2.000E+05 0.000E+00 0.000E+00 7.046E+05
 2.75588116E+01   4212.3 2.754E+01 1.419E+09 1.060E-04 5.738E-04 2.000E+05 0.000E+00 0.000E+00 7.032E+05
 3.27931024E+01   4240.7 3.278E+01 1.747E+09 1.206E-04 5.889E-04 2.000E+05 0.000E+00 0.000E+00 7.024E+05
 3.89266485E+01   4268.2 3.891E+01 2.138E+09 1.373E-04 6.077E-04 2.000E+05 0.000E+00 0.000E+00 7.020E+05
 4.61043132E+01   4295.2 4.608E+01 2.605E+09 1.566E-04 6.300E-04 2.000E+05 0.000E+00 0.000E+00 7.020E+05
 5.44921962E+01   4321.7 5.446E+01 3.161E+09 1.788E-04 6.564E-04 2.000E+05 0.000E+00 0.000E+00 7.023E+05
 6.42802228E+01   4347.9 6.424E+01 3.824E+09 2.045E-04 6.876E-04 2.000E+05 0.000E+00 0.000E+00 7.028E+05
 7.56804140E+01   4374.0 7.563E+01 4.614E+09 2.343E-04 7.256E-04 2.000E+05 0.000E+00 0.000E+00 7.036E+05
 8.89209766E+01   4400.5 8.887E+01 5.564E+09 2.696E-04 7.737E-04 2.000E+05 0.000E+00 0.000E+00 7.046E+05
 1.04218338E+02   4428.8 1.042E+02 6.735E+09 3.122E-04 8.329E-04 2.000E+05 0.000E+00 0.000E+00 7.059E+05
 1.21766886E+02   4459.3 1.217E+02 8.197E+09 3.644E-04 9.068E-04 2.000E+05 0.000E+00 0.000E+00 7.074E+05
 1.41729894E+02   4492.9 1.416E+02 1.006E+10 4.291E-04 9.994E-04 2.000E+05 0.000E+00 0.000E+00 7.093E+05
 1.64207140E+02   4530.6 1.641E+02 1.247E+10 5.111E-04 1.118E-03 2.000E+05 0.000E+00 0.000E+00 7.116E+05
 1.89201299E+02   4573.5 1.890E+02 1.568E+10 6.170E-04 1.270E-03 2.000E+05 0.000E+00 0.000E+00 7.143E+05
 2.16660758E+02   4622.4 2.165E+02 2.002E+10 7.530E-04 1.457E-03 2.000E+05 0.000E+00 0.000E+00 7.174E+05
 2.46454513E+02   4677.7 2.462E+02 2.598E+10 9.325E-04 1.706E-03 2.000E+05 0.000E+00 0.000E+00 7.210E+05
 2.78230445E+02   4742.0 2.779E+02 3.451E+10 1.178E-03 2.047E-03 2.000E+05 0.000E+00 0.000E+00 7.251E+05
 3.11366648E+02   4817.6 3.110E+02 4.716E+10 1.526E-03 2.535E-03 2.000E+05 0.000E+00 0.000E+00 7.298E+05
 3.44923407E+02   4908.0 3.445E+02 6.687E+10 2.043E-03 3.264E-03 2.000E+05 0.000E+00 0.000E+00 7.351E+05
 3.77826219E+02   5015.0 3.772E+02 9.841E+10 2.823E-03 4.360E-03 2.000E+05 0.000E+00 0.000E+00 7.410E+05
 4.09025085E+02   5141.8 4.083E+02 1.509E+11 4.043E-03 6.073E-03 2.000E+05 5.414E-05 0.000E+00 7.473E+05
 4.37542104E+02   5291.0 4.366E+02 2.411E+11 6.012E-03 8.830E-03 2.000E+05 3.351E-03 6.337E+01 7.533E+05
 4.62584205E+02   5466.6 4.613E+02 4.018E+11 9.327E-03 1.348E-02 2.000E+05 1.184E-01 2.430E+02 7.583E+05
 4.83613236E+02   5672.1 4.820E+02 6.974E+11 1.516E-02 2.170E-02 2.000E+05 4.337E+00 7.735E+02 7.613E+05
 5.00434814E+02   5911.4 4.984E+02 1.255E+12 2.592E-02 3.702E-02 2.000E+05 2.252E+02 2.497E+03 7.614E+05
 5.13098557E+02   6194.4 5.104E+02 2.358E+12 4.748E-02 6.815E-02 2.000E+05 1.975E+04 8.971E+03 7.589E+05
 5.21962913E+02   6524.2 5.184E+02 4.563E+12 9.371E-02 1.365E-01 2.000E+05 1.176E+06 3.772E+04 7.566E+05
 5.27586285E+02   6919.6 5.228E+02 9.191E+12 2.070E-01 3.080E-01 2.000E+05 2.243E+07 1.359E+05 7.601E+05
 5.30728783E+02   7382.0 5.244E+02 1.870E+13 5.106E-01 6.941E-01 2.000E+05 3.740E+08 3.281E+05 7.761E+05
 5.32596574E+02   7759.9 5.248E+02 3.091E+13 1.036E+00 9.412E-01 2.000E+05 1.271E+09 8.027E+05 7.993E+05
 5.34024021E+02   8001.1 5.249E+02 4.113E+13 1.592E+00 8.093E-01 2.000E+05 2.166E+09 9.571E+05 8.192E+05
 5.35378251E+02   8165.2 5.253E+02 4.919E+13 2.103E+00 6.458E-01 2.000E+05 2.656E+09 9.940E+05 8.351E+05
 5.36780516E+02   8309.5 5.259E+02 5.697E+13 2.655E+00 5.615E-01 2.000E+05 2.916E+09 1.035E+06 8.507E+05
 5.38287508E+02   8440.3 5.266E+02 6.455E+13 3.249E+00 4.901E-01 2.000E+05 3.069E+09 1.046E+06 8.661E+05
 5.39950696E+02   8561.9 5.275E+02 7.199E+13 3.887E+00 4.484E-01 2.000E+05 3.163E+09 1.068E+06 8.818E+05
 5.41808703E+02   8687.7 5.285E+02 7.999E+13 4.633E+00 4.158E-01 2.000E+05 3.214E+09 1.078E+06 8.991E+05
 5.43910879E+02   8807.7 5.298E+02 8.782E+13 5.407E+00 3.865E-01 2.000E+05 3.257E+09 1.090E+06 9.168E+05
 5.46308240E+02   8939.6 5.313E+02 9.652E+13 6.330E+00 3.767E-01 2.000E+05 3.295E+09 1.116E+06 9.374E+05
 5.49053069E+02   9074.5 5.330E+02 1.054E+14 7.336E+00 3.575E-01 2.000E+05 3.304E+09 1.121E+06 9.598E+05
 5.52222723E+02   9218.7 5.350E+02 1.147E+14 8.450E+00 3.750E-01 2.000E+05 3.332E+09 1.154E+06 9.848E+05
PRADK 1.0112E+00
BEGIN                    ITERATION  15 COMPLETED
