TEFF   4500.  GRAVITY 2.50000 LTE 
TITLE  [-1.5a] N(He)/Ntot=0.0784 VTURB=2.0  L/H=1.25 ODFNEW                     
 OPACITY IFOP 1 1 1 1 1 1 1 1 1 1 1 1 1 0 1 0 0 0 0 0
 CONVECTION ON   1.25 TURBULENCE OFF  0.00  0.00  0.00  0.00
ABUNDANCE SCALE   0.03162 ABUNDANCE CHANGE 1 0.92157 2 0.07843
 ABUNDANCE CHANGE  3 -10.94  4 -10.64  5  -9.49  6  -3.52  7  -4.12  8  -2.81
 ABUNDANCE CHANGE  9  -7.48 10  -3.56 11  -5.71 12  -4.06 13  -5.57 14  -4.09
 ABUNDANCE CHANGE 15  -6.59 16  -4.31 17  -6.54 18  -5.24 19  -6.92 20  -5.28
 ABUNDANCE CHANGE 21  -8.87 22  -6.62 23  -8.04 24  -6.37 25  -6.65 26  -4.54
 ABUNDANCE CHANGE 27  -7.12 28  -5.79 29  -7.83 30  -7.44 31  -9.16 32  -8.63
 ABUNDANCE CHANGE 33  -9.67 34  -8.63 35  -9.41 36  -8.73 37  -9.44 38  -9.07
 ABUNDANCE CHANGE 39  -9.80 40  -9.44 41 -10.62 42 -10.12 43 -20.00 44 -10.20
 ABUNDANCE CHANGE 45 -10.92 46 -10.35 47 -11.10 48 -10.27 49 -10.38 50 -10.04
 ABUNDANCE CHANGE 51 -11.04 52  -9.80 53 -10.53 54  -9.87 55 -10.91 56  -9.91
 ABUNDANCE CHANGE 57 -10.87 58 -10.46 59 -11.33 60 -10.54 61 -20.00 62 -11.03
 ABUNDANCE CHANGE 63 -11.53 64 -10.92 65 -11.69 66 -10.90 67 -11.78 68 -11.11
 ABUNDANCE CHANGE 69 -12.04 70 -10.96 71 -11.98 72 -11.16 73 -12.17 74 -10.93
 ABUNDANCE CHANGE 75 -11.76 76 -10.59 77 -10.69 78 -10.24 79 -11.03 80 -10.91
 ABUNDANCE CHANGE 81 -11.14 82 -10.09 83 -11.33 84 -20.00 85 -20.00 86 -20.00
 ABUNDANCE CHANGE 87 -20.00 88 -20.00 89 -20.00 90 -11.95 91 -20.00 92 -12.54
 ABUNDANCE CHANGE 93 -20.00 94 -20.00 95 -20.00 96 -20.00 97 -20.00 98 -20.00
 ABUNDANCE CHANGE 99 -20.00
READ DECK6 72 RHOX,T,P,XNE,ABROSS,ACCRAD,VTURB, FLXCNV,VCONV,VELSND
 1.42970330E-02   2782.0 4.521E+00 2.219E+07 9.327E-06 7.089E-04 2.000E+05 0.000E+00 0.000E+00 5.900E+05
 1.88653750E-02   2802.0 5.966E+00 2.880E+07 1.014E-05 7.300E-04 2.000E+05 0.000E+00 0.000E+00 5.794E+05
 2.44695203E-02   2824.8 7.738E+00 3.729E+07 1.102E-05 7.407E-04 2.000E+05 0.000E+00 0.000E+00 5.724E+05
 3.13530939E-02   2849.9 9.915E+00 4.819E+07 1.196E-05 7.480E-04 2.000E+05 0.000E+00 0.000E+00 5.683E+05
 3.97698254E-02   2876.1 1.258E+01 6.201E+07 1.310E-05 7.509E-04 2.000E+05 0.000E+00 0.000E+00 5.658E+05
 4.99631327E-02   2902.8 1.580E+01 7.928E+07 1.449E-05 7.498E-04 2.000E+05 0.000E+00 0.000E+00 5.645E+05
 6.22340912E-02   2930.3 1.968E+01 1.008E+08 1.606E-05 7.487E-04 2.000E+05 0.000E+00 0.000E+00 5.642E+05
 7.70049503E-02   2959.0 2.435E+01 1.278E+08 1.778E-05 7.493E-04 2.000E+05 0.000E+00 0.000E+00 5.648E+05
 9.48086298E-02   2988.8 2.998E+01 1.618E+08 1.969E-05 7.512E-04 2.000E+05 0.000E+00 0.000E+00 5.660E+05
 1.16152824E-01   3019.5 3.673E+01 2.040E+08 2.200E-05 7.511E-04 2.000E+05 0.000E+00 0.000E+00 5.677E+05
 1.41397487E-01   3049.7 4.471E+01 2.552E+08 2.499E-05 7.439E-04 2.000E+05 0.000E+00 0.000E+00 5.696E+05
 1.71034818E-01   3080.3 5.409E+01 3.174E+08 2.836E-05 7.397E-04 2.000E+05 0.000E+00 0.000E+00 5.718E+05
 2.05886481E-01   3111.3 6.511E+01 3.929E+08 3.214E-05 7.380E-04 2.000E+05 0.000E+00 0.000E+00 5.742E+05
 2.46901501E-01   3143.0 7.808E+01 4.847E+08 3.644E-05 7.388E-04 2.000E+05 0.000E+00 0.000E+00 5.768E+05
 2.95026797E-01   3174.9 9.330E+01 5.954E+08 4.152E-05 7.378E-04 2.000E+05 0.000E+00 0.000E+00 5.796E+05
 3.51024517E-01   3206.6 1.110E+02 7.270E+08 4.781E-05 7.311E-04 2.000E+05 0.000E+00 0.000E+00 5.825E+05
 4.15851267E-01   3237.9 1.315E+02 8.820E+08 5.508E-05 7.269E-04 2.000E+05 0.000E+00 0.000E+00 5.852E+05
 4.90965217E-01   3268.8 1.553E+02 1.065E+09 6.331E-05 7.261E-04 2.000E+05 0.000E+00 0.000E+00 5.880E+05
 5.78198205E-01   3299.6 1.828E+02 1.280E+09 7.267E-05 7.294E-04 2.000E+05 0.000E+00 0.000E+00 5.908E+05
 6.79376762E-01   3330.5 2.148E+02 1.534E+09 8.368E-05 7.295E-04 2.000E+05 0.000E+00 0.000E+00 5.936E+05
 7.96467815E-01   3361.0 2.519E+02 1.831E+09 9.647E-05 7.305E-04 2.000E+05 0.000E+00 0.000E+00 5.963E+05
 9.32025274E-01   3390.7 2.947E+02 2.176E+09 1.110E-04 7.373E-04 2.000E+05 0.000E+00 0.000E+00 5.989E+05
 1.08893164E+00   3420.4 3.444E+02 2.580E+09 1.280E-04 7.473E-04 2.000E+05 0.000E+00 0.000E+00 6.015E+05
 1.27046288E+00   3449.9 4.017E+02 3.050E+09 1.476E-04 7.619E-04 2.000E+05 0.000E+00 0.000E+00 6.040E+05
 1.48148829E+00   3480.4 4.684E+02 3.606E+09 1.684E-04 7.351E-04 2.000E+05 0.000E+00 0.000E+00 6.067E+05
 1.72920217E+00   3510.7 5.468E+02 4.262E+09 1.905E-04 6.719E-04 2.000E+05 0.000E+00 0.000E+00 6.093E+05
 2.02045705E+00   3538.5 6.390E+02 5.016E+09 2.164E-04 6.404E-04 2.000E+05 0.000E+00 0.000E+00 6.115E+05
 2.36205893E+00   3562.5 7.471E+02 5.871E+09 2.462E-04 6.327E-04 2.000E+05 0.000E+00 0.000E+00 6.130E+05
 2.76247227E+00   3583.2 8.738E+02 6.838E+09 2.802E-04 6.425E-04 2.000E+05 0.000E+00 0.000E+00 6.139E+05
 3.23177082E+00   3601.4 1.022E+03 7.935E+09 3.188E-04 6.657E-04 2.000E+05 0.000E+00 0.000E+00 6.144E+05
 3.78172506E+00   3617.3 1.196E+03 9.179E+09 3.627E-04 6.995E-04 2.000E+05 0.000E+00 0.000E+00 6.144E+05
 4.42675030E+00   3630.4 1.400E+03 1.058E+10 4.120E-04 7.448E-04 2.000E+05 0.000E+00 0.000E+00 6.139E+05
 5.18253439E+00   3640.9 1.640E+03 1.214E+10 4.695E-04 8.157E-04 2.000E+05 0.000E+00 0.000E+00 6.128E+05
 6.06969082E+00   3649.8 1.920E+03 1.390E+10 5.339E-04 8.967E-04 2.000E+05 0.000E+00 0.000E+00 6.113E+05
 7.10784455E+00   3659.7 2.248E+03 1.592E+10 6.082E-04 9.904E-04 2.000E+05 0.000E+00 0.000E+00 6.098E+05
 8.32335033E+00   3670.0 2.632E+03 1.825E+10 6.934E-04 1.097E-03 2.000E+05 0.000E+00 0.000E+00 6.083E+05
 9.74400651E+00   3681.0 3.082E+03 2.092E+10 7.915E-04 1.219E-03 2.000E+05 0.000E+00 0.000E+00 6.067E+05
 1.14015075E+01   3693.4 3.606E+03 2.402E+10 9.059E-04 1.360E-03 2.000E+05 0.000E+00 0.000E+00 6.054E+05
 1.33298839E+01   3707.4 4.216E+03 2.762E+10 1.039E-03 1.522E-03 2.000E+05 0.000E+00 0.000E+00 6.043E+05
 1.55681768E+01   3723.5 4.923E+03 3.183E+10 1.196E-03 1.710E-03 2.000E+05 0.000E+00 0.000E+00 6.035E+05
 1.81576799E+01   3742.6 5.742E+03 3.679E+10 1.381E-03 1.930E-03 2.000E+05 0.000E+00 0.000E+00 6.033E+05
 2.11410185E+01   3765.0 6.685E+03 4.268E+10 1.602E-03 2.192E-03 2.000E+05 0.000E+00 0.000E+00 6.038E+05
 2.45599829E+01   3792.2 7.767E+03 4.976E+10 1.868E-03 2.512E-03 2.000E+05 0.000E+00 0.000E+00 6.053E+05
 2.84699779E+01   3826.4 9.003E+03 5.848E+10 2.177E-03 2.825E-03 2.000E+05 0.000E+00 0.000E+00 6.081E+05
 3.29511846E+01   3863.4 1.042E+04 6.882E+10 2.530E-03 3.150E-03 2.000E+05 0.000E+00 0.000E+00 6.115E+05
 3.80856341E+01   3905.6 1.204E+04 8.136E+10 2.951E-03 3.530E-03 2.000E+05 0.000E+00 0.000E+00 6.158E+05
 4.39458960E+01   3954.3 1.390E+04 9.669E+10 3.453E-03 3.970E-03 2.000E+05 0.000E+00 0.000E+00 6.213E+05
 5.06141418E+01   4010.9 1.601E+04 1.155E+11 4.053E-03 4.472E-03 2.000E+05 0.000E+00 0.000E+00 6.282E+05
 5.81785067E+01   4076.7 1.840E+04 1.389E+11 4.772E-03 5.044E-03 2.000E+05 0.000E+00 0.000E+00 6.365E+05
 6.67348535E+01   4153.3 2.110E+04 1.680E+11 5.633E-03 5.702E-03 2.000E+05 0.000E+00 0.000E+00 6.464E+05
 7.63865496E+01   4242.1 2.416E+04 2.048E+11 6.670E-03 6.454E-03 2.000E+05 0.000E+00 0.000E+00 6.578E+05
 8.72230829E+01   4344.4 2.758E+04 2.531E+11 7.956E-03 7.358E-03 2.000E+05 0.000E+00 0.000E+00 6.706E+05
 9.92090021E+01   4463.2 3.137E+04 3.214E+11 9.722E-03 8.633E-03 2.000E+05 0.000E+00 0.000E+00 6.848E+05
 1.12032343E+02   4600.2 3.543E+04 4.307E+11 1.239E-02 1.058E-02 2.000E+05 0.000E+00 0.000E+00 7.001E+05
 1.25085180E+02   4754.0 3.955E+04 6.252E+11 1.675E-02 1.372E-02 2.000E+05 0.000E+00 0.000E+00 7.159E+05
 1.37381336E+02   4932.8 4.344E+04 1.009E+12 2.487E-02 1.979E-02 2.000E+05 8.645E-06 5.671E+03 7.328E+05
 1.47988838E+02   5137.4 4.680E+04 1.790E+12 3.987E-02 3.099E-02 2.000E+05 9.686E-04 2.713E+04 7.503E+05
 1.56519902E+02   5376.4 4.949E+04 3.455E+12 6.813E-02 5.173E-02 2.000E+05 1.347E-02 6.514E+04 7.687E+05
 1.62983781E+02   5654.4 5.154E+04 7.103E+12 1.223E-01 8.835E-02 2.000E+05 3.711E-02 9.085E+04 7.878E+05
 1.67817494E+02   5942.2 5.307E+04 1.413E+13 2.140E-01 1.344E-01 2.000E+05 1.683E-01 1.512E+05 8.049E+05
 1.71690239E+02   6196.2 5.429E+04 2.472E+13 3.392E-01 1.658E-01 2.000E+05 3.686E-01 1.981E+05 8.176E+05
 1.75085428E+02   6417.3 5.536E+04 3.893E+13 4.968E-01 1.776E-01 2.000E+05 5.423E-01 2.252E+05 8.266E+05
 1.78275542E+02   6612.3 5.637E+04 5.679E+13 6.862E-01 1.779E-01 2.000E+05 6.673E-01 2.396E+05 8.329E+05
 1.81411607E+02   6791.9 5.736E+04 7.897E+13 9.159E-01 1.763E-01 2.000E+05 7.533E-01 2.475E+05 8.375E+05
 1.84588226E+02   6959.6 5.837E+04 1.059E+14 1.191E+00 1.739E-01 2.000E+05 8.122E-01 2.508E+05 8.408E+05
 1.87872900E+02   7120.5 5.940E+04 1.388E+14 1.525E+00 1.728E-01 2.000E+05 8.547E-01 2.524E+05 8.431E+05
 1.91314850E+02   7276.6 6.049E+04 1.785E+14 1.930E+00 1.701E-01 2.000E+05 8.862E-01 2.515E+05 8.449E+05
 1.94960188E+02   7428.8 6.164E+04 2.260E+14 2.420E+00 1.675E-01 2.000E+05 9.114E-01 2.508E+05 8.463E+05
 1.98843989E+02   7580.7 6.287E+04 2.835E+14 3.023E+00 1.639E-01 2.000E+05 9.297E-01 2.473E+05 8.475E+05
 2.03015359E+02   7727.4 6.419E+04 3.504E+14 3.735E+00 1.604E-01 2.000E+05 9.452E-01 2.456E+05 8.487E+05
 2.07503433E+02   7879.0 6.561E+04 4.327E+14 4.634E+00 1.561E-01 2.000E+05 9.562E-01 2.403E+05 8.501E+05
 2.12363615E+02   8020.8 6.715E+04 5.242E+14 5.658E+00 1.631E-01 2.000E+05 9.635E-01 2.380E+05 8.517E+05
PRADK 5.4623E-01
BEGIN                    ITERATION  15 COMPLETED
