TEFF   8000.  GRAVITY 3.00000 LTE 
TITLE  [-1.5a] N(He)/Ntot=0.0784 VTURB=2.0  L/H=1.25 ODFNEW                     
 OPACITY IFOP 1 1 1 1 1 1 1 1 1 1 1 1 1 0 1 0 0 0 0 0
 CONVECTION ON   1.25 TURBULENCE OFF  0.00  0.00  0.00  0.00
ABUNDANCE SCALE   0.03162 ABUNDANCE CHANGE 1 0.92157 2 0.07843
 ABUNDANCE CHANGE  3 -10.94  4 -10.64  5  -9.49  6  -3.52  7  -4.12  8  -2.81
 ABUNDANCE CHANGE  9  -7.48 10  -3.56 11  -5.71 12  -4.06 13  -5.57 14  -4.09
 ABUNDANCE CHANGE 15  -6.59 16  -4.31 17  -6.54 18  -5.24 19  -6.92 20  -5.28
 ABUNDANCE CHANGE 21  -8.87 22  -6.62 23  -8.04 24  -6.37 25  -6.65 26  -4.54
 ABUNDANCE CHANGE 27  -7.12 28  -5.79 29  -7.83 30  -7.44 31  -9.16 32  -8.63
 ABUNDANCE CHANGE 33  -9.67 34  -8.63 35  -9.41 36  -8.73 37  -9.44 38  -9.07
 ABUNDANCE CHANGE 39  -9.80 40  -9.44 41 -10.62 42 -10.12 43 -20.00 44 -10.20
 ABUNDANCE CHANGE 45 -10.92 46 -10.35 47 -11.10 48 -10.27 49 -10.38 50 -10.04
 ABUNDANCE CHANGE 51 -11.04 52  -9.80 53 -10.53 54  -9.87 55 -10.91 56  -9.91
 ABUNDANCE CHANGE 57 -10.87 58 -10.46 59 -11.33 60 -10.54 61 -20.00 62 -11.03
 ABUNDANCE CHANGE 63 -11.53 64 -10.92 65 -11.69 66 -10.90 67 -11.78 68 -11.11
 ABUNDANCE CHANGE 69 -12.04 70 -10.96 71 -11.98 72 -11.16 73 -12.17 74 -10.93
 ABUNDANCE CHANGE 75 -11.76 76 -10.59 77 -10.69 78 -10.24 79 -11.03 80 -10.91
 ABUNDANCE CHANGE 81 -11.14 82 -10.09 83 -11.33 84 -20.00 85 -20.00 86 -20.00
 ABUNDANCE CHANGE 87 -20.00 88 -20.00 89 -20.00 90 -11.95 91 -20.00 92 -12.54
 ABUNDANCE CHANGE 93 -20.00 94 -20.00 95 -20.00 96 -20.00 97 -20.00 98 -20.00
 ABUNDANCE CHANGE 99 -20.00
READ DECK6 72 RHOX,T,P,XNE,ABROSS,ACCRAD,VTURB, FLXCNV,VCONV,VELSND
 8.58453545E-06   5073.2 8.581E-03 5.269E+08 1.553E-02 3.783E-01 2.000E+05 0.000E+00 0.000E+00 8.029E+06
 1.16170256E-05   5080.8 1.161E-02 6.312E+08 1.380E-02 3.659E-01 2.000E+05 0.000E+00 0.000E+00 7.127E+06
 1.62223908E-05   5085.1 1.622E-02 7.604E+08 1.196E-02 3.526E-01 2.000E+05 0.000E+00 0.000E+00 6.277E+06
 2.32808562E-05   5095.8 2.327E-02 9.461E+08 1.045E-02 3.418E-01 2.000E+05 0.000E+00 5.240E+06 5.467E+06
 3.41405537E-05   5107.7 3.413E-02 1.194E+09 9.091E-03 3.318E-01 2.000E+05 0.000E+00 3.735E+06 4.732E+06
 5.06889250E-05   5125.1 5.067E-02 1.540E+09 8.009E-03 3.234E-01 2.000E+05 0.000E+00 2.798E+06 4.074E+06
 7.55642941E-05   5146.8 7.554E-02 2.014E+09 7.154E-03 3.161E-01 2.000E+05 0.000E+00 2.008E+06 3.500E+06
 1.12313271E-04   5174.2 1.123E-01 2.672E+09 6.523E-03 3.096E-01 2.000E+05 0.000E+00 1.433E+06 3.005E+06
 1.65443842E-04   5206.8 1.654E-01 3.579E+09 6.080E-03 3.033E-01 2.000E+05 0.000E+00 9.989E+05 2.587E+06
 2.40569798E-04   5244.1 2.405E-01 4.822E+09 5.795E-03 2.971E-01 2.000E+05 0.000E+00 6.762E+05 2.237E+06
 3.44576150E-04   5285.1 3.445E-01 6.504E+09 5.634E-03 2.906E-01 2.000E+05 0.000E+00 4.334E+05 1.947E+06
 4.85902756E-04   5328.8 4.858E-01 8.752E+09 5.574E-03 2.840E-01 2.000E+05 0.000E+00 1.318E+05 1.709E+06
 6.75021031E-04   5374.0 6.748E-01 1.171E+10 5.589E-03 2.775E-01 2.000E+05 0.000E+00 2.045E+04 1.516E+06
 9.25011753E-04   5419.7 9.247E-01 1.556E+10 5.668E-03 2.714E-01 2.000E+05 0.000E+00 0.000E+00 1.358E+06
 1.25216375E-03   5465.4 1.252E+00 2.049E+10 5.800E-03 2.660E-01 2.000E+05 0.000E+00 0.000E+00 1.231E+06
 1.67674728E-03   5510.6 1.676E+00 2.675E+10 5.981E-03 2.615E-01 2.000E+05 0.000E+00 0.000E+00 1.128E+06
 2.22377414E-03   5555.0 2.223E+00 3.462E+10 6.212E-03 2.579E-01 2.000E+05 0.000E+00 0.000E+00 1.045E+06
 2.92379353E-03   5598.3 2.923E+00 4.441E+10 6.493E-03 2.553E-01 2.000E+05 0.000E+00 0.000E+00 9.783E+05
 3.81381053E-03   5640.6 3.813E+00 5.649E+10 6.832E-03 2.542E-01 2.000E+05 0.000E+00 0.000E+00 9.250E+05
 4.93814887E-03   5681.7 4.937E+00 7.127E+10 7.233E-03 2.547E-01 2.000E+05 0.000E+00 0.000E+00 8.826E+05
 6.34922369E-03   5721.9 6.348E+00 8.927E+10 7.712E-03 2.569E-01 2.000E+05 0.000E+00 0.000E+00 8.489E+05
 8.10686739E-03   5761.7 8.105E+00 1.112E+11 8.290E-03 2.610E-01 2.000E+05 0.000E+00 0.000E+00 8.222E+05
 1.02767175E-02   5801.8 1.027E+01 1.379E+11 8.997E-03 2.673E-01 2.000E+05 0.000E+00 0.000E+00 8.012E+05
 1.29285751E-02   5842.8 1.293E+01 1.704E+11 9.867E-03 2.756E-01 2.000E+05 0.000E+00 0.000E+00 7.848E+05
 1.61357388E-02   5885.0 1.613E+01 2.101E+11 1.093E-02 2.856E-01 2.000E+05 0.000E+00 0.000E+00 7.720E+05
 1.99776361E-02   5928.2 1.997E+01 2.583E+11 1.222E-02 2.972E-01 2.000E+05 0.000E+00 0.000E+00 7.621E+05
 2.45449952E-02   5972.0 2.454E+01 3.163E+11 1.375E-02 3.101E-01 2.000E+05 0.000E+00 0.000E+00 7.547E+05
 2.99471245E-02   6015.5 2.994E+01 3.850E+11 1.552E-02 3.241E-01 2.000E+05 0.000E+00 0.000E+00 7.492E+05
 3.63248090E-02   6057.8 3.631E+01 4.655E+11 1.754E-02 3.396E-01 2.000E+05 0.000E+00 0.000E+00 7.452E+05
 4.38579089E-02   6098.2 4.384E+01 5.586E+11 1.978E-02 3.565E-01 2.000E+05 0.000E+00 0.000E+00 7.425E+05
 5.27803087E-02   6136.0 5.276E+01 6.647E+11 2.223E-02 3.749E-01 2.000E+05 0.000E+00 0.000E+00 7.407E+05
 6.33812560E-02   6171.6 6.336E+01 7.856E+11 2.492E-02 3.955E-01 2.000E+05 0.000E+00 0.000E+00 7.398E+05
 7.60067177E-02   6205.2 7.598E+01 9.234E+11 2.788E-02 4.185E-01 2.000E+05 0.000E+00 0.000E+00 7.394E+05
 9.10616811E-02   6237.6 9.103E+01 1.081E+12 3.117E-02 4.444E-01 2.000E+05 0.000E+00 0.000E+00 7.396E+05
 1.09009828E-01   6269.5 1.090E+02 1.264E+12 3.488E-02 4.737E-01 2.000E+05 0.000E+00 0.000E+00 7.402E+05
 1.30386980E-01   6301.0 1.303E+02 1.474E+12 3.908E-02 5.069E-01 2.000E+05 0.000E+00 0.000E+00 7.412E+05
 1.55812045E-01   6332.7 1.557E+02 1.718E+12 4.385E-02 5.446E-01 2.000E+05 0.000E+00 0.000E+00 7.425E+05
 1.86006194E-01   6364.6 1.859E+02 2.001E+12 4.928E-02 5.875E-01 2.000E+05 0.000E+00 0.000E+00 7.446E+05
 2.21794254E-01   6397.1 2.217E+02 2.331E+12 5.551E-02 6.370E-01 2.000E+05 0.000E+00 0.000E+00 7.458E+05
 2.64108488E-01   6430.7 2.640E+02 2.717E+12 6.269E-02 6.946E-01 2.000E+05 0.000E+00 0.000E+00 7.477E+05
 3.13965904E-01   6466.2 3.138E+02 3.174E+12 7.110E-02 7.629E-01 2.000E+05 0.000E+00 0.000E+00 7.498E+05
 3.72413770E-01   6504.9 3.722E+02 3.723E+12 8.114E-02 8.459E-01 2.000E+05 0.000E+00 0.000E+00 7.520E+05
 4.40461271E-01   6547.7 4.402E+02 4.389E+12 9.328E-02 9.478E-01 2.000E+05 0.000E+00 0.000E+00 7.543E+05
 5.19027839E-01   6595.9 5.187E+02 5.212E+12 1.083E-01 1.075E+00 2.000E+05 0.000E+00 0.000E+00 7.566E+05
 6.08733239E-01   6651.6 6.083E+02 6.250E+12 1.273E-01 1.239E+00 2.000E+05 0.000E+00 0.000E+00 7.590E+05
 7.09706442E-01   6716.7 7.091E+02 7.587E+12 1.520E-01 1.454E+00 2.000E+05 0.000E+00 0.000E+00 7.614E+05
 8.21427488E-01   6793.8 8.207E+02 9.344E+12 1.849E-01 1.744E+00 2.000E+05 0.000E+00 0.000E+00 7.639E+05
 9.42460620E-01   6885.8 9.415E+02 1.171E+13 2.304E-01 2.147E+00 2.000E+05 0.000E+00 0.000E+00 7.665E+05
 1.07025189E+00   6996.0 1.069E+03 1.499E+13 2.952E-01 2.726E+00 2.000E+05 1.119E-04 0.000E+00 7.694E+05
 1.20106347E+00   7128.6 1.199E+03 1.962E+13 3.913E-01 3.586E+00 2.000E+05 6.580E-03 4.867E+01 7.729E+05
 1.33003469E+00   7288.3 1.328E+03 2.634E+13 5.405E-01 4.921E+00 2.000E+05 1.051E-01 1.774E+02 7.776E+05
 1.45178606E+00   7479.0 1.449E+03 3.627E+13 7.814E-01 7.071E+00 2.000E+05 1.949E+00 4.106E+02 7.841E+05
 1.56117061E+00   7707.0 1.557E+03 5.124E+13 1.191E+00 1.069E+01 2.000E+05 6.200E+01 1.043E+03 7.937E+05
 1.65421514E+00   7976.8 1.649E+03 7.398E+13 1.918E+00 1.702E+01 2.000E+05 3.100E+03 3.206E+03 8.079E+05
 1.72933728E+00   8291.4 1.723E+03 1.082E+14 3.240E+00 2.824E+01 2.000E+05 1.824E+05 1.149E+04 8.290E+05
 1.78756411E+00   8652.7 1.779E+03 1.582E+14 5.650E+00 4.808E+01 2.000E+05 4.449E+06 4.393E+04 8.598E+05
 1.83198828E+00   9061.6 1.820E+03 2.274E+14 9.826E+00 8.091E+01 2.000E+05 4.497E+07 1.256E+05 9.039E+05
 1.86690367E+00   9509.2 1.852E+03 3.124E+14 1.616E+01 1.287E+02 2.000E+05 1.253E+08 2.676E+05 9.640E+05
 1.89641502E+00  10009.6 1.876E+03 4.043E+14 2.403E+01 1.868E+02 2.000E+05 2.071E+08 3.085E+05 1.044E+06
 1.92553408E+00  10560.1 1.899E+03 4.818E+14 2.982E+01 2.291E+02 2.000E+05 2.109E+08 3.858E+05 1.137E+06
 1.96011362E+00  11192.1 1.926E+03 5.289E+14 3.042E+01 2.366E+02 2.000E+05 1.025E+08 2.447E+05 1.239E+06
 2.01060641E+00  11900.7 1.965E+03 5.440E+14 2.528E+01 1.981E+02 2.000E+05 1.443E+07 7.819E+04 1.343E+06
 2.09656642E+00  12695.8 2.037E+03 5.447E+14 1.880E+01 1.478E+02 2.000E+05 3.007E+05 1.345E+04 1.461E+06
 2.25380433E+00  13555.2 2.174E+03 5.515E+14 1.362E+01 1.064E+02 2.000E+05 1.006E+03 3.031E+03 1.573E+06
 2.53899383E+00  14497.8 2.433E+03 5.813E+14 1.023E+01 7.954E+01 2.000E+05 1.040E+01 1.197E+03 1.625E+06
 3.02548462E+00  15509.6 2.885E+03 6.499E+14 8.332E+00 6.449E+01 2.000E+05 1.608E+00 9.428E+02 1.646E+06
 3.78827288E+00  16615.6 3.602E+03 7.664E+14 7.356E+00 5.683E+01 2.000E+05 9.512E-01 8.040E+02 1.703E+06
 4.90927318E+00  17804.6 4.662E+03 9.354E+14 6.821E+00 5.258E+01 2.000E+05 3.144E-01 3.091E+02 1.809E+06
 6.50004473E+00  19099.7 6.172E+03 1.161E+15 6.480E+00 4.994E+01 2.000E+05 1.661E-02 0.000E+00 1.947E+06
 8.70990469E+00  20489.8 8.273E+03 1.455E+15 6.279E+00 4.833E+01 2.000E+05 0.000E+00 0.000E+00 2.080E+06
 1.17181999E+01  21996.6 1.114E+04 1.827E+15 6.212E+00 4.774E+01 2.000E+05 0.000E+00 0.000E+00 2.193E+06
 1.57296100E+01  23612.6 1.496E+04 2.288E+15 6.258E+00 4.668E+01 2.000E+05 0.000E+00 0.000E+00 2.290E+06
PRADK 5.4884E+00
BEGIN                    ITERATION  15 COMPLETED
