TEFF   8000.  GRAVITY 1.50000 LTE 
TITLE  [-1.5a] N(He)/Ntot=0.0784 VTURB=2.0  L/H=1.25 ODFNEW                     
 OPACITY IFOP 1 1 1 1 1 1 1 1 1 1 1 1 1 0 1 0 0 0 0 0
 CONVECTION ON   1.25 TURBULENCE OFF  0.00  0.00  0.00  0.00
ABUNDANCE SCALE   0.03162 ABUNDANCE CHANGE 1 0.92157 2 0.07843
 ABUNDANCE CHANGE  3 -10.94  4 -10.64  5  -9.49  6  -3.52  7  -4.12  8  -2.81
 ABUNDANCE CHANGE  9  -7.48 10  -3.56 11  -5.71 12  -4.06 13  -5.57 14  -4.09
 ABUNDANCE CHANGE 15  -6.59 16  -4.31 17  -6.54 18  -5.24 19  -6.92 20  -5.28
 ABUNDANCE CHANGE 21  -8.87 22  -6.62 23  -8.04 24  -6.37 25  -6.65 26  -4.54
 ABUNDANCE CHANGE 27  -7.12 28  -5.79 29  -7.83 30  -7.44 31  -9.16 32  -8.63
 ABUNDANCE CHANGE 33  -9.67 34  -8.63 35  -9.41 36  -8.73 37  -9.44 38  -9.07
 ABUNDANCE CHANGE 39  -9.80 40  -9.44 41 -10.62 42 -10.12 43 -20.00 44 -10.20
 ABUNDANCE CHANGE 45 -10.92 46 -10.35 47 -11.10 48 -10.27 49 -10.38 50 -10.04
 ABUNDANCE CHANGE 51 -11.04 52  -9.80 53 -10.53 54  -9.87 55 -10.91 56  -9.91
 ABUNDANCE CHANGE 57 -10.87 58 -10.46 59 -11.33 60 -10.54 61 -20.00 62 -11.03
 ABUNDANCE CHANGE 63 -11.53 64 -10.92 65 -11.69 66 -10.90 67 -11.78 68 -11.11
 ABUNDANCE CHANGE 69 -12.04 70 -10.96 71 -11.98 72 -11.16 73 -12.17 74 -10.93
 ABUNDANCE CHANGE 75 -11.76 76 -10.59 77 -10.69 78 -10.24 79 -11.03 80 -10.91
 ABUNDANCE CHANGE 81 -11.14 82 -10.09 83 -11.33 84 -20.00 85 -20.00 86 -20.00
 ABUNDANCE CHANGE 87 -20.00 88 -20.00 89 -20.00 90 -11.95 91 -20.00 92 -12.54
 ABUNDANCE CHANGE 93 -20.00 94 -20.00 95 -20.00 96 -20.00 97 -20.00 98 -20.00
 ABUNDANCE CHANGE 99 -20.00
READ DECK6 72 RHOX,T,P,XNE,ABROSS,ACCRAD,VTURB, FLXCNV,VCONV,VELSND
 1.18967821E-06   4893.4 3.644E-05 1.377E+07 1.119E-01 1.033E+00 2.000E+05 0.000E+00 0.000E+00 8.965E+07
 1.61293569E-06   4893.4 4.942E-05 1.689E+07 9.812E-02 9.292E-01 2.000E+05 0.000E+00 0.000E+00 7.592E+07
 2.26256492E-06   4893.6 6.940E-05 2.105E+07 8.435E-02 8.252E-01 2.000E+05 0.000E+00 0.000E+00 6.464E+07
 3.27952708E-06   4893.6 1.008E-04 2.657E+07 7.110E-02 7.251E-01 2.000E+05 0.000E+00 9.046E+08 5.481E+07
 4.90345155E-06   4898.1 1.510E-04 3.433E+07 5.974E-02 6.400E-01 2.000E+05 0.000E+00 8.838E+08 4.604E+07
 7.49800163E-06   4902.6 2.316E-04 4.466E+07 4.955E-02 5.638E-01 2.000E+05 0.000E+00 5.895E+08 3.827E+07
 1.16728635E-05   4910.0 3.614E-04 5.882E+07 4.108E-02 5.007E-01 2.000E+05 0.000E+00 4.237E+08 3.153E+07
 1.83839623E-05   4919.8 5.705E-04 7.811E+07 3.412E-02 4.486E-01 2.000E+05 0.000E+00 2.914E+08 2.585E+07
 2.91023488E-05   4933.6 9.049E-04 1.048E+08 2.865E-02 4.076E-01 2.000E+05 0.000E+00 2.014E+08 2.116E+07
 4.60037723E-05   4951.4 1.433E-03 1.418E+08 2.441E-02 3.754E-01 2.000E+05 0.000E+00 1.373E+08 1.736E+07
 7.21967405E-05   4974.1 2.252E-03 1.934E+08 2.121E-02 3.504E-01 2.000E+05 0.000E+00 9.447E+07 1.430E+07
 1.11907227E-04   5002.1 3.494E-03 2.656E+08 1.887E-02 3.311E-01 2.000E+05 0.000E+00 6.540E+07 1.184E+07
 1.70665190E-04   5035.3 5.333E-03 3.668E+08 1.721E-02 3.159E-01 2.000E+05 0.000E+00 4.560E+07 9.868E+06
 2.55490410E-04   5073.3 7.989E-03 5.078E+08 1.608E-02 3.036E-01 2.000E+05 0.000E+00 3.189E+07 8.275E+06
 3.75258869E-04   5115.1 1.174E-02 7.023E+08 1.533E-02 2.933E-01 2.000E+05 0.000E+00 2.225E+07 6.987E+06
 5.41385784E-04   5159.5 1.695E-02 9.674E+08 1.484E-02 2.842E-01 2.000E+05 0.000E+00 1.542E+07 5.939E+06
 7.68859567E-04   5205.4 2.408E-02 1.324E+09 1.452E-02 2.761E-01 2.000E+05 0.000E+00 1.056E+07 5.082E+06
 1.07766465E-03   5251.8 3.376E-02 1.798E+09 1.431E-02 2.687E-01 2.000E+05 0.000E+00 7.085E+06 4.375E+06
 1.49460881E-03   5298.4 4.683E-02 2.425E+09 1.416E-02 2.620E-01 2.000E+05 0.000E+00 4.625E+06 3.787E+06
 2.05563019E-03   5344.9 6.443E-02 3.247E+09 1.405E-02 2.558E-01 2.000E+05 0.000E+00 2.903E+06 3.294E+06
 2.80896873E-03   5391.0 8.806E-02 4.319E+09 1.396E-02 2.501E-01 2.000E+05 0.000E+00 3.593E+05 2.878E+06
 3.81976126E-03   5436.4 1.198E-01 5.709E+09 1.387E-02 2.448E-01 2.000E+05 0.000E+00 1.689E+05 2.527E+06
 5.17643655E-03   5481.0 1.623E-01 7.502E+09 1.378E-02 2.402E-01 2.000E+05 0.000E+00 8.178E+04 2.228E+06
 6.99877409E-03   5524.6 2.195E-01 9.804E+09 1.368E-02 2.366E-01 2.000E+05 0.000E+00 3.899E+04 1.975E+06
 9.44566942E-03   5568.2 2.963E-01 1.278E+10 1.360E-02 2.343E-01 2.000E+05 0.000E+00 1.847E+04 1.758E+06
 1.27183048E-02   5613.0 3.991E-01 1.665E+10 1.360E-02 2.337E-01 2.000E+05 0.000E+00 8.814E+03 1.574E+06
 1.70568263E-02   5660.5 5.352E-01 2.175E+10 1.376E-02 2.351E-01 2.000E+05 0.000E+00 4.273E+03 1.417E+06
 2.27299887E-02   5711.7 7.133E-01 2.853E+10 1.414E-02 2.385E-01 2.000E+05 0.000E+00 2.072E+03 1.285E+06
 3.00259686E-02   5766.9 9.422E-01 3.751E+10 1.479E-02 2.440E-01 2.000E+05 0.000E+00 9.599E+02 1.176E+06
 3.92480497E-02   5825.5 1.232E+00 4.931E+10 1.572E-02 2.512E-01 2.000E+05 0.000E+00 3.500E+02 1.086E+06
 5.07550025E-02   5885.3 1.593E+00 6.445E+10 1.688E-02 2.597E-01 2.000E+05 0.000E+00 0.000E+00 1.014E+06
 6.49970146E-02   5944.0 2.039E+00 8.341E+10 1.822E-02 2.690E-01 2.000E+05 0.000E+00 0.000E+00 9.568E+05
 8.26120402E-02   5999.3 2.591E+00 1.065E+11 1.961E-02 2.787E-01 2.000E+05 0.000E+00 0.000E+00 9.112E+05
 1.04486019E-01   6050.4 3.277E+00 1.340E+11 2.101E-02 2.890E-01 2.000E+05 0.000E+00 0.000E+00 8.747E+05
 1.31750024E-01   6098.2 4.131E+00 1.670E+11 2.245E-02 3.004E-01 2.000E+05 0.000E+00 0.000E+00 8.454E+05
 1.65806615E-01   6143.0 5.197E+00 2.064E+11 2.396E-02 3.131E-01 2.000E+05 0.000E+00 0.000E+00 8.218E+05
 2.08333125E-01   6186.1 6.529E+00 2.535E+11 2.561E-02 3.278E-01 2.000E+05 0.000E+00 0.000E+00 8.028E+05
 2.61302110E-01   6227.9 8.186E+00 3.100E+11 2.747E-02 3.450E-01 2.000E+05 0.000E+00 0.000E+00 7.877E+05
 3.26937789E-01   6269.9 1.024E+01 3.783E+11 2.967E-02 3.658E-01 2.000E+05 0.000E+00 0.000E+00 7.757E+05
 4.07639852E-01   6312.8 1.276E+01 4.611E+11 3.231E-02 3.915E-01 2.000E+05 0.000E+00 0.000E+00 7.665E+05
 5.05859680E-01   6358.0 1.583E+01 5.624E+11 3.562E-02 4.239E-01 2.000E+05 0.000E+00 0.000E+00 7.593E+05
 6.23917411E-01   6406.4 1.951E+01 6.871E+11 3.977E-02 4.649E-01 2.000E+05 0.000E+00 0.000E+00 7.545E+05
 7.63772729E-01   6459.6 2.386E+01 8.426E+11 4.513E-02 5.180E-01 2.000E+05 0.000E+00 0.000E+00 7.512E+05
 9.26632662E-01   6519.0 2.892E+01 1.038E+12 5.215E-02 5.878E-01 2.000E+05 0.000E+00 0.000E+00 7.495E+05
 1.11256372E+00   6586.9 3.468E+01 1.289E+12 6.159E-02 6.821E-01 2.000E+05 0.000E+00 0.000E+00 7.491E+05
 1.31983801E+00   6665.6 4.108E+01 1.617E+12 7.464E-02 8.126E-01 2.000E+05 3.955E-09 0.000E+00 7.502E+05
 1.54462610E+00   6757.6 4.799E+01 2.052E+12 9.315E-02 9.977E-01 2.000E+05 1.159E-06 3.994E+00 7.528E+05
 1.78088760E+00   6865.9 5.519E+01 2.639E+12 1.202E-01 1.268E+00 2.000E+05 1.241E-05 2.506E+01 7.573E+05
 2.02035079E+00   6994.3 6.242E+01 3.450E+12 1.613E-01 1.677E+00 2.000E+05 7.675E-05 4.915E+01 7.641E+05
 2.25309164E+00   7146.9 6.932E+01 4.585E+12 2.264E-01 2.316E+00 2.000E+05 4.699E-04 8.294E+01 7.743E+05
 2.46914271E+00   7327.4 7.555E+01 6.188E+12 3.329E-01 3.344E+00 2.000E+05 4.586E-03 1.479E+02 7.890E+05
 2.66069657E+00   7539.2 8.082E+01 8.434E+12 5.117E-01 5.039E+00 2.000E+05 8.705E-02 3.211E+02 8.102E+05
 2.82372438E+00   7786.2 8.495E+01 1.152E+13 8.146E-01 7.816E+00 2.000E+05 2.223E+00 8.744E+02 8.408E+05
 2.95903709E+00   8069.1 8.790E+01 1.553E+13 1.313E+00 1.222E+01 2.000E+05 3.926E+01 2.628E+03 8.841E+05
 3.07214181E+00   8388.6 8.977E+01 2.022E+13 2.053E+00 1.839E+01 2.000E+05 2.532E+02 7.016E+03 9.440E+05
 3.17191866E+00   8745.0 9.073E+01 2.484E+13 2.960E+00 2.553E+01 2.000E+05 5.239E+02 1.292E+04 1.022E+06
 3.27151027E+00   9146.1 9.106E+01 2.837E+13 3.694E+00 3.064E+01 2.000E+05 4.453E+02 1.260E+04 1.116E+06
 3.38772088E+00   9587.1 9.111E+01 3.005E+13 3.878E+00 3.121E+01 2.000E+05 1.487E+02 6.301E+03 1.225E+06
 3.54801586E+00  10085.4 9.145E+01 3.024E+13 3.515E+00 2.771E+01 2.000E+05 1.148E+01 2.240E+03 1.356E+06
 3.79401068E+00  10634.7 9.304E+01 2.986E+13 2.915E+00 2.270E+01 2.000E+05 3.423E-01 8.252E+02 1.518E+06
 4.19919127E+00  11257.5 9.765E+01 2.990E+13 2.344E+00 1.823E+01 2.000E+05 1.306E-02 3.614E+02 1.671E+06
 4.86844464E+00  11949.5 1.079E+02 3.126E+13 1.909E+00 1.482E+01 2.000E+05 1.021E-03 1.755E+02 1.779E+06
 5.94315343E+00  12723.6 1.273E+02 3.477E+13 1.619E+00 1.258E+01 2.000E+05 1.544E-04 9.862E+01 1.832E+06
 7.58056104E+00  13572.6 1.597E+02 4.117E+13 1.458E+00 1.131E+01 2.000E+05 9.867E-05 9.549E+01 1.847E+06
 9.94427342E+00  14504.7 2.086E+02 5.092E+13 1.374E+00 1.064E+01 2.000E+05 9.264E-05 1.033E+02 1.897E+06
 1.32496897E+01  15517.5 2.787E+02 6.430E+13 1.321E+00 1.021E+01 2.000E+05 3.537E-05 1.295E+01 2.012E+06
 1.78264495E+01  16619.0 3.776E+02 8.183E+13 1.274E+00 9.841E+00 2.000E+05 8.031E-08 0.000E+00 2.145E+06
 2.41321462E+01  17809.7 5.159E+02 1.046E+14 1.238E+00 9.554E+00 2.000E+05 0.000E+00 0.000E+00 2.251E+06
 3.27518554E+01  19102.5 7.071E+02 1.338E+14 1.213E+00 9.349E+00 2.000E+05 0.000E+00 0.000E+00 2.338E+06
 4.44175882E+01  20493.6 9.676E+02 1.707E+14 1.201E+00 9.252E+00 2.000E+05 0.000E+00 0.000E+00 2.418E+06
 6.00572737E+01  21999.8 1.318E+03 2.166E+14 1.200E+00 9.218E+00 2.000E+05 0.000E+00 0.000E+00 2.499E+06
 8.07720784E+01  23616.6 1.784E+03 2.731E+14 1.215E+00 9.045E+00 2.000E+05 0.000E+00 0.000E+00 2.582E+06
PRADK 5.4794E+00
BEGIN                    ITERATION  15 COMPLETED
