TEFF   8250.  GRAVITY 3.00000 LTE 
TITLE  [-1.5a] N(He)/Ntot=0.0784 VTURB=2.0  L/H=1.25 ODFNEW                     
 OPACITY IFOP 1 1 1 1 1 1 1 1 1 1 1 1 1 0 1 0 0 0 0 0
 CONVECTION ON   1.25 TURBULENCE OFF  0.00  0.00  0.00  0.00
ABUNDANCE SCALE   0.03162 ABUNDANCE CHANGE 1 0.92157 2 0.07843
 ABUNDANCE CHANGE  3 -10.94  4 -10.64  5  -9.49  6  -3.52  7  -4.12  8  -2.81
 ABUNDANCE CHANGE  9  -7.48 10  -3.56 11  -5.71 12  -4.06 13  -5.57 14  -4.09
 ABUNDANCE CHANGE 15  -6.59 16  -4.31 17  -6.54 18  -5.24 19  -6.92 20  -5.28
 ABUNDANCE CHANGE 21  -8.87 22  -6.62 23  -8.04 24  -6.37 25  -6.65 26  -4.54
 ABUNDANCE CHANGE 27  -7.12 28  -5.79 29  -7.83 30  -7.44 31  -9.16 32  -8.63
 ABUNDANCE CHANGE 33  -9.67 34  -8.63 35  -9.41 36  -8.73 37  -9.44 38  -9.07
 ABUNDANCE CHANGE 39  -9.80 40  -9.44 41 -10.62 42 -10.12 43 -20.00 44 -10.20
 ABUNDANCE CHANGE 45 -10.92 46 -10.35 47 -11.10 48 -10.27 49 -10.38 50 -10.04
 ABUNDANCE CHANGE 51 -11.04 52  -9.80 53 -10.53 54  -9.87 55 -10.91 56  -9.91
 ABUNDANCE CHANGE 57 -10.87 58 -10.46 59 -11.33 60 -10.54 61 -20.00 62 -11.03
 ABUNDANCE CHANGE 63 -11.53 64 -10.92 65 -11.69 66 -10.90 67 -11.78 68 -11.11
 ABUNDANCE CHANGE 69 -12.04 70 -10.96 71 -11.98 72 -11.16 73 -12.17 74 -10.93
 ABUNDANCE CHANGE 75 -11.76 76 -10.59 77 -10.69 78 -10.24 79 -11.03 80 -10.91
 ABUNDANCE CHANGE 81 -11.14 82 -10.09 83 -11.33 84 -20.00 85 -20.00 86 -20.00
 ABUNDANCE CHANGE 87 -20.00 88 -20.00 89 -20.00 90 -11.95 91 -20.00 92 -12.54
 ABUNDANCE CHANGE 93 -20.00 94 -20.00 95 -20.00 96 -20.00 97 -20.00 98 -20.00
 ABUNDANCE CHANGE 99 -20.00
READ DECK6 72 RHOX,T,P,XNE,ABROSS,ACCRAD,VTURB, FLXCNV,VCONV,VELSND
 3.15710650E-06   5240.6 3.155E-03 4.861E+08 4.224E-02 7.569E-01 2.000E+05 0.000E+00 0.000E+00 1.238E+07
 4.28097228E-06   5243.7 4.278E-03 5.812E+08 3.691E-02 7.133E-01 2.000E+05 0.000E+00 0.000E+00 1.080E+07
 6.01079373E-06   5246.2 6.006E-03 7.058E+08 3.166E-02 6.706E-01 2.000E+05 0.000E+00 0.000E+00 9.304E+06
 8.70665835E-06   5251.6 8.700E-03 8.761E+08 2.701E-02 6.330E-01 2.000E+05 0.000E+00 1.472E+07 7.936E+06
 1.29678942E-05   5258.6 1.296E-02 1.106E+09 2.285E-02 5.995E-01 2.000E+05 0.000E+00 1.067E+07 6.718E+06
 1.96764209E-05   5269.1 1.966E-02 1.420E+09 1.940E-02 5.717E-01 2.000E+05 0.000E+00 7.872E+06 5.663E+06
 3.01787900E-05   5283.4 3.016E-02 1.850E+09 1.659E-02 5.491E-01 2.000E+05 0.000E+00 5.607E+06 4.768E+06
 4.64379096E-05   5302.6 4.641E-02 2.441E+09 1.440E-02 5.309E-01 2.000E+05 0.000E+00 3.969E+06 4.019E+06
 7.11721547E-05   5327.2 7.113E-02 3.259E+09 1.274E-02 5.163E-01 2.000E+05 0.000E+00 2.784E+06 3.396E+06
 1.07979770E-04   5357.6 1.079E-01 4.390E+09 1.155E-02 5.043E-01 2.000E+05 0.000E+00 1.942E+06 2.884E+06
 1.61402515E-04   5393.7 1.613E-01 5.951E+09 1.074E-02 4.938E-01 2.000E+05 0.000E+00 1.339E+06 2.464E+06
 2.37058604E-04   5434.5 2.369E-01 8.080E+09 1.023E-02 4.841E-01 2.000E+05 0.000E+00 9.073E+05 2.122E+06
 3.41746551E-04   5479.3 3.416E-01 1.096E+10 9.963E-03 4.749E-01 2.000E+05 0.000E+00 5.996E+05 1.844E+06
 4.83646966E-04   5527.0 4.834E-01 1.481E+10 9.887E-03 4.661E-01 2.000E+05 0.000E+00 2.011E+05 1.620E+06
 6.72830560E-04   5576.0 6.725E-01 1.987E+10 9.956E-03 4.579E-01 2.000E+05 0.000E+00 6.921E+04 1.440E+06
 9.21844640E-04   5625.5 9.214E-01 2.641E+10 1.014E-02 4.507E-01 2.000E+05 0.000E+00 8.872E+03 1.295E+06
 1.24638744E-03   5674.7 1.246E+00 3.478E+10 1.042E-02 4.448E-01 2.000E+05 0.000E+00 0.000E+00 1.179E+06
 1.66601427E-03   5723.2 1.665E+00 4.535E+10 1.078E-02 4.406E-01 2.000E+05 0.000E+00 0.000E+00 1.085E+06
 2.20476787E-03   5770.7 2.204E+00 5.857E+10 1.123E-02 4.383E-01 2.000E+05 0.000E+00 0.000E+00 1.011E+06
 2.89219155E-03   5817.0 2.891E+00 7.498E+10 1.177E-02 4.381E-01 2.000E+05 0.000E+00 0.000E+00 9.509E+05
 3.76385633E-03   5862.2 3.762E+00 9.520E+10 1.242E-02 4.407E-01 2.000E+05 0.000E+00 0.000E+00 9.032E+05
 4.86207338E-03   5906.5 4.860E+00 1.200E+11 1.319E-02 4.463E-01 2.000E+05 0.000E+00 0.000E+00 8.653E+05
 6.23614896E-03   5950.2 6.233E+00 1.502E+11 1.411E-02 4.550E-01 2.000E+05 0.000E+00 0.000E+00 8.352E+05
 7.94141478E-03   5994.0 7.938E+00 1.872E+11 1.523E-02 4.669E-01 2.000E+05 0.000E+00 0.000E+00 8.115E+05
 1.00376108E-02   6038.5 1.003E+01 2.323E+11 1.660E-02 4.821E-01 2.000E+05 0.000E+00 0.000E+00 7.930E+05
 1.25888382E-02   6083.9 1.258E+01 2.874E+11 1.827E-02 5.003E-01 2.000E+05 0.000E+00 0.000E+00 7.785E+05
 1.56660710E-02   6129.8 1.566E+01 3.540E+11 2.027E-02 5.209E-01 2.000E+05 0.000E+00 0.000E+00 7.675E+05
 1.93557459E-02   6174.9 1.935E+01 4.331E+11 2.258E-02 5.431E-01 2.000E+05 0.000E+00 0.000E+00 7.591E+05
 2.37703558E-02   6218.2 2.376E+01 5.256E+11 2.517E-02 5.675E-01 2.000E+05 0.000E+00 0.000E+00 7.529E+05
 2.90581081E-02   6258.6 2.904E+01 6.319E+11 2.798E-02 5.939E-01 2.000E+05 0.000E+00 0.000E+00 7.483E+05
 3.54056319E-02   6296.7 3.539E+01 7.541E+11 3.107E-02 6.238E-01 2.000E+05 0.000E+00 0.000E+00 7.450E+05
 4.30340441E-02   6332.9 4.301E+01 8.947E+11 3.446E-02 6.574E-01 2.000E+05 0.000E+00 0.000E+00 7.428E+05
 5.22010627E-02   6367.9 5.217E+01 1.057E+12 3.826E-02 6.950E-01 2.000E+05 0.000E+00 0.000E+00 7.417E+05
 6.32039863E-02   6402.3 6.317E+01 1.246E+12 4.254E-02 7.371E-01 2.000E+05 0.000E+00 0.000E+00 7.407E+05
 7.63853036E-02   6436.4 7.634E+01 1.464E+12 4.741E-02 7.844E-01 2.000E+05 0.000E+00 0.000E+00 7.405E+05
 9.21447284E-02   6470.4 9.208E+01 1.718E+12 5.293E-02 8.376E-01 2.000E+05 0.000E+00 0.000E+00 7.408E+05
 1.10942174E-01   6504.8 1.109E+02 2.014E+12 5.925E-02 8.984E-01 2.000E+05 0.000E+00 0.000E+00 7.416E+05
 1.33301381E-01   6539.7 1.332E+02 2.360E+12 6.651E-02 9.681E-01 2.000E+05 0.000E+00 0.000E+00 7.427E+05
 1.59833312E-01   6575.1 1.597E+02 2.762E+12 7.483E-02 1.048E+00 2.000E+05 0.000E+00 0.000E+00 7.440E+05
 1.91235863E-01   6611.7 1.911E+02 3.234E+12 8.446E-02 1.142E+00 2.000E+05 0.000E+00 0.000E+00 7.456E+05
 2.28237609E-01   6650.5 2.280E+02 3.794E+12 9.582E-02 1.253E+00 2.000E+05 0.000E+00 0.000E+00 7.475E+05
 2.71599182E-01   6692.3 2.713E+02 4.465E+12 1.094E-01 1.388E+00 2.000E+05 0.000E+00 0.000E+00 7.495E+05
 3.22045946E-01   6738.6 3.217E+02 5.281E+12 1.259E-01 1.554E+00 2.000E+05 0.000E+00 0.000E+00 7.518E+05
 3.80142523E-01   6791.4 3.797E+02 6.295E+12 1.467E-01 1.767E+00 2.000E+05 0.000E+00 0.000E+00 7.542E+05
 4.46206031E-01   6852.0 4.456E+02 7.570E+12 1.732E-01 2.040E+00 2.000E+05 0.000E+00 0.000E+00 7.568E+05
 5.20195581E-01   6922.9 5.195E+02 9.212E+12 2.080E-01 2.402E+00 2.000E+05 0.000E+00 0.000E+00 7.596E+05
 6.01510285E-01   7006.5 6.006E+02 1.137E+13 2.551E-01 2.894E+00 2.000E+05 0.000E+00 0.000E+00 7.628E+05
 6.88844454E-01   7106.1 6.876E+02 1.426E+13 3.209E-01 3.582E+00 2.000E+05 3.397E-05 0.000E+00 7.664E+05
 7.80036195E-01   7225.2 7.785E+02 1.824E+13 4.163E-01 4.578E+00 2.000E+05 2.213E-03 3.593E+01 7.709E+05
 8.72176094E-01   7367.1 8.701E+02 2.380E+13 5.593E-01 6.067E+00 2.000E+05 2.586E-02 1.359E+02 7.766E+05
 9.61805805E-01   7536.6 9.591E+02 3.174E+13 7.830E-01 8.386E+00 2.000E+05 2.652E-01 2.790E+02 7.841E+05
 1.04518929E+00   7739.2 1.042E+03 4.331E+13 1.150E+00 1.212E+01 2.000E+05 4.279E+00 5.779E+02 7.945E+05
 1.11912435E+00   7978.2 1.114E+03 6.020E+13 1.770E+00 1.834E+01 2.000E+05 1.256E+02 1.437E+03 8.092E+05
 1.18169106E+00   8258.2 1.176E+03 8.481E+13 2.849E+00 2.889E+01 2.000E+05 5.062E+03 4.370E+03 8.302E+05
 1.23261446E+00   8581.4 1.225E+03 1.198E+14 4.731E+00 4.667E+01 2.000E+05 1.865E+05 1.482E+04 8.599E+05
 1.27341720E+00   8946.5 1.263E+03 1.669E+14 7.855E+00 7.502E+01 2.000E+05 3.039E+06 4.933E+04 9.013E+05
 1.30650652E+00   9358.6 1.293E+03 2.256E+14 1.265E+01 1.169E+02 2.000E+05 1.427E+07 1.251E+05 9.585E+05
 1.33506394E+00   9813.2 1.317E+03 2.886E+14 1.850E+01 1.665E+02 2.000E+05 2.965E+07 1.944E+05 1.032E+06
 1.36322223E+00  10332.9 1.340E+03 3.452E+14 2.339E+01 2.070E+02 2.000E+05 2.942E+07 2.149E+05 1.123E+06
 1.39589351E+00  10906.9 1.366E+03 3.814E+14 2.443E+01 2.155E+02 2.000E+05 1.289E+07 1.330E+05 1.217E+06
 1.44207349E+00  11568.5 1.403E+03 3.973E+14 2.124E+01 1.886E+02 2.000E+05 1.722E+06 3.330E+04 1.317E+06
 1.51693596E+00  12295.2 1.465E+03 4.033E+14 1.647E+01 1.464E+02 2.000E+05 1.815E+04 6.463E+03 1.428E+06
 1.64977713E+00  13113.1 1.581E+03 4.140E+14 1.224E+01 1.088E+02 2.000E+05 8.878E+01 1.433E+03 1.545E+06
 1.88520653E+00  13996.1 1.795E+03 4.433E+14 9.382E+00 8.282E+01 2.000E+05 7.959E-01 4.841E+02 1.614E+06
 2.28136009E+00  14964.2 2.161E+03 5.029E+14 7.696E+00 6.762E+01 2.000E+05 8.715E-02 3.589E+02 1.634E+06
 2.89933485E+00  16004.9 2.740E+03 6.023E+14 6.825E+00 5.969E+01 2.000E+05 8.223E-02 4.064E+02 1.671E+06
 3.80150160E+00  17142.6 3.591E+03 7.453E+14 6.380E+00 5.573E+01 2.000E+05 4.779E-02 2.682E+02 1.755E+06
 5.07149997E+00  18367.4 4.792E+03 9.356E+14 6.104E+00 5.321E+01 2.000E+05 9.446E-03 0.000E+00 1.879E+06
 6.83091764E+00  19700.9 6.459E+03 1.181E+15 5.909E+00 5.150E+01 2.000E+05 0.000E+00 0.000E+00 2.017E+06
 9.23356547E+00  21134.1 8.739E+03 1.492E+15 5.818E+00 5.064E+01 2.000E+05 0.000E+00 0.000E+00 2.138E+06
 1.24593578E+01  22686.4 1.180E+04 1.878E+15 5.824E+00 5.059E+01 2.000E+05 0.000E+00 0.000E+00 2.240E+06
 1.67194670E+01  24353.0 1.585E+04 2.350E+15 5.918E+00 4.963E+01 2.000E+05 0.000E+00 0.000E+00 2.332E+06
PRADK 6.2076E+00
BEGIN                    ITERATION  15 COMPLETED
