TEFF   4500.  GRAVITY 3.00000 LTE 
TITLE  [-1.5a] N(He)/Ntot=0.0784 VTURB=2.0  L/H=1.25 ODFNEW                     
 OPACITY IFOP 1 1 1 1 1 1 1 1 1 1 1 1 1 0 1 0 0 0 0 0
 CONVECTION ON   1.25 TURBULENCE OFF  0.00  0.00  0.00  0.00
ABUNDANCE SCALE   0.03162 ABUNDANCE CHANGE 1 0.92157 2 0.07843
 ABUNDANCE CHANGE  3 -10.94  4 -10.64  5  -9.49  6  -3.52  7  -4.12  8  -2.81
 ABUNDANCE CHANGE  9  -7.48 10  -3.56 11  -5.71 12  -4.06 13  -5.57 14  -4.09
 ABUNDANCE CHANGE 15  -6.59 16  -4.31 17  -6.54 18  -5.24 19  -6.92 20  -5.28
 ABUNDANCE CHANGE 21  -8.87 22  -6.62 23  -8.04 24  -6.37 25  -6.65 26  -4.54
 ABUNDANCE CHANGE 27  -7.12 28  -5.79 29  -7.83 30  -7.44 31  -9.16 32  -8.63
 ABUNDANCE CHANGE 33  -9.67 34  -8.63 35  -9.41 36  -8.73 37  -9.44 38  -9.07
 ABUNDANCE CHANGE 39  -9.80 40  -9.44 41 -10.62 42 -10.12 43 -20.00 44 -10.20
 ABUNDANCE CHANGE 45 -10.92 46 -10.35 47 -11.10 48 -10.27 49 -10.38 50 -10.04
 ABUNDANCE CHANGE 51 -11.04 52  -9.80 53 -10.53 54  -9.87 55 -10.91 56  -9.91
 ABUNDANCE CHANGE 57 -10.87 58 -10.46 59 -11.33 60 -10.54 61 -20.00 62 -11.03
 ABUNDANCE CHANGE 63 -11.53 64 -10.92 65 -11.69 66 -10.90 67 -11.78 68 -11.11
 ABUNDANCE CHANGE 69 -12.04 70 -10.96 71 -11.98 72 -11.16 73 -12.17 74 -10.93
 ABUNDANCE CHANGE 75 -11.76 76 -10.59 77 -10.69 78 -10.24 79 -11.03 80 -10.91
 ABUNDANCE CHANGE 81 -11.14 82 -10.09 83 -11.33 84 -20.00 85 -20.00 86 -20.00
 ABUNDANCE CHANGE 87 -20.00 88 -20.00 89 -20.00 90 -11.95 91 -20.00 92 -12.54
 ABUNDANCE CHANGE 93 -20.00 94 -20.00 95 -20.00 96 -20.00 97 -20.00 98 -20.00
 ABUNDANCE CHANGE 99 -20.00
READ DECK6 72 RHOX,T,P,XNE,ABROSS,ACCRAD,VTURB, FLXCNV,VCONV,VELSND
 1.07005689E-02   2884.9 1.070E+01 5.721E+07 1.246E-05 8.581E-04 2.000E+05 0.000E+00 0.000E+00 5.730E+05
 1.40767958E-02   2901.9 1.408E+01 7.304E+07 1.388E-05 8.835E-04 2.000E+05 0.000E+00 0.000E+00 5.678E+05
 1.81191889E-02   2921.0 1.812E+01 9.242E+07 1.546E-05 8.973E-04 2.000E+05 0.000E+00 0.000E+00 5.645E+05
 2.29649619E-02   2941.7 2.297E+01 1.162E+08 1.718E-05 9.079E-04 2.000E+05 0.000E+00 0.000E+00 5.626E+05
 2.87825834E-02   2963.7 2.878E+01 1.455E+08 1.906E-05 9.176E-04 2.000E+05 0.000E+00 0.000E+00 5.616E+05
 3.57542820E-02   2986.5 3.575E+01 1.813E+08 2.127E-05 9.248E-04 2.000E+05 0.000E+00 0.000E+00 5.614E+05
 4.40667423E-02   3010.0 4.407E+01 2.250E+08 2.385E-05 9.302E-04 2.000E+05 0.000E+00 0.000E+00 5.616E+05
 5.39207577E-02   3033.8 5.392E+01 2.777E+08 2.691E-05 9.324E-04 2.000E+05 0.000E+00 0.000E+00 5.622E+05
 6.55429813E-02   3058.0 6.554E+01 3.411E+08 3.047E-05 9.343E-04 2.000E+05 0.000E+00 0.000E+00 5.632E+05
 7.92405147E-02   3082.8 7.924E+01 4.177E+08 3.444E-05 9.392E-04 2.000E+05 0.000E+00 0.000E+00 5.644E+05
 9.54160352E-02   3108.4 9.542E+01 5.107E+08 3.889E-05 9.466E-04 2.000E+05 0.000E+00 0.000E+00 5.659E+05
 1.14438668E-01   3134.7 1.144E+02 6.227E+08 4.426E-05 9.526E-04 2.000E+05 0.000E+00 0.000E+00 5.677E+05
 1.36703744E-01   3161.5 1.367E+02 7.571E+08 5.048E-05 9.591E-04 2.000E+05 0.000E+00 0.000E+00 5.697E+05
 1.62600066E-01   3188.6 1.626E+02 9.171E+08 5.814E-05 9.574E-04 2.000E+05 0.000E+00 0.000E+00 5.717E+05
 1.92609852E-01   3215.8 1.926E+02 1.106E+09 6.682E-05 9.595E-04 2.000E+05 0.000E+00 0.000E+00 5.739E+05
 2.27464857E-01   3243.2 2.275E+02 1.331E+09 7.666E-05 9.653E-04 2.000E+05 0.000E+00 0.000E+00 5.762E+05
 2.67998459E-01   3271.1 2.680E+02 1.597E+09 8.787E-05 9.749E-04 2.000E+05 0.000E+00 0.000E+00 5.785E+05
 3.15167011E-01   3299.2 3.152E+02 1.912E+09 1.007E-04 9.891E-04 2.000E+05 0.000E+00 0.000E+00 5.809E+05
 3.69728527E-01   3327.8 3.697E+02 2.285E+09 1.167E-04 9.942E-04 2.000E+05 0.000E+00 0.000E+00 5.834E+05
 4.32481516E-01   3356.0 4.325E+02 2.718E+09 1.353E-04 9.993E-04 2.000E+05 0.000E+00 0.000E+00 5.859E+05
 5.04774352E-01   3383.8 5.048E+02 3.220E+09 1.564E-04 1.011E-03 2.000E+05 0.000E+00 0.000E+00 5.882E+05
 5.88295387E-01   3411.4 5.883E+02 3.806E+09 1.803E-04 1.028E-03 2.000E+05 0.000E+00 0.000E+00 5.905E+05
 6.84995831E-01   3438.7 6.850E+02 4.488E+09 2.076E-04 1.053E-03 2.000E+05 0.000E+00 0.000E+00 5.927E+05
 7.97041971E-01   3467.1 7.970E+02 5.294E+09 2.391E-04 1.088E-03 2.000E+05 0.000E+00 0.000E+00 5.951E+05
 9.28177243E-01   3496.4 9.280E+02 6.250E+09 2.702E-04 9.904E-04 2.000E+05 0.000E+00 0.000E+00 5.976E+05
 1.08182942E+00   3524.8 1.082E+03 7.368E+09 3.077E-04 9.330E-04 2.000E+05 0.000E+00 0.000E+00 5.999E+05
 1.26170381E+00   3549.9 1.262E+03 8.633E+09 3.513E-04 9.114E-04 2.000E+05 0.000E+00 0.000E+00 6.014E+05
 1.47181739E+00   3571.7 1.472E+03 1.005E+10 4.006E-04 9.179E-04 2.000E+05 0.000E+00 0.000E+00 6.023E+05
 1.71777424E+00   3590.6 1.718E+03 1.166E+10 4.563E-04 9.461E-04 2.000E+05 0.000E+00 0.000E+00 6.026E+05
 2.00587177E+00   3607.1 2.006E+03 1.346E+10 5.192E-04 9.921E-04 2.000E+05 0.000E+00 0.000E+00 6.023E+05
 2.34382630E+00   3621.4 2.345E+03 1.550E+10 5.898E-04 1.054E-03 2.000E+05 0.000E+00 0.000E+00 6.015E+05
 2.74055992E+00   3633.0 2.742E+03 1.776E+10 6.695E-04 1.137E-03 2.000E+05 0.000E+00 0.000E+00 6.001E+05
 3.20619997E+00   3642.5 3.208E+03 2.029E+10 7.612E-04 1.253E-03 2.000E+05 0.000E+00 0.000E+00 5.981E+05
 3.75341503E+00   3651.4 3.754E+03 2.315E+10 8.656E-04 1.384E-03 2.000E+05 0.000E+00 0.000E+00 5.958E+05
 4.39389686E+00   3660.8 4.395E+03 2.643E+10 9.854E-04 1.535E-03 2.000E+05 0.000E+00 0.000E+00 5.936E+05
 5.14457080E+00   3670.8 5.145E+03 3.018E+10 1.123E-03 1.706E-03 2.000E+05 0.000E+00 0.000E+00 5.914E+05
 6.02189849E+00   3681.5 6.023E+03 3.450E+10 1.281E-03 1.902E-03 2.000E+05 0.000E+00 0.000E+00 5.892E+05
 7.04698915E+00   3693.6 7.048E+03 3.950E+10 1.464E-03 2.126E-03 2.000E+05 0.000E+00 0.000E+00 5.874E+05
 8.24104867E+00   3707.3 8.242E+03 4.532E+10 1.677E-03 2.384E-03 2.000E+05 0.000E+00 0.000E+00 5.858E+05
 9.62882185E+00   3723.1 9.629E+03 5.215E+10 1.928E-03 2.684E-03 2.000E+05 0.000E+00 0.000E+00 5.847E+05
 1.12347568E+01   3741.8 1.124E+04 6.023E+10 2.228E-03 3.039E-03 2.000E+05 0.000E+00 0.000E+00 5.842E+05
 1.30829210E+01   3764.1 1.308E+04 6.987E+10 2.588E-03 3.461E-03 2.000E+05 0.000E+00 0.000E+00 5.845E+05
 1.51961378E+01   3791.1 1.520E+04 8.152E+10 3.026E-03 3.976E-03 2.000E+05 0.000E+00 0.000E+00 5.858E+05
 1.76076409E+01   3824.3 1.761E+04 9.588E+10 3.533E-03 4.496E-03 2.000E+05 0.000E+00 0.000E+00 5.885E+05
 2.03673680E+01   3860.8 2.037E+04 1.131E+11 4.110E-03 5.039E-03 2.000E+05 0.000E+00 0.000E+00 5.918E+05
 2.35266413E+01   3902.6 2.353E+04 1.341E+11 4.799E-03 5.676E-03 2.000E+05 0.000E+00 0.000E+00 5.960E+05
 2.71272503E+01   3951.0 2.713E+04 1.600E+11 5.628E-03 6.421E-03 2.000E+05 0.000E+00 0.000E+00 6.016E+05
 3.12109782E+01   4007.5 3.121E+04 1.922E+11 6.634E-03 7.283E-03 2.000E+05 0.000E+00 0.000E+00 6.087E+05
 3.58182907E+01   4073.3 3.582E+04 2.323E+11 7.859E-03 8.277E-03 2.000E+05 0.000E+00 0.000E+00 6.174E+05
 4.09974968E+01   4150.0 4.100E+04 2.825E+11 9.333E-03 9.423E-03 2.000E+05 0.000E+00 0.000E+00 6.281E+05
 4.68078359E+01   4239.2 4.681E+04 3.459E+11 1.110E-02 1.073E-02 2.000E+05 0.000E+00 0.000E+00 6.406E+05
 5.33113461E+01   4341.8 5.331E+04 4.273E+11 1.326E-02 1.225E-02 2.000E+05 0.000E+00 0.000E+00 6.549E+05
 6.05263415E+01   4461.3 6.053E+04 5.381E+11 1.607E-02 1.427E-02 2.000E+05 0.000E+00 0.000E+00 6.711E+05
 6.83621790E+01   4599.3 6.836E+04 7.042E+11 2.003E-02 1.713E-02 2.000E+05 0.000E+00 0.000E+00 6.888E+05
 7.65779463E+01   4754.8 7.658E+04 9.863E+11 2.612E-02 2.146E-02 2.000E+05 0.000E+00 0.000E+00 7.072E+05
 8.45980938E+01   4937.2 8.460E+04 1.541E+12 3.755E-02 2.992E-02 2.000E+05 9.299E-05 9.905E+03 7.268E+05
 9.16825809E+01   5148.6 9.168E+04 2.696E+12 5.928E-02 4.567E-02 2.000E+05 6.537E-03 4.064E+04 7.471E+05
 9.74588833E+01   5389.4 9.746E+04 5.130E+12 9.967E-02 7.287E-02 2.000E+05 4.380E-02 7.661E+04 7.675E+05
 1.01985383E+02   5648.0 1.020E+05 9.951E+12 1.699E-01 1.123E-01 2.000E+05 1.191E-01 1.067E+05 7.868E+05
 1.05608565E+02   5896.6 1.056E+05 1.810E+13 2.748E-01 1.502E-01 2.000E+05 2.854E-01 1.441E+05 8.033E+05
 1.08726552E+02   6115.3 1.087E+05 2.964E+13 4.092E-01 1.713E-01 2.000E+05 4.582E-01 1.693E+05 8.161E+05
 1.11599127E+02   6313.3 1.116E+05 4.515E+13 5.771E-01 1.794E-01 2.000E+05 6.001E-01 1.850E+05 8.264E+05
 1.14375450E+02   6494.9 1.144E+05 6.511E+13 7.811E-01 1.809E-01 2.000E+05 7.024E-01 1.940E+05 8.346E+05
 1.17149209E+02   6666.6 1.171E+05 9.055E+13 1.030E+00 1.815E-01 2.000E+05 7.737E-01 1.991E+05 8.414E+05
 1.19982367E+02   6831.1 1.200E+05 1.225E+14 1.333E+00 1.821E-01 2.000E+05 8.241E-01 2.016E+05 8.469E+05
 1.22921458E+02   6991.7 1.229E+05 1.624E+14 1.703E+00 1.839E-01 2.000E+05 8.615E-01 2.030E+05 8.514E+05
 1.26002232E+02   7150.3 1.260E+05 2.123E+14 2.158E+00 1.840E-01 2.000E+05 8.898E-01 2.025E+05 8.552E+05
 1.29258770E+02   7306.4 1.293E+05 2.735E+14 2.713E+00 1.843E-01 2.000E+05 9.131E-01 2.024E+05 8.582E+05
 1.32716120E+02   7464.1 1.327E+05 3.498E+14 3.403E+00 1.833E-01 2.000E+05 9.301E-01 1.999E+05 8.608E+05
 1.36411912E+02   7617.3 1.364E+05 4.407E+14 4.226E+00 1.820E-01 2.000E+05 9.450E-01 1.990E+05 8.629E+05
 1.40368191E+02   7776.6 1.404E+05 5.552E+14 5.271E+00 1.799E-01 2.000E+05 9.556E-01 1.951E+05 8.649E+05
 1.44626421E+02   7926.6 1.446E+05 6.857E+14 6.475E+00 1.902E-01 2.000E+05 9.627E-01 1.934E+05 8.667E+05
PRADK 5.4621E-01
BEGIN                    ITERATION  15 COMPLETED
