TEFF   6250.  GRAVITY 3.00000 LTE 
TITLE  [-2.0a] N(He)/Ntot=0.0784 VTURB=2.0  L/H=1.25 ODFNEW                     
 OPACITY IFOP 1 1 1 1 1 1 1 1 1 1 1 1 1 0 1 0 0 0 0 0
 CONVECTION ON   1.25 TURBULENCE OFF  0.00  0.00  0.00  0.00
ABUNDANCE SCALE   0.01000 ABUNDANCE CHANGE 1 0.92130 2 0.07842
 ABUNDANCE CHANGE  3 -10.94  4 -10.64  5  -9.49  6  -3.52  7  -4.12  8  -2.81
 ABUNDANCE CHANGE  9  -7.48 10  -3.56 11  -5.71 12  -4.06 13  -5.57 14  -4.09
 ABUNDANCE CHANGE 15  -6.59 16  -4.31 17  -6.54 18  -5.24 19  -6.92 20  -5.28
 ABUNDANCE CHANGE 21  -8.87 22  -6.62 23  -8.04 24  -6.37 25  -6.65 26  -4.54
 ABUNDANCE CHANGE 27  -7.12 28  -5.79 29  -7.83 30  -7.44 31  -9.16 32  -8.63
 ABUNDANCE CHANGE 33  -9.67 34  -8.63 35  -9.41 36  -8.73 37  -9.44 38  -9.07
 ABUNDANCE CHANGE 39  -9.80 40  -9.44 41 -10.62 42 -10.12 43 -20.00 44 -10.20
 ABUNDANCE CHANGE 45 -10.92 46 -10.35 47 -11.10 48 -10.27 49 -10.38 50 -10.04
 ABUNDANCE CHANGE 51 -11.04 52  -9.80 53 -10.53 54  -9.87 55 -10.91 56  -9.91
 ABUNDANCE CHANGE 57 -10.87 58 -10.46 59 -11.33 60 -10.54 61 -20.00 62 -11.03
 ABUNDANCE CHANGE 63 -11.53 64 -10.92 65 -11.69 66 -10.90 67 -11.78 68 -11.11
 ABUNDANCE CHANGE 69 -12.04 70 -10.96 71 -11.98 72 -11.16 73 -12.17 74 -10.93
 ABUNDANCE CHANGE 75 -11.76 76 -10.59 77 -10.69 78 -10.24 79 -11.03 80 -10.91
 ABUNDANCE CHANGE 81 -11.14 82 -10.09 83 -11.33 84 -20.00 85 -20.00 86 -20.00
 ABUNDANCE CHANGE 87 -20.00 88 -20.00 89 -20.00 90 -11.95 91 -20.00 92 -12.54
 ABUNDANCE CHANGE 93 -20.00 94 -20.00 95 -20.00 96 -20.00 97 -20.00 98 -20.00
 ABUNDANCE CHANGE 99 -20.00
READ DECK6 72 RHOX,T,P,XNE,ABROSS,ACCRAD,VTURB, FLXCNV,VCONV,VELSND
 8.59325346E-04   4278.4 8.593E-01 2.964E+08 1.552E-04 9.169E-03 2.000E+05 0.000E+00 0.000E+00 1.456E+06
 1.14595346E-03   4299.3 1.146E+00 3.750E+08 1.552E-04 9.062E-03 2.000E+05 0.000E+00 0.000E+00 1.312E+06
 1.52844148E-03   4318.2 1.528E+00 4.700E+08 1.550E-04 8.931E-03 2.000E+05 0.000E+00 0.000E+00 1.191E+06
 2.03562522E-03   4339.0 2.036E+00 5.929E+08 1.569E-04 8.794E-03 2.000E+05 0.000E+00 0.000E+00 1.091E+06
 2.69981779E-03   4360.9 2.700E+00 7.491E+08 1.608E-04 8.661E-03 2.000E+05 0.000E+00 0.000E+00 1.011E+06
 3.55881670E-03   4383.2 3.559E+00 9.447E+08 1.667E-04 8.574E-03 2.000E+05 0.000E+00 0.000E+00 9.463E+05
 4.65744204E-03   4405.8 4.657E+00 1.187E+09 1.747E-04 8.516E-03 2.000E+05 0.000E+00 0.000E+00 8.957E+05
 6.04792179E-03   4428.5 6.048E+00 1.485E+09 1.850E-04 8.474E-03 2.000E+05 0.000E+00 0.000E+00 8.561E+05
 7.79017357E-03   4451.3 7.790E+00 1.849E+09 1.978E-04 8.448E-03 2.000E+05 0.000E+00 0.000E+00 8.253E+05
 9.95214138E-03   4474.0 9.952E+00 2.290E+09 2.135E-04 8.435E-03 2.000E+05 0.000E+00 0.000E+00 8.015E+05
 1.26110888E-02   4496.8 1.261E+01 2.823E+09 2.325E-04 8.448E-03 2.000E+05 0.000E+00 0.000E+00 7.833E+05
 1.58562495E-02   4519.3 1.586E+01 3.459E+09 2.548E-04 8.476E-03 2.000E+05 0.000E+00 0.000E+00 7.693E+05
 1.97923817E-02   4541.5 1.979E+01 4.214E+09 2.809E-04 8.522E-03 2.000E+05 0.000E+00 0.000E+00 7.586E+05
 2.45421756E-02   4563.2 2.454E+01 5.104E+09 3.111E-04 8.590E-03 2.000E+05 0.000E+00 0.000E+00 7.504E+05
 3.02505695E-02   4584.8 3.025E+01 6.154E+09 3.458E-04 8.633E-03 2.000E+05 0.000E+00 0.000E+00 7.443E+05
 3.70856776E-02   4606.2 3.709E+01 7.393E+09 3.858E-04 8.685E-03 2.000E+05 0.000E+00 0.000E+00 7.396E+05
 4.52372865E-02   4627.8 4.524E+01 8.855E+09 4.323E-04 8.764E-03 2.000E+05 0.000E+00 0.000E+00 7.363E+05
 5.49171258E-02   4649.8 5.492E+01 1.059E+10 4.865E-04 8.867E-03 2.000E+05 0.000E+00 0.000E+00 7.339E+05
 6.63640909E-02   4672.3 6.636E+01 1.265E+10 5.496E-04 8.992E-03 2.000E+05 0.000E+00 0.000E+00 7.323E+05
 7.98509659E-02   4695.3 7.985E+01 1.509E+10 6.231E-04 9.140E-03 2.000E+05 0.000E+00 0.000E+00 7.313E+05
 9.56900699E-02   4718.8 9.569E+01 1.798E+10 7.085E-04 9.312E-03 2.000E+05 0.000E+00 0.000E+00 7.309E+05
 1.14247610E-01   4742.7 1.142E+02 2.140E+10 8.071E-04 9.524E-03 2.000E+05 0.000E+00 0.000E+00 7.309E+05
 1.35953047E-01   4766.8 1.360E+02 2.542E+10 9.208E-04 9.773E-03 2.000E+05 0.000E+00 0.000E+00 7.312E+05
 1.61303283E-01   4791.2 1.613E+02 3.016E+10 1.052E-03 1.006E-02 2.000E+05 0.000E+00 0.000E+00 7.317E+05
 1.90912669E-01   4814.9 1.909E+02 3.563E+10 1.200E-03 1.043E-02 2.000E+05 0.000E+00 0.000E+00 7.325E+05
 2.25507387E-01   4838.7 2.255E+02 4.202E+10 1.370E-03 1.086E-02 2.000E+05 0.000E+00 0.000E+00 7.334E+05
 2.65928429E-01   4862.2 2.659E+02 4.943E+10 1.563E-03 1.133E-02 2.000E+05 0.000E+00 0.000E+00 7.344E+05
 3.13195399E-01   4885.3 3.132E+02 5.800E+10 1.782E-03 1.186E-02 2.000E+05 0.000E+00 0.000E+00 7.356E+05
 3.68560376E-01   4907.6 3.686E+02 6.777E+10 2.026E-03 1.248E-02 2.000E+05 0.000E+00 0.000E+00 7.368E+05
 4.33517161E-01   4929.3 4.335E+02 7.898E+10 2.302E-03 1.317E-02 2.000E+05 0.000E+00 0.000E+00 7.380E+05
 5.09867634E-01   4949.9 5.099E+02 9.167E+10 2.608E-03 1.394E-02 2.000E+05 0.000E+00 0.000E+00 7.392E+05
 5.99796850E-01   4969.8 5.998E+02 1.061E+11 2.951E-03 1.481E-02 2.000E+05 0.000E+00 0.000E+00 7.405E+05
 7.05944563E-01   4988.5 7.059E+02 1.223E+11 3.330E-03 1.578E-02 2.000E+05 0.000E+00 0.000E+00 7.417E+05
 8.31494342E-01   5006.4 8.315E+02 1.406E+11 3.751E-03 1.688E-02 2.000E+05 0.000E+00 0.000E+00 7.429E+05
 9.80261190E-01   5023.2 9.802E+02 1.611E+11 4.218E-03 1.811E-02 2.000E+05 0.000E+00 0.000E+00 7.441E+05
 1.15677490E+00   5039.4 1.157E+03 1.842E+11 4.739E-03 1.953E-02 2.000E+05 0.000E+00 0.000E+00 7.452E+05
 1.36634005E+00   5055.2 1.366E+03 2.105E+11 5.322E-03 2.114E-02 2.000E+05 0.000E+00 0.000E+00 7.464E+05
 1.61508310E+00   5071.1 1.615E+03 2.406E+11 5.982E-03 2.298E-02 2.000E+05 0.000E+00 0.000E+00 7.476E+05
 1.91010236E+00   5087.2 1.910E+03 2.752E+11 6.729E-03 2.509E-02 2.000E+05 0.000E+00 0.000E+00 7.488E+05
 2.25930646E+00   5104.4 2.259E+03 3.157E+11 7.593E-03 2.755E-02 2.000E+05 0.000E+00 0.000E+00 7.501E+05
 2.67125544E+00   5123.2 2.671E+03 3.636E+11 8.600E-03 3.045E-02 2.000E+05 0.000E+00 0.000E+00 7.515E+05
 3.15490578E+00   5144.4 3.155E+03 4.217E+11 9.796E-03 3.391E-02 2.000E+05 0.000E+00 0.000E+00 7.530E+05
 3.71881213E+00   5169.4 3.719E+03 4.936E+11 1.125E-02 3.816E-02 2.000E+05 0.000E+00 0.000E+00 7.548E+05
 4.37052620E+00   5198.9 4.370E+03 5.843E+11 1.304E-02 4.340E-02 2.000E+05 0.000E+00 0.000E+00 7.569E+05
 5.11588906E+00   5234.4 5.116E+03 7.015E+11 1.530E-02 5.000E-02 2.000E+05 0.000E+00 0.000E+00 7.593E+05
 5.95760722E+00   5277.1 5.957E+03 8.565E+11 1.819E-02 5.845E-02 2.000E+05 0.000E+00 0.000E+00 7.622E+05
 6.89387259E+00   5328.9 6.894E+03 1.067E+12 2.199E-02 6.955E-02 2.000E+05 0.000E+00 0.000E+00 7.656E+05
 7.91654485E+00   5392.1 7.916E+03 1.363E+12 2.712E-02 8.449E-02 2.000E+05 0.000E+00 0.000E+00 7.696E+05
 9.00979103E+00   5469.0 9.009E+03 1.791E+12 3.423E-02 1.052E-01 2.000E+05 0.000E+00 0.000E+00 7.744E+05
 1.01499637E+01   5562.5 1.015E+04 2.429E+12 4.435E-02 1.345E-01 2.000E+05 0.000E+00 0.000E+00 7.799E+05
 1.13065559E+01   5675.6 1.131E+04 3.414E+12 5.918E-02 1.774E-01 2.000E+05 0.000E+00 0.000E+00 7.862E+05
 1.24443650E+01   5811.5 1.244E+04 4.983E+12 8.152E-02 2.420E-01 2.000E+05 8.756E-03 0.000E+00 7.931E+05
 1.35269004E+01   5974.0 1.353E+04 7.559E+12 1.163E-01 3.423E-01 2.000E+05 2.445E+01 1.149E+02 8.004E+05
 1.45206092E+01   6166.7 1.452E+04 1.192E+13 1.721E-01 5.036E-01 2.000E+05 1.129E+03 1.583E+03 8.074E+05
 1.53983877E+01   6393.9 1.540E+04 1.950E+13 2.652E-01 7.738E-01 2.000E+05 3.447E+04 5.475E+03 8.135E+05
 1.61390037E+01   6664.1 1.614E+04 3.323E+13 4.298E-01 1.255E+00 2.000E+05 9.782E+05 1.658E+04 8.178E+05
 1.67350559E+01   6976.7 1.673E+04 5.811E+13 7.293E-01 2.143E+00 2.000E+05 1.605E+07 4.895E+04 8.199E+05
 1.71814991E+01   7363.4 1.718E+04 1.078E+14 1.358E+00 4.002E+00 2.000E+05 1.149E+08 1.169E+05 8.208E+05
 1.74861305E+01   7813.7 1.748E+04 2.034E+14 2.716E+00 7.396E+00 2.000E+05 7.309E+08 2.007E+05 8.243E+05
 1.76998224E+01   8201.9 1.769E+04 3.311E+14 4.827E+00 9.889E+00 2.000E+05 2.128E+09 3.539E+05 8.322E+05
 1.78767967E+01   8477.0 1.787E+04 4.543E+14 7.151E+00 9.537E+00 2.000E+05 3.652E+09 4.123E+05 8.411E+05
 1.80449237E+01   8690.0 1.803E+04 5.719E+14 9.613E+00 8.389E+00 2.000E+05 4.730E+09 4.359E+05 8.499E+05
 1.82162856E+01   8874.1 1.820E+04 6.908E+14 1.230E+01 7.347E+00 2.000E+05 5.419E+09 4.476E+05 8.589E+05
 1.83979251E+01   9039.9 1.838E+04 8.129E+14 1.526E+01 6.505E+00 2.000E+05 5.851E+09 4.520E+05 8.680E+05
 1.85951602E+01   9196.0 1.858E+04 9.416E+14 1.858E+01 5.875E+00 2.000E+05 6.125E+09 4.533E+05 8.775E+05
 1.88127501E+01   9346.0 1.880E+04 1.079E+15 2.231E+01 5.405E+00 2.000E+05 6.307E+09 4.538E+05 8.874E+05
 1.90557141E+01   9495.0 1.904E+04 1.228E+15 2.651E+01 4.987E+00 2.000E+05 6.434E+09 4.523E+05 8.981E+05
 1.93295759E+01   9642.2 1.931E+04 1.390E+15 3.125E+01 4.670E+00 2.000E+05 6.530E+09 4.529E+05 9.095E+05
 1.96395382E+01   9795.1 1.962E+04 1.572E+15 3.681E+01 4.375E+00 2.000E+05 6.600E+09 4.506E+05 9.221E+05
 1.99922451E+01   9945.2 1.997E+04 1.766E+15 4.294E+01 4.129E+00 2.000E+05 6.656E+09 4.517E+05 9.352E+05
 2.03946198E+01  10108.9 2.037E+04 1.993E+15 5.028E+01 3.917E+00 2.000E+05 6.698E+09 4.498E+05 9.505E+05
 2.08564800E+01  10266.4 2.083E+04 2.230E+15 5.803E+01 3.915E+00 2.000E+05 6.725E+09 4.513E+05 9.660E+05
PRADK 2.0452E+00
BEGIN                    ITERATION  15 COMPLETED
