TEFF   4000.  GRAVITY 2.00000 LTE 
TITLE  [-2.0a] N(He)/Ntot=0.0784 VTURB=2.0  L/H=1.25 ODFNEW                     
 OPACITY IFOP 1 1 1 1 1 1 1 1 1 1 1 1 1 0 1 0 0 0 0 0
 CONVECTION ON   1.25 TURBULENCE OFF  0.00  0.00  0.00  0.00
ABUNDANCE SCALE   0.01000 ABUNDANCE CHANGE 1 0.92156 2 0.07844
 ABUNDANCE CHANGE  3 -10.94  4 -10.64  5  -9.49  6  -3.52  7  -4.12  8  -2.81
 ABUNDANCE CHANGE  9  -7.48 10  -3.56 11  -5.71 12  -4.06 13  -5.57 14  -4.09
 ABUNDANCE CHANGE 15  -6.59 16  -4.31 17  -6.54 18  -5.24 19  -6.92 20  -5.28
 ABUNDANCE CHANGE 21  -8.87 22  -6.62 23  -8.04 24  -6.37 25  -6.65 26  -4.54
 ABUNDANCE CHANGE 27  -7.12 28  -5.79 29  -7.83 30  -7.44 31  -9.16 32  -8.63
 ABUNDANCE CHANGE 33  -9.67 34  -8.63 35  -9.41 36  -8.73 37  -9.44 38  -9.07
 ABUNDANCE CHANGE 39  -9.80 40  -9.44 41 -10.62 42 -10.12 43 -20.00 44 -10.20
 ABUNDANCE CHANGE 45 -10.92 46 -10.35 47 -11.10 48 -10.27 49 -10.38 50 -10.04
 ABUNDANCE CHANGE 51 -11.04 52  -9.80 53 -10.53 54  -9.87 55 -10.91 56  -9.91
 ABUNDANCE CHANGE 57 -10.87 58 -10.46 59 -11.33 60 -10.54 61 -20.00 62 -11.03
 ABUNDANCE CHANGE 63 -11.53 64 -10.92 65 -11.69 66 -10.90 67 -11.78 68 -11.11
 ABUNDANCE CHANGE 69 -12.04 70 -10.96 71 -11.98 72 -11.16 73 -12.17 74 -10.93
 ABUNDANCE CHANGE 75 -11.76 76 -10.59 77 -10.69 78 -10.24 79 -11.03 80 -10.91
 ABUNDANCE CHANGE 81 -11.14 82 -10.09 83 -11.33 84 -20.00 85 -20.00 86 -20.00
 ABUNDANCE CHANGE 87 -20.00 88 -20.00 89 -20.00 90 -11.95 91 -20.00 92 -12.54
 ABUNDANCE CHANGE 93 -20.00 94 -20.00 95 -20.00 96 -20.00 97 -20.00 98 -20.00
 ABUNDANCE CHANGE 99 -20.00
READ DECK6 72 RHOX,T,P,XNE,ABROSS,ACCRAD,VTURB, FLXCNV,VCONV,VELSND
 7.01567298E-03   2238.1 7.017E-01 2.737E+05 1.901E-05 1.222E-06 2.000E+05 0.000E+00 0.000E+00 4.728E+05
 9.24553979E-03   2255.2 9.247E-01 3.603E+05 2.088E-05 1.613E-06 2.000E+05 0.000E+00 0.000E+00 4.598E+05
 1.19524810E-02   2270.2 1.195E+00 4.642E+05 2.294E-05 2.096E-06 2.000E+05 0.000E+00 0.000E+00 4.503E+05
 1.52609482E-02   2285.6 1.526E+00 5.922E+05 2.488E-05 2.699E-06 2.000E+05 0.000E+00 0.000E+00 4.438E+05
 1.93395964E-02   2301.5 1.934E+00 7.516E+05 2.678E-05 3.455E-06 2.000E+05 0.000E+00 0.000E+00 4.394E+05
 2.43973268E-02   2317.3 2.440E+00 9.496E+05 2.876E-05 4.409E-06 2.000E+05 0.000E+00 0.000E+00 4.362E+05
 3.06907834E-02   2333.2 3.069E+00 1.197E+06 3.077E-05 5.615E-06 2.000E+05 0.000E+00 0.000E+00 4.339E+05
 3.85384738E-02   2348.3 3.854E+00 1.503E+06 3.288E-05 7.148E-06 2.000E+05 0.000E+00 0.000E+00 4.320E+05
 4.83595959E-02   2364.3 4.837E+00 1.889E+06 3.494E-05 9.109E-06 2.000E+05 0.000E+00 0.000E+00 4.308E+05
 6.07202437E-02   2381.6 6.073E+00 2.385E+06 3.692E-05 1.162E-05 2.000E+05 0.000E+00 0.000E+00 4.304E+05
 7.63693575E-02   2400.7 7.638E+00 3.026E+06 3.879E-05 1.482E-05 2.000E+05 0.000E+00 0.000E+00 4.307E+05
 9.62394648E-02   2420.3 9.625E+00 3.852E+06 4.075E-05 1.892E-05 2.000E+05 0.000E+00 0.000E+00 4.312E+05
 1.21440556E-01   2438.7 1.215E+01 4.892E+06 4.287E-05 2.419E-05 2.000E+05 0.000E+00 0.000E+00 4.315E+05
 1.53419084E-01   2458.5 1.534E+01 6.237E+06 4.499E-05 3.101E-05 2.000E+05 0.000E+00 0.000E+00 4.322E+05
 1.94099788E-01   2479.9 1.941E+01 7.999E+06 4.711E-05 3.977E-05 2.000E+05 0.000E+00 0.000E+00 4.334E+05
 2.45967796E-01   2503.5 2.460E+01 1.034E+07 4.922E-05 5.091E-05 2.000E+05 0.000E+00 0.000E+00 4.350E+05
 3.12287641E-01   2529.0 3.123E+01 1.345E+07 5.131E-05 6.501E-05 2.000E+05 0.000E+00 0.000E+00 4.371E+05
 3.96826494E-01   2552.5 3.969E+01 1.741E+07 5.385E-05 8.295E-05 2.000E+05 0.000E+00 0.000E+00 4.387E+05
 5.04223127E-01   2578.3 5.043E+01 2.267E+07 5.649E-05 1.058E-04 2.000E+05 0.000E+00 0.000E+00 4.407E+05
 6.40682093E-01   2606.6 6.408E+01 2.978E+07 5.931E-05 1.345E-04 2.000E+05 0.000E+00 0.000E+00 4.433E+05
 8.14041400E-01   2638.0 8.143E+01 3.952E+07 6.226E-05 1.699E-04 2.000E+05 0.000E+00 0.000E+00 4.465E+05
 1.03382593E+00   2669.8 1.034E+02 5.251E+07 6.563E-05 2.134E-04 2.000E+05 0.000E+00 0.000E+00 4.498E+05
 1.31086545E+00   2700.7 1.311E+02 6.941E+07 6.964E-05 2.671E-04 2.000E+05 0.000E+00 0.000E+00 4.527E+05
 1.65969558E+00   2736.6 1.660E+02 9.327E+07 7.359E-05 3.330E-04 2.000E+05 0.000E+00 0.000E+00 4.568E+05
 2.09876101E+00   2775.2 2.100E+02 1.264E+08 7.811E-05 4.128E-04 2.000E+05 0.000E+00 0.000E+00 4.613E+05
 2.65007952E+00   2816.1 2.652E+02 1.723E+08 8.291E-05 5.095E-04 2.000E+05 0.000E+00 0.000E+00 4.663E+05
 3.34737937E+00   2862.7 3.350E+02 2.393E+08 8.701E-05 6.267E-04 2.000E+05 0.000E+00 0.000E+00 4.724E+05
 4.22760198E+00   2908.2 4.231E+02 3.300E+08 9.252E-05 7.694E-04 2.000E+05 0.000E+00 0.000E+00 4.782E+05
 5.32811306E+00   2955.1 5.332E+02 4.549E+08 9.890E-05 9.463E-04 2.000E+05 0.000E+00 0.000E+00 4.842E+05
 6.70095500E+00   3005.0 6.706E+02 6.294E+08 1.059E-04 1.167E-03 2.000E+05 0.000E+00 0.000E+00 4.907E+05
 8.38658158E+00   3049.0 8.392E+02 8.461E+08 1.168E-04 1.440E-03 2.000E+05 0.000E+00 0.000E+00 4.960E+05
 1.04099651E+01   3087.9 1.041E+03 1.107E+09 1.306E-04 1.779E-03 2.000E+05 0.000E+00 0.000E+00 5.000E+05
 1.28007254E+01   3119.8 1.281E+03 1.404E+09 1.484E-04 2.202E-03 2.000E+05 0.000E+00 0.000E+00 5.027E+05
 1.56006124E+01   3149.2 1.561E+03 1.752E+09 1.694E-04 2.729E-03 2.000E+05 0.000E+00 0.000E+00 5.049E+05
 1.88571508E+01   3173.7 1.886E+03 2.140E+09 1.949E-04 3.386E-03 2.000E+05 0.000E+00 0.000E+00 5.061E+05
 2.26296661E+01   3195.3 2.263E+03 2.576E+09 2.245E-04 4.209E-03 2.000E+05 0.000E+00 0.000E+00 5.068E+05
 2.69999908E+01   3215.0 2.700E+03 3.069E+09 2.581E-04 5.245E-03 2.000E+05 0.000E+00 0.000E+00 5.072E+05
 3.20878743E+01   3236.1 3.209E+03 3.658E+09 2.948E-04 6.559E-03 2.000E+05 0.000E+00 0.000E+00 5.079E+05
 3.80199698E+01   3253.6 3.802E+03 4.306E+09 3.375E-04 8.235E-03 2.000E+05 0.000E+00 0.000E+00 5.079E+05
 4.49520272E+01   3275.4 4.495E+03 5.121E+09 3.840E-04 1.039E-02 2.000E+05 0.000E+00 0.000E+00 5.089E+05
 5.30634402E+01   3296.2 5.307E+03 6.059E+09 4.383E-04 1.316E-02 2.000E+05 0.000E+00 0.000E+00 5.096E+05
 6.25602300E+01   3321.5 6.256E+03 7.251E+09 4.980E-04 1.676E-02 2.000E+05 0.000E+00 0.000E+00 5.112E+05
 7.37061650E+01   3348.2 7.371E+03 8.691E+09 5.657E-04 2.144E-02 2.000E+05 0.000E+00 0.000E+00 5.130E+05
 8.68030946E+01   3378.6 8.680E+03 1.050E+10 6.415E-04 2.757E-02 2.000E+05 0.000E+00 0.000E+00 5.155E+05
 1.02215016E+02   3413.9 1.022E+04 1.283E+10 7.269E-04 3.566E-02 2.000E+05 0.000E+00 0.000E+00 5.189E+05
 1.20327000E+02   3456.5 1.203E+04 1.590E+10 8.256E-04 4.643E-02 2.000E+05 0.000E+00 0.000E+00 5.237E+05
 1.42229873E+02   3504.7 1.422E+04 1.995E+10 8.869E-04 6.105E-02 2.000E+05 0.000E+00 0.000E+00 5.293E+05
 1.68909198E+02   3561.2 1.689E+04 2.544E+10 9.953E-04 8.107E-02 2.000E+05 0.000E+00 0.000E+00 5.363E+05
 1.99687997E+02   3629.6 1.997E+04 3.286E+10 1.188E-03 1.076E-01 2.000E+05 0.000E+00 0.000E+00 5.457E+05
 2.32477656E+02   3711.1 2.325E+04 4.251E+10 1.542E-03 1.413E-01 2.000E+05 0.000E+00 0.000E+00 5.579E+05
 2.66139813E+02   3804.4 2.661E+04 5.453E+10 1.982E-03 1.836E-01 2.000E+05 0.000E+00 0.000E+00 5.728E+05
 3.01955416E+02   3907.3 3.020E+04 6.927E+10 2.435E-03 2.368E-01 2.000E+05 0.000E+00 0.000E+00 5.899E+05
 3.40865401E+02   4023.7 3.409E+04 8.812E+10 3.002E-03 3.038E-01 2.000E+05 1.208E-10 1.033E+02 6.095E+05
 3.82752656E+02   4154.0 3.828E+04 1.137E+11 3.745E-03 3.876E-01 2.000E+05 7.453E-08 8.870E+02 6.310E+05
 4.26717348E+02   4299.8 4.267E+04 1.544E+11 4.875E-03 4.928E-01 2.000E+05 4.910E-06 3.606E+03 6.539E+05
 4.69813814E+02   4464.1 4.698E+04 2.327E+11 6.970E-03 6.249E-01 2.000E+05 1.831E-04 1.210E+04 6.775E+05
 5.07951480E+02   4646.4 5.079E+04 3.968E+11 1.103E-02 7.907E-01 2.000E+05 4.371E-03 3.492E+04 7.007E+05
 5.38923945E+02   4846.0 5.389E+04 7.409E+11 1.865E-02 9.972E-01 2.000E+05 2.909E-02 6.579E+04 7.226E+05
 5.62977575E+02   5058.1 5.630E+04 1.430E+12 3.224E-02 1.249E+00 2.000E+05 7.086E-02 8.791E+04 7.427E+05
 5.81783880E+02   5270.2 5.818E+04 2.677E+12 5.397E-02 1.545E+00 2.000E+05 2.094E-01 1.274E+05 7.604E+05
 5.97202504E+02   5471.3 5.972E+04 4.685E+12 8.515E-02 1.868E+00 2.000E+05 4.203E-01 1.661E+05 7.755E+05
 6.10672710E+02   5654.7 6.107E+04 7.577E+12 1.258E-01 2.202E+00 2.000E+05 5.953E-01 1.913E+05 7.881E+05
 6.23198425E+02   5819.6 6.232E+04 1.141E+13 1.755E-01 2.529E+00 2.000E+05 7.071E-01 2.026E+05 7.985E+05
 6.35443211E+02   5970.0 6.354E+04 1.628E+13 2.348E-01 2.849E+00 2.000E+05 7.778E-01 2.066E+05 8.071E+05
 6.47826368E+02   6112.1 6.478E+04 2.246E+13 3.059E-01 3.169E+00 2.000E+05 8.269E-01 2.090E+05 8.147E+05
 6.60601245E+02   6250.9 6.606E+04 3.036E+13 3.928E-01 3.502E+00 2.000E+05 8.626E-01 2.110E+05 8.213E+05
 6.73936764E+02   6388.5 6.739E+04 4.044E+13 4.997E-01 3.854E+00 2.000E+05 8.909E-01 2.128E+05 8.272E+05
 6.87953989E+02   6527.1 6.879E+04 5.338E+13 6.325E-01 4.231E+00 2.000E+05 9.130E-01 2.142E+05 8.325E+05
 7.02746098E+02   6667.1 7.027E+04 6.987E+13 7.975E-01 4.635E+00 2.000E+05 9.288E-01 2.122E+05 8.370E+05
 7.18454730E+02   6805.3 7.184E+04 9.028E+13 9.980E-01 5.066E+00 2.000E+05 9.421E-01 2.105E+05 8.409E+05
 7.35191424E+02   6947.1 7.351E+04 1.163E+14 1.250E+00 5.529E+00 2.000E+05 9.540E-01 2.110E+05 8.442E+05
 7.52973540E+02   7091.0 7.529E+04 1.489E+14 1.563E+00 6.058E+00 2.000E+05 9.620E-01 2.148E+05 8.469E+05
PRADK 3.4024E-01
BEGIN                    ITERATION  15 COMPLETED
