TEFF   8750.  GRAVITY 2.00000 LTE 
TITLE  [-2.0a] N(He)/Ntot=0.0784 VTURB=2.0  L/H=1.25 ODFNEW                     
 OPACITY IFOP 1 1 1 1 1 1 1 1 1 1 1 1 1 0 1 0 0 0 0 0
 CONVECTION ON   1.25 TURBULENCE OFF  0.00  0.00  0.00  0.00
ABUNDANCE SCALE   0.01000 ABUNDANCE CHANGE 1 0.92130 2 0.07842
 ABUNDANCE CHANGE  3 -10.94  4 -10.64  5  -9.49  6  -3.52  7  -4.12  8  -2.81
 ABUNDANCE CHANGE  9  -7.48 10  -3.56 11  -5.71 12  -4.06 13  -5.57 14  -4.09
 ABUNDANCE CHANGE 15  -6.59 16  -4.31 17  -6.54 18  -5.24 19  -6.92 20  -5.28
 ABUNDANCE CHANGE 21  -8.87 22  -6.62 23  -8.04 24  -6.37 25  -6.65 26  -4.54
 ABUNDANCE CHANGE 27  -7.12 28  -5.79 29  -7.83 30  -7.44 31  -9.16 32  -8.63
 ABUNDANCE CHANGE 33  -9.67 34  -8.63 35  -9.41 36  -8.73 37  -9.44 38  -9.07
 ABUNDANCE CHANGE 39  -9.80 40  -9.44 41 -10.62 42 -10.12 43 -20.00 44 -10.20
 ABUNDANCE CHANGE 45 -10.92 46 -10.35 47 -11.10 48 -10.27 49 -10.38 50 -10.04
 ABUNDANCE CHANGE 51 -11.04 52  -9.80 53 -10.53 54  -9.87 55 -10.91 56  -9.91
 ABUNDANCE CHANGE 57 -10.87 58 -10.46 59 -11.33 60 -10.54 61 -20.00 62 -11.03
 ABUNDANCE CHANGE 63 -11.53 64 -10.92 65 -11.69 66 -10.90 67 -11.78 68 -11.11
 ABUNDANCE CHANGE 69 -12.04 70 -10.96 71 -11.98 72 -11.16 73 -12.17 74 -10.93
 ABUNDANCE CHANGE 75 -11.76 76 -10.59 77 -10.69 78 -10.24 79 -11.03 80 -10.91
 ABUNDANCE CHANGE 81 -11.14 82 -10.09 83 -11.33 84 -20.00 85 -20.00 86 -20.00
 ABUNDANCE CHANGE 87 -20.00 88 -20.00 89 -20.00 90 -11.95 91 -20.00 92 -12.54
 ABUNDANCE CHANGE 93 -20.00 94 -20.00 95 -20.00 96 -20.00 97 -20.00 98 -20.00
 ABUNDANCE CHANGE 99 -20.00
READ DECK6 72 RHOX,T,P,XNE,ABROSS,ACCRAD,VTURB, FLXCNV,VCONV,VELSND
 4.54873437E-07   5745.2 4.390E-05 2.625E+07 2.932E-01 3.497E+00 2.000E+05 0.000E+00 0.000E+00 5.523E+08
 6.07026885E-07   5751.1 5.858E-05 3.489E+07 2.915E-01 3.479E+00 2.000E+05 0.000E+00 0.000E+00 3.427E+08
 8.11370126E-07   5752.4 7.831E-05 4.641E+07 2.890E-01 3.454E+00 2.000E+05 0.000E+00 0.000E+00 2.398E+08
 1.08636652E-06   5757.1 1.049E-04 6.176E+07 2.861E-01 3.424E+00 2.000E+05 0.000E+00 1.407E+09 1.776E+08
 1.45752223E-06   5757.2 1.407E-04 8.223E+07 2.821E-01 3.391E+00 2.000E+05 0.000E+00 9.465E+08 1.349E+08
 1.96038532E-06   5762.0 1.893E-04 1.095E+08 2.774E-01 3.350E+00 2.000E+05 0.000E+00 1.220E+09 1.053E+08
 2.64352652E-06   5768.4 2.554E-04 1.458E+08 2.717E-01 3.299E+00 2.000E+05 0.000E+00 1.015E+09 8.347E+07
 3.57611717E-06   5774.8 3.456E-04 1.942E+08 2.647E-01 3.234E+00 2.000E+05 0.000E+00 7.822E+08 6.689E+07
 4.85684451E-06   5781.3 4.696E-04 2.586E+08 2.562E-01 3.152E+00 2.000E+05 0.000E+00 5.839E+08 5.403E+07
 6.62926900E-06   5786.8 6.413E-04 3.444E+08 2.459E-01 3.053E+00 2.000E+05 0.000E+00 4.251E+08 4.377E+07
 9.10466829E-06   5792.6 8.814E-04 4.587E+08 2.337E-01 2.939E+00 2.000E+05 0.000E+00 3.386E+08 3.566E+07
 1.25941398E-05   5799.9 1.220E-03 6.113E+08 2.201E-01 2.810E+00 2.000E+05 0.000E+00 2.566E+08 2.915E+07
 1.75702036E-05   5806.1 1.704E-03 8.140E+08 2.045E-01 2.661E+00 2.000E+05 0.000E+00 1.953E+08 2.383E+07
 2.47415383E-05   5815.8 2.403E-03 1.086E+09 1.886E-01 2.509E+00 2.000E+05 0.000E+00 1.550E+08 1.952E+07
 3.51815773E-05   5825.6 3.422E-03 1.449E+09 1.717E-01 2.349E+00 2.000E+05 0.000E+00 1.157E+08 1.597E+07
 5.05059409E-05   5839.7 4.919E-03 1.938E+09 1.557E-01 2.195E+00 2.000E+05 0.000E+00 8.763E+07 1.309E+07
 7.31306408E-05   5855.1 7.134E-03 2.592E+09 1.402E-01 2.047E+00 2.000E+05 0.000E+00 6.208E+07 1.072E+07
 1.06661318E-04   5874.5 1.042E-02 3.477E+09 1.262E-01 1.914E+00 2.000E+05 0.000E+00 4.496E+07 8.789E+06
 1.56236976E-04   5898.5 1.529E-02 4.676E+09 1.141E-01 1.799E+00 2.000E+05 0.000E+00 3.178E+07 7.228E+06
 2.29069113E-04   5927.4 2.244E-02 6.303E+09 1.040E-01 1.704E+00 2.000E+05 0.000E+00 2.198E+07 5.970E+06
 3.34976755E-04   5961.7 3.286E-02 8.513E+09 9.595E-02 1.630E+00 2.000E+05 0.000E+00 1.504E+07 4.960E+06
 4.86701592E-04   6002.2 4.779E-02 1.152E+10 9.005E-02 1.576E+00 2.000E+05 0.000E+00 1.010E+07 4.153E+06
 7.00345848E-04   6048.0 6.882E-02 1.559E+10 8.596E-02 1.540E+00 2.000E+05 0.000E+00 6.514E+06 3.509E+06
 9.96521755E-04   6097.5 9.799E-02 2.103E+10 8.328E-02 1.519E+00 2.000E+05 0.000E+00 4.069E+06 2.992E+06
 1.40037750E-03   6152.0 1.378E-01 2.831E+10 8.215E-02 1.513E+00 2.000E+05 0.000E+00 5.697E+05 2.578E+06
 1.94153920E-03   6210.5 1.911E-01 3.797E+10 8.237E-02 1.520E+00 2.000E+05 0.000E+00 2.851E+05 2.246E+06
 2.65658285E-03   6270.9 2.615E-01 5.057E+10 8.360E-02 1.538E+00 2.000E+05 0.000E+00 1.469E+05 1.977E+06
 3.59100783E-03   6332.7 3.535E-01 6.686E+10 8.573E-02 1.567E+00 2.000E+05 0.000E+00 7.674E+04 1.760E+06
 4.79950580E-03   6395.7 4.724E-01 8.779E+10 8.881E-02 1.604E+00 2.000E+05 0.000E+00 3.943E+04 1.583E+06
 6.35172129E-03   6457.0 6.251E-01 1.141E+11 9.230E-02 1.645E+00 2.000E+05 0.000E+00 1.873E+04 1.438E+06
 8.34470272E-03   6514.2 8.211E-01 1.464E+11 9.570E-02 1.686E+00 2.000E+05 0.000E+00 7.510E+03 1.318E+06
 1.09202247E-02   6564.1 1.074E+00 1.851E+11 9.824E-02 1.720E+00 2.000E+05 0.000E+00 1.753E+03 1.217E+06
 1.42891087E-02   6605.6 1.405E+00 2.309E+11 9.955E-02 1.749E+00 2.000E+05 0.000E+00 0.000E+00 1.132E+06
 1.87459996E-02   6641.0 1.843E+00 2.856E+11 9.998E-02 1.778E+00 2.000E+05 0.000E+00 0.000E+00 1.059E+06
 2.46680858E-02   6673.4 2.425E+00 3.517E+11 1.003E-01 1.814E+00 2.000E+05 0.000E+00 0.000E+00 9.980E+05
 3.25202432E-02   6705.8 3.195E+00 4.331E+11 1.012E-01 1.863E+00 2.000E+05 0.000E+00 0.000E+00 9.480E+05
 4.28117891E-02   6742.2 4.205E+00 5.353E+11 1.038E-01 1.934E+00 2.000E+05 0.000E+00 0.000E+00 9.083E+05
 5.61031551E-02   6780.9 5.508E+00 6.614E+11 1.079E-01 2.024E+00 2.000E+05 0.000E+00 0.000E+00 8.772E+05
 7.30226032E-02   6822.8 7.165E+00 8.170E+11 1.139E-01 2.141E+00 2.000E+05 0.000E+00 0.000E+00 8.533E+05
 9.42419919E-02   6867.5 9.240E+00 1.007E+12 1.220E-01 2.288E+00 2.000E+05 0.000E+00 0.000E+00 8.354E+05
 1.20421578E-01   6917.1 1.180E+01 1.243E+12 1.330E-01 2.478E+00 2.000E+05 0.000E+00 0.000E+00 8.224E+05
 1.52146658E-01   6971.6 1.489E+01 1.533E+12 1.476E-01 2.721E+00 2.000E+05 0.000E+00 0.000E+00 8.135E+05
 1.89904957E-01   7032.3 1.855E+01 1.891E+12 1.669E-01 3.037E+00 2.000E+05 0.000E+00 0.000E+00 8.080E+05
 2.33945677E-01   7101.3 2.281E+01 2.339E+12 1.930E-01 3.455E+00 2.000E+05 0.000E+00 0.000E+00 8.056E+05
 2.84101793E-01   7181.5 2.764E+01 2.909E+12 2.289E-01 4.019E+00 2.000E+05 3.370E-06 0.000E+00 8.063E+05
 3.39743283E-01   7274.3 3.296E+01 3.635E+12 2.788E-01 4.792E+00 2.000E+05 3.916E-05 4.145E+01 8.100E+05
 3.99716521E-01   7383.6 3.864E+01 4.575E+12 3.503E-01 5.874E+00 2.000E+05 1.978E-04 8.362E+01 8.172E+05
 4.62397469E-01   7511.0 4.450E+01 5.792E+12 4.537E-01 7.399E+00 2.000E+05 6.792E-04 1.270E+02 8.284E+05
 5.25945476E-01   7660.2 5.032E+01 7.371E+12 6.056E-01 9.562E+00 2.000E+05 1.979E-03 1.768E+02 8.447E+05
 5.88606124E-01   7833.1 5.589E+01 9.393E+12 8.288E-01 1.261E+01 2.000E+05 5.885E-03 2.428E+02 8.673E+05
 6.49081179E-01   8031.9 6.106E+01 1.191E+13 1.154E+00 1.689E+01 2.000E+05 1.999E-02 3.515E+02 8.980E+05
 7.06859816E-01   8260.7 6.570E+01 1.494E+13 1.608E+00 2.255E+01 2.000E+05 6.818E-02 5.448E+02 9.389E+05
 7.62569633E-01   8521.2 6.983E+01 1.831E+13 2.190E+00 2.937E+01 2.000E+05 1.666E-01 8.314E+02 9.916E+05
 8.18653400E-01   8816.6 7.360E+01 2.170E+13 2.825E+00 3.623E+01 2.000E+05 2.317E-01 1.059E+03 1.056E+06
 8.79182228E-01   9149.8 7.730E+01 2.468E+13 3.334E+00 4.095E+01 2.000E+05 1.698E-01 9.517E+02 1.132E+06
 9.51248720E-01   9524.5 8.149E+01 2.703E+13 3.555E+00 4.203E+01 2.000E+05 6.054E-02 5.809E+02 1.218E+06
 1.04593017E+00   9945.2 8.708E+01 2.895E+13 3.464E+00 3.978E+01 2.000E+05 9.150E-03 2.755E+02 1.321E+06
 1.17995025E+00  10422.0 9.543E+01 3.102E+13 3.173E+00 3.569E+01 2.000E+05 7.111E-04 1.181E+02 1.445E+06
 1.37802581E+00  10959.8 1.086E+02 3.398E+13 2.834E+00 3.160E+01 2.000E+05 4.338E-05 4.671E+01 1.569E+06
 1.67492128E+00  11571.1 1.295E+02 3.860E+13 2.520E+00 2.809E+01 2.000E+05 2.216E-06 1.075E+01 1.667E+06
 2.11852028E+00  12262.7 1.621E+02 4.575E+13 2.260E+00 2.529E+01 2.000E+05 2.715E-08 0.000E+00 1.727E+06
 2.77155388E+00  13038.6 2.116E+02 5.639E+13 2.068E+00 2.321E+01 2.000E+05 8.660E-11 0.000E+00 1.745E+06
 3.71129218E+00  13899.3 2.845E+02 7.161E+13 1.940E+00 2.174E+01 2.000E+05 8.127E-07 1.239E+00 1.743E+06
 5.02479500E+00  14839.3 3.879E+02 9.244E+13 1.875E+00 2.091E+01 2.000E+05 1.625E-06 2.372E+01 1.777E+06
 6.82873203E+00  15862.6 5.312E+02 1.197E+14 1.826E+00 2.026E+01 2.000E+05 8.125E-07 0.000E+00 1.872E+06
 9.30100674E+00  16970.6 7.292E+02 1.546E+14 1.775E+00 1.964E+01 2.000E+05 0.000E+00 0.000E+00 1.998E+06
 1.26955622E+01  18176.5 1.003E+03 1.991E+14 1.723E+00 1.905E+01 2.000E+05 0.000E+00 0.000E+00 2.113E+06
 1.73278101E+01  19477.9 1.379E+03 2.557E+14 1.695E+00 1.870E+01 2.000E+05 0.000E+00 0.000E+00 2.206E+06
 2.35841151E+01  20890.5 1.888E+03 3.267E+14 1.680E+00 1.851E+01 2.000E+05 0.000E+00 0.000E+00 2.290E+06
 3.19421491E+01  22413.0 2.569E+03 4.144E+14 1.688E+00 1.858E+01 2.000E+05 0.000E+00 0.000E+00 2.372E+06
 4.29785530E+01  24058.5 3.467E+03 5.209E+14 1.713E+00 1.880E+01 2.000E+05 0.000E+00 0.000E+00 2.456E+06
 5.73484825E+01  25827.9 4.635E+03 6.488E+14 1.768E+00 1.856E+01 2.000E+05 0.000E+00 0.000E+00 2.542E+06
PRADK 7.8581E+00
BEGIN                    ITERATION  15 COMPLETED
