TEFF   7500.  GRAVITY 5.00000 LTE 
TITLE  [-2.0a] N(He)/Ntot=0.0784 VTURB=2.0  L/H=1.25 ODFNEW                     
 OPACITY IFOP 1 1 1 1 1 1 1 1 1 1 1 1 1 0 1 0 0 0 0 0
 CONVECTION ON   1.25 TURBULENCE OFF  0.00  0.00  0.00  0.00
ABUNDANCE SCALE   0.01000 ABUNDANCE CHANGE 1 0.92156 2 0.07844
 ABUNDANCE CHANGE  3 -10.94  4 -10.64  5  -9.49  6  -3.52  7  -4.12  8  -2.81
 ABUNDANCE CHANGE  9  -7.48 10  -3.56 11  -5.71 12  -4.06 13  -5.57 14  -4.09
 ABUNDANCE CHANGE 15  -6.59 16  -4.31 17  -6.54 18  -5.24 19  -6.92 20  -5.28
 ABUNDANCE CHANGE 21  -8.87 22  -6.62 23  -8.04 24  -6.37 25  -6.65 26  -4.54
 ABUNDANCE CHANGE 27  -7.12 28  -5.79 29  -7.83 30  -7.44 31  -9.16 32  -8.63
 ABUNDANCE CHANGE 33  -9.67 34  -8.63 35  -9.41 36  -8.73 37  -9.44 38  -9.07
 ABUNDANCE CHANGE 39  -9.80 40  -9.44 41 -10.62 42 -10.12 43 -20.00 44 -10.20
 ABUNDANCE CHANGE 45 -10.92 46 -10.35 47 -11.10 48 -10.27 49 -10.38 50 -10.04
 ABUNDANCE CHANGE 51 -11.04 52  -9.80 53 -10.53 54  -9.87 55 -10.91 56  -9.91
 ABUNDANCE CHANGE 57 -10.87 58 -10.46 59 -11.33 60 -10.54 61 -20.00 62 -11.03
 ABUNDANCE CHANGE 63 -11.53 64 -10.92 65 -11.69 66 -10.90 67 -11.78 68 -11.11
 ABUNDANCE CHANGE 69 -12.04 70 -10.96 71 -11.98 72 -11.16 73 -12.17 74 -10.93
 ABUNDANCE CHANGE 75 -11.76 76 -10.59 77 -10.69 78 -10.24 79 -11.03 80 -10.91
 ABUNDANCE CHANGE 81 -11.14 82 -10.09 83 -11.33 84 -20.00 85 -20.00 86 -20.00
 ABUNDANCE CHANGE 87 -20.00 88 -20.00 89 -20.00 90 -11.95 91 -20.00 92 -12.54
 ABUNDANCE CHANGE 93 -20.00 94 -20.00 95 -20.00 96 -20.00 97 -20.00 98 -20.00
 ABUNDANCE CHANGE 99 -20.00
READ DECK6 72 RHOX,T,P,XNE,ABROSS,ACCRAD,VTURB, FLXCNV,VCONV,VELSND
 6.58492240E-05   5236.3 6.585E+00 2.498E+10 2.025E-03 1.353E-01 2.000E+05 0.000E+00 0.000E+00 9.017E+05
 8.75789971E-05   5251.7 8.758E+00 3.013E+10 2.068E-03 1.362E-01 2.000E+05 0.000E+00 0.000E+00 8.658E+05
 1.16071044E-04   5258.6 1.161E+01 3.541E+10 2.095E-03 1.366E-01 2.000E+05 0.000E+00 0.000E+00 8.384E+05
 1.52839144E-04   5275.1 1.528E+01 4.263E+10 2.207E-03 1.377E-01 2.000E+05 0.000E+00 0.000E+00 8.159E+05
 1.99280473E-04   5288.5 1.993E+01 5.061E+10 2.334E-03 1.386E-01 2.000E+05 0.000E+00 0.000E+00 7.992E+05
 2.57065641E-04   5308.1 2.571E+01 6.079E+10 2.534E-03 1.400E-01 2.000E+05 0.000E+00 0.000E+00 7.863E+05
 3.28012609E-04   5325.1 3.280E+01 7.207E+10 2.753E-03 1.413E-01 2.000E+05 0.000E+00 0.000E+00 7.770E+05
 4.14097965E-04   5348.1 4.141E+01 8.643E+10 3.057E-03 1.432E-01 2.000E+05 0.000E+00 0.000E+00 7.699E+05
 5.17757325E-04   5367.4 5.178E+01 1.020E+11 3.377E-03 1.448E-01 2.000E+05 0.000E+00 0.000E+00 7.651E+05
 6.41436047E-04   5394.3 6.414E+01 1.223E+11 3.815E-03 1.473E-01 2.000E+05 0.000E+00 0.000E+00 7.615E+05
 7.88091675E-04   5417.0 7.881E+01 1.443E+11 4.273E-03 1.496E-01 2.000E+05 0.000E+00 0.000E+00 7.592E+05
 9.61760035E-04   5443.2 9.618E+01 1.712E+11 4.835E-03 1.524E-01 2.000E+05 0.000E+00 0.000E+00 7.577E+05
 1.16639846E-03   5468.7 1.166E+02 2.020E+11 5.468E-03 1.556E-01 2.000E+05 0.000E+00 0.000E+00 7.570E+05
 1.40760352E-03   5494.3 1.408E+02 2.377E+11 6.190E-03 1.592E-01 2.000E+05 0.000E+00 0.000E+00 7.569E+05
 1.69154830E-03   5520.3 1.692E+02 2.791E+11 7.016E-03 1.632E-01 2.000E+05 0.000E+00 0.000E+00 7.571E+05
 2.02556781E-03   5546.2 2.026E+02 3.269E+11 7.954E-03 1.679E-01 2.000E+05 0.000E+00 0.000E+00 7.577E+05
 2.41841384E-03   5572.1 2.418E+02 3.821E+11 9.019E-03 1.732E-01 2.000E+05 0.000E+00 0.000E+00 7.587E+05
 2.88059343E-03   5597.7 2.881E+02 4.454E+11 1.022E-02 1.793E-01 2.000E+05 0.000E+00 0.000E+00 7.598E+05
 3.42465924E-03   5623.0 3.425E+02 5.181E+11 1.157E-02 1.863E-01 2.000E+05 0.000E+00 0.000E+00 7.611E+05
 4.06566609E-03   5647.8 4.066E+02 6.010E+11 1.309E-02 1.944E-01 2.000E+05 0.000E+00 0.000E+00 7.626E+05
 4.82164472E-03   5672.1 4.822E+02 6.957E+11 1.480E-02 2.036E-01 2.000E+05 0.000E+00 0.000E+00 7.643E+05
 5.71418354E-03   5695.9 5.714E+02 8.035E+11 1.670E-02 2.139E-01 2.000E+05 0.000E+00 0.000E+00 7.660E+05
 6.76903457E-03   5719.1 6.769E+02 9.263E+11 1.884E-02 2.255E-01 2.000E+05 0.000E+00 0.000E+00 7.678E+05
 8.01721495E-03   5741.7 8.017E+02 1.065E+12 2.122E-02 2.385E-01 2.000E+05 0.000E+00 0.000E+00 7.697E+05
 9.49551845E-03   5763.9 9.495E+02 1.224E+12 2.388E-02 2.531E-01 2.000E+05 0.000E+00 0.000E+00 7.717E+05
 1.12489170E-02   5785.0 1.125E+03 1.401E+12 2.682E-02 2.696E-01 2.000E+05 0.000E+00 0.000E+00 7.737E+05
 1.33314420E-02   5805.7 1.333E+03 1.603E+12 3.010E-02 2.880E-01 2.000E+05 0.000E+00 0.000E+00 7.757E+05
 1.58068109E-02   5825.8 1.581E+03 1.831E+12 3.376E-02 3.085E-01 2.000E+05 0.000E+00 0.000E+00 7.778E+05
 1.87515871E-02   5845.4 1.875E+03 2.089E+12 3.783E-02 3.312E-01 2.000E+05 0.000E+00 0.000E+00 7.799E+05
 2.22580417E-02   5864.4 2.226E+03 2.380E+12 4.234E-02 3.563E-01 2.000E+05 0.000E+00 0.000E+00 7.820E+05
 2.64374587E-02   5882.8 2.644E+03 2.708E+12 4.735E-02 3.840E-01 2.000E+05 0.000E+00 0.000E+00 7.841E+05
 3.14250584E-02   5900.4 3.142E+03 3.076E+12 5.287E-02 4.144E-01 2.000E+05 0.000E+00 0.000E+00 7.862E+05
 3.73850247E-02   5917.2 3.738E+03 3.487E+12 5.897E-02 4.487E-01 2.000E+05 0.000E+00 0.000E+00 7.882E+05
 4.45151631E-02   5933.2 4.451E+03 3.948E+12 6.570E-02 4.866E-01 2.000E+05 0.000E+00 0.000E+00 7.903E+05
 5.30518442E-02   5948.8 5.305E+03 4.467E+12 7.316E-02 5.290E-01 2.000E+05 0.000E+00 0.000E+00 7.923E+05
 6.32761198E-02   5964.2 6.328E+03 5.052E+12 8.145E-02 5.765E-01 2.000E+05 0.000E+00 0.000E+00 7.943E+05
 7.55186501E-02   5979.7 7.552E+03 5.717E+12 9.075E-02 6.301E-01 2.000E+05 0.000E+00 0.000E+00 7.963E+05
 9.01605871E-02   5996.1 9.016E+03 6.481E+12 1.013E-01 6.912E-01 2.000E+05 0.000E+00 0.000E+00 7.982E+05
 1.07637273E-01   6013.7 1.076E+04 7.366E+12 1.133E-01 7.616E-01 2.000E+05 0.000E+00 0.000E+00 8.002E+05
 1.28427613E-01   6033.5 1.284E+04 8.409E+12 1.273E-01 8.440E-01 2.000E+05 0.000E+00 0.000E+00 8.022E+05
 1.53064395E-01   6055.9 1.531E+04 9.644E+12 1.435E-01 9.402E-01 2.000E+05 0.000E+00 0.000E+00 8.043E+05
 1.82116826E-01   6081.7 1.821E+04 1.113E+13 1.627E-01 1.054E+00 2.000E+05 0.000E+00 0.000E+00 8.065E+05
 2.16178174E-01   6111.9 2.162E+04 1.295E+13 1.857E-01 1.192E+00 2.000E+05 0.000E+00 0.000E+00 8.088E+05
 2.55814976E-01   6147.8 2.558E+04 1.521E+13 2.137E-01 1.360E+00 2.000E+05 0.000E+00 0.000E+00 8.114E+05
 3.01512580E-01   6191.0 3.015E+04 1.809E+13 2.485E-01 1.570E+00 2.000E+05 0.000E+00 0.000E+00 8.141E+05
 3.53561686E-01   6244.1 3.536E+04 2.188E+13 2.930E-01 1.840E+00 2.000E+05 0.000E+00 0.000E+00 8.172E+05
 4.11971046E-01   6308.8 4.120E+04 2.696E+13 3.509E-01 2.192E+00 2.000E+05 0.000E+00 0.000E+00 8.208E+05
 4.76417420E-01   6387.9 4.764E+04 3.395E+13 4.280E-01 2.662E+00 2.000E+05 0.000E+00 0.000E+00 8.247E+05
 5.46119394E-01   6484.4 5.461E+04 4.385E+13 5.335E-01 3.306E+00 2.000E+05 0.000E+00 0.000E+00 8.291E+05
 6.19786523E-01   6601.8 6.198E+04 5.825E+13 6.817E-01 4.213E+00 2.000E+05 0.000E+00 0.000E+00 8.339E+05
 6.95575074E-01   6744.5 6.956E+04 7.988E+13 8.968E-01 5.533E+00 2.000E+05 0.000E+00 0.000E+00 8.390E+05
 7.71159709E-01   6917.0 7.711E+04 1.133E+14 1.219E+00 7.519E+00 2.000E+05 1.879E+02 0.000E+00 8.442E+05
 8.44049209E-01   7123.2 8.440E+04 1.661E+14 1.717E+00 1.061E+01 2.000E+05 2.911E+04 1.767E+03 8.491E+05
 9.11449234E-01   7374.4 9.114E+04 2.537E+14 2.537E+00 1.575E+01 2.000E+05 1.303E+06 9.139E+03 8.535E+05
 9.70895180E-01   7673.5 9.708E+04 4.010E+14 3.934E+00 2.466E+01 2.000E+05 2.888E+07 3.096E+04 8.571E+05
 1.01992108E+00   8052.7 1.020E+05 6.736E+14 6.642E+00 4.199E+01 2.000E+05 1.739E+08 8.206E+04 8.608E+05
 1.05667004E+00   8518.7 1.057E+05 1.182E+15 1.220E+01 7.387E+01 2.000E+05 1.000E+09 1.292E+05 8.670E+05
 1.08418354E+00   8944.7 1.084E+05 1.870E+15 2.066E+01 1.041E+02 2.000E+05 3.039E+09 2.257E+05 8.765E+05
 1.10767709E+00   9263.6 1.108E+05 2.563E+15 3.007E+01 1.113E+02 2.000E+05 5.674E+09 2.744E+05 8.867E+05
 1.13023336E+00   9523.2 1.130E+05 3.260E+15 4.017E+01 1.047E+02 2.000E+05 8.006E+09 2.999E+05 8.970E+05
 1.15337262E+00   9749.5 1.153E+05 3.978E+15 5.106E+01 9.371E+01 2.000E+05 9.787E+09 3.142E+05 9.074E+05
 1.17803631E+00   9957.1 1.178E+05 4.738E+15 6.301E+01 8.313E+01 2.000E+05 1.105E+10 3.216E+05 9.181E+05
 1.20498833E+00  10152.8 1.205E+05 5.551E+15 7.618E+01 7.426E+01 2.000E+05 1.191E+10 3.248E+05 9.291E+05
 1.23492553E+00  10342.7 1.235E+05 6.437E+15 9.091E+01 6.743E+01 2.000E+05 1.249E+10 3.258E+05 9.408E+05
 1.26856001E+00  10529.2 1.268E+05 7.407E+15 1.074E+02 6.197E+01 2.000E+05 1.290E+10 3.254E+05 9.530E+05
 1.30666358E+00  10715.9 1.306E+05 8.484E+15 1.260E+02 5.762E+01 2.000E+05 1.318E+10 3.248E+05 9.660E+05
 1.35008354E+00  10904.6 1.350E+05 9.688E+15 1.471E+02 5.371E+01 2.000E+05 1.341E+10 3.230E+05 9.800E+05
 1.39981531E+00  11095.6 1.399E+05 1.103E+16 1.709E+02 5.064E+01 2.000E+05 1.357E+10 3.224E+05 9.949E+05
 1.45700854E+00  11295.2 1.457E+05 1.258E+16 1.978E+02 4.750E+01 2.000E+05 1.370E+10 3.193E+05 1.011E+06
 1.52327525E+00  11495.2 1.523E+05 1.428E+16 2.267E+02 4.495E+01 2.000E+05 1.381E+10 3.193E+05 1.028E+06
 1.60020155E+00  11714.9 1.600E+05 1.632E+16 2.610E+02 4.241E+01 2.000E+05 1.388E+10 3.155E+05 1.048E+06
 1.68986469E+00  11925.9 1.689E+05 1.851E+16 2.969E+02 4.208E+01 2.000E+05 1.395E+10 3.151E+05 1.067E+06
PRADK 4.2467E+00
BEGIN                    ITERATION  15 COMPLETED
