TEFF   5750.  GRAVITY 1.50000 LTE 
TITLE  [-2.0a] N(He)/Ntot=0.0784 VTURB=2.0  L/H=1.25 ODFNEW                     
 OPACITY IFOP 1 1 1 1 1 1 1 1 1 1 1 1 1 0 1 0 0 0 0 0
 CONVECTION ON   1.25 TURBULENCE OFF  0.00  0.00  0.00  0.00
ABUNDANCE SCALE   0.01000 ABUNDANCE CHANGE 1 0.92130 2 0.07842
 ABUNDANCE CHANGE  3 -10.94  4 -10.64  5  -9.49  6  -3.52  7  -4.12  8  -2.81
 ABUNDANCE CHANGE  9  -7.48 10  -3.56 11  -5.71 12  -4.06 13  -5.57 14  -4.09
 ABUNDANCE CHANGE 15  -6.59 16  -4.31 17  -6.54 18  -5.24 19  -6.92 20  -5.28
 ABUNDANCE CHANGE 21  -8.87 22  -6.62 23  -8.04 24  -6.37 25  -6.65 26  -4.54
 ABUNDANCE CHANGE 27  -7.12 28  -5.79 29  -7.83 30  -7.44 31  -9.16 32  -8.63
 ABUNDANCE CHANGE 33  -9.67 34  -8.63 35  -9.41 36  -8.73 37  -9.44 38  -9.07
 ABUNDANCE CHANGE 39  -9.80 40  -9.44 41 -10.62 42 -10.12 43 -20.00 44 -10.20
 ABUNDANCE CHANGE 45 -10.92 46 -10.35 47 -11.10 48 -10.27 49 -10.38 50 -10.04
 ABUNDANCE CHANGE 51 -11.04 52  -9.80 53 -10.53 54  -9.87 55 -10.91 56  -9.91
 ABUNDANCE CHANGE 57 -10.87 58 -10.46 59 -11.33 60 -10.54 61 -20.00 62 -11.03
 ABUNDANCE CHANGE 63 -11.53 64 -10.92 65 -11.69 66 -10.90 67 -11.78 68 -11.11
 ABUNDANCE CHANGE 69 -12.04 70 -10.96 71 -11.98 72 -11.16 73 -12.17 74 -10.93
 ABUNDANCE CHANGE 75 -11.76 76 -10.59 77 -10.69 78 -10.24 79 -11.03 80 -10.91
 ABUNDANCE CHANGE 81 -11.14 82 -10.09 83 -11.33 84 -20.00 85 -20.00 86 -20.00
 ABUNDANCE CHANGE 87 -20.00 88 -20.00 89 -20.00 90 -11.95 91 -20.00 92 -12.54
 ABUNDANCE CHANGE 93 -20.00 94 -20.00 95 -20.00 96 -20.00 97 -20.00 98 -20.00
 ABUNDANCE CHANGE 99 -20.00
READ DECK6 72 RHOX,T,P,XNE,ABROSS,ACCRAD,VTURB, FLXCNV,VCONV,VELSND
 2.01409539E-03   3842.2 6.369E-02 9.781E+06 6.621E-05 2.091E-03 2.000E+05 0.000E+00 0.000E+00 3.931E+06
 2.69814669E-03   3855.7 8.532E-02 1.219E+07 6.383E-05 2.069E-03 2.000E+05 0.000E+00 0.000E+00 3.423E+06
 3.64503383E-03   3869.3 1.153E-01 1.525E+07 6.144E-05 2.044E-03 2.000E+05 0.000E+00 0.000E+00 2.973E+06
 4.95373854E-03   3884.2 1.566E-01 1.927E+07 5.942E-05 2.021E-03 2.000E+05 0.000E+00 0.000E+00 2.581E+06
 6.75581782E-03   3900.3 2.136E-01 2.452E+07 5.777E-05 1.999E-03 2.000E+05 0.000E+00 0.000E+00 2.243E+06
 9.22091457E-03   3917.5 2.916E-01 3.138E+07 5.646E-05 1.979E-03 2.000E+05 0.000E+00 0.000E+00 1.956E+06
 1.25729277E-02   3935.8 3.976E-01 4.032E+07 5.554E-05 1.960E-03 2.000E+05 0.000E+00 0.000E+00 1.715E+06
 1.71013733E-02   3955.0 5.408E-01 5.193E+07 5.500E-05 1.943E-03 2.000E+05 0.000E+00 0.000E+00 1.513E+06
 2.31778774E-02   3974.9 7.329E-01 6.697E+07 5.484E-05 1.928E-03 2.000E+05 0.000E+00 0.000E+00 1.348E+06
 3.12740572E-02   3995.6 9.889E-01 8.639E+07 5.509E-05 1.916E-03 2.000E+05 0.000E+00 0.000E+00 1.212E+06
 4.19717945E-02   4017.3 1.327E+00 1.115E+08 5.585E-05 1.909E-03 2.000E+05 0.000E+00 0.000E+00 1.102E+06
 5.59688905E-02   4040.0 1.770E+00 1.441E+08 5.721E-05 1.904E-03 2.000E+05 0.000E+00 0.000E+00 1.014E+06
 7.40806241E-02   4064.0 2.343E+00 1.864E+08 5.930E-05 1.901E-03 2.000E+05 0.000E+00 0.000E+00 9.442E+05
 9.72295076E-02   4089.4 3.075E+00 2.413E+08 6.225E-05 1.899E-03 2.000E+05 0.000E+00 0.000E+00 8.895E+05
 1.26437316E-01   4116.0 3.998E+00 3.123E+08 6.620E-05 1.900E-03 2.000E+05 0.000E+00 0.000E+00 8.472E+05
 1.62823759E-01   4143.9 5.149E+00 4.036E+08 7.128E-05 1.901E-03 2.000E+05 0.000E+00 0.000E+00 8.145E+05
 2.07618000E-01   4172.5 6.565E+00 5.200E+08 7.763E-05 1.902E-03 2.000E+05 0.000E+00 0.000E+00 7.896E+05
 2.62188695E-01   4201.7 8.291E+00 6.671E+08 8.537E-05 1.905E-03 2.000E+05 0.000E+00 0.000E+00 7.706E+05
 3.28067403E-01   4231.1 1.037E+01 8.511E+08 9.467E-05 1.910E-03 2.000E+05 0.000E+00 0.000E+00 7.561E+05
 4.07004448E-01   4260.4 1.287E+01 1.079E+09 1.057E-04 1.919E-03 2.000E+05 0.000E+00 0.000E+00 7.452E+05
 5.01016110E-01   4289.6 1.584E+01 1.359E+09 1.187E-04 1.931E-03 2.000E+05 0.000E+00 0.000E+00 7.369E+05
 6.12423254E-01   4318.4 1.937E+01 1.700E+09 1.338E-04 1.947E-03 2.000E+05 0.000E+00 0.000E+00 7.307E+05
 7.43932829E-01   4346.8 2.352E+01 2.113E+09 1.514E-04 1.966E-03 2.000E+05 0.000E+00 0.000E+00 7.261E+05
 8.98715107E-01   4374.6 2.842E+01 2.610E+09 1.717E-04 1.994E-03 2.000E+05 0.000E+00 0.000E+00 7.228E+05
 1.08055542E+00   4401.6 3.417E+01 3.199E+09 1.950E-04 2.034E-03 2.000E+05 0.000E+00 0.000E+00 7.204E+05
 1.29381039E+00   4428.2 4.091E+01 3.902E+09 2.220E-04 2.084E-03 2.000E+05 0.000E+00 0.000E+00 7.187E+05
 1.54341616E+00   4454.4 4.880E+01 4.738E+09 2.531E-04 2.141E-03 2.000E+05 0.000E+00 0.000E+00 7.177E+05
 1.83520471E+00   4480.2 5.803E+01 5.727E+09 2.889E-04 2.206E-03 2.000E+05 0.000E+00 0.000E+00 7.171E+05
 2.17609794E+00   4505.6 6.881E+01 6.891E+09 3.298E-04 2.282E-03 2.000E+05 0.000E+00 0.000E+00 7.170E+05
 2.57423893E+00   4530.4 8.140E+01 8.259E+09 3.766E-04 2.368E-03 2.000E+05 0.000E+00 0.000E+00 7.171E+05
 3.03927337E+00   4554.7 9.610E+01 9.859E+09 4.299E-04 2.466E-03 2.000E+05 0.000E+00 0.000E+00 7.175E+05
 3.58222597E+00   4579.1 1.133E+02 1.175E+10 4.912E-04 2.575E-03 2.000E+05 0.000E+00 0.000E+00 7.181E+05
 4.21559440E+00   4603.7 1.333E+02 1.399E+10 5.616E-04 2.686E-03 2.000E+05 0.000E+00 0.000E+00 7.189E+05
 4.95573643E+00   4626.6 1.567E+02 1.653E+10 6.394E-04 2.811E-03 2.000E+05 0.000E+00 0.000E+00 7.198E+05
 5.82462297E+00   4647.8 1.842E+02 1.939E+10 7.249E-04 2.953E-03 2.000E+05 0.000E+00 0.000E+00 7.207E+05
 6.84784102E+00   4667.8 2.165E+02 2.263E+10 8.200E-04 3.117E-03 2.000E+05 0.000E+00 0.000E+00 7.216E+05
 8.05586466E+00   4686.6 2.547E+02 2.630E+10 9.252E-04 3.305E-03 2.000E+05 0.000E+00 0.000E+00 7.225E+05
 9.48388715E+00   4704.9 2.999E+02 3.050E+10 1.044E-03 3.523E-03 2.000E+05 0.000E+00 0.000E+00 7.235E+05
 1.11724335E+01   4722.8 3.533E+02 3.531E+10 1.177E-03 3.777E-03 2.000E+05 0.000E+00 0.000E+00 7.245E+05
 1.31661458E+01   4741.3 4.163E+02 4.097E+10 1.331E-03 4.079E-03 2.000E+05 0.000E+00 0.000E+00 7.256E+05
 1.55133549E+01   4760.8 4.905E+02 4.765E+10 1.510E-03 4.435E-03 2.000E+05 0.000E+00 0.000E+00 7.268E+05
 1.82646017E+01   4782.2 5.775E+02 5.575E+10 1.723E-03 4.865E-03 2.000E+05 0.000E+00 0.000E+00 7.282E+05
 2.14679032E+01   4806.3 6.788E+02 6.574E+10 1.982E-03 5.398E-03 2.000E+05 0.000E+00 0.000E+00 7.299E+05
 2.51640815E+01   4834.5 7.957E+02 7.840E+10 2.302E-03 6.064E-03 2.000E+05 0.000E+00 0.000E+00 7.318E+05
 2.93808544E+01   4867.9 9.290E+02 9.485E+10 2.708E-03 6.910E-03 2.000E+05 0.000E+00 0.000E+00 7.340E+05
 3.41262128E+01   4907.9 1.079E+03 1.168E+11 3.233E-03 8.007E-03 2.000E+05 0.000E+00 0.000E+00 7.367E+05
 3.93793873E+01   4956.1 1.245E+03 1.469E+11 3.931E-03 9.464E-03 2.000E+05 0.000E+00 0.000E+00 7.399E+05
 4.50845835E+01   5014.3 1.425E+03 1.892E+11 4.876E-03 1.143E-02 2.000E+05 0.000E+00 0.000E+00 7.438E+05
 5.11446242E+01   5084.7 1.617E+03 2.510E+11 6.197E-03 1.418E-02 2.000E+05 0.000E+00 0.000E+00 7.483E+05
 5.74198883E+01   5169.6 1.815E+03 3.439E+11 8.089E-03 1.811E-02 2.000E+05 0.000E+00 0.000E+00 7.535E+05
 6.37363314E+01   5271.7 2.015E+03 4.884E+11 1.088E-02 2.387E-02 2.000E+05 0.000E+00 0.000E+00 7.594E+05
 6.98972168E+01   5393.8 2.210E+03 7.207E+11 1.512E-02 3.260E-02 2.000E+05 2.925E-05 0.000E+00 7.658E+05
 7.57014576E+01   5539.4 2.393E+03 1.107E+12 2.181E-02 4.630E-02 2.000E+05 6.333E-02 2.991E+01 7.726E+05
 8.09700177E+01   5711.5 2.559E+03 1.770E+12 3.265E-02 6.845E-02 2.000E+05 2.893E+00 3.788E+02 7.791E+05
 8.55663254E+01   5914.1 2.704E+03 2.944E+12 5.096E-02 1.060E-01 2.000E+05 9.347E+01 1.307E+03 7.844E+05
 8.94103366E+01   6150.2 2.825E+03 5.065E+12 8.303E-02 1.721E-01 2.000E+05 3.241E+03 4.043E+03 7.877E+05
 9.24682707E+01   6428.4 2.921E+03 9.062E+12 1.431E-01 2.973E-01 2.000E+05 1.425E+05 1.280E+04 7.882E+05
 9.47694770E+01   6750.2 2.993E+03 1.663E+13 2.608E-01 5.476E-01 2.000E+05 4.174E+06 4.339E+04 7.870E+05
 9.63607382E+01   7144.4 3.042E+03 3.223E+13 5.286E-01 1.126E+00 2.000E+05 4.948E+07 1.247E+05 7.873E+05
 9.73422972E+01   7606.5 3.072E+03 6.360E+13 1.178E+00 2.312E+00 2.000E+05 5.219E+08 2.549E+05 7.954E+05
 9.79710167E+01   7995.4 3.090E+03 1.051E+14 2.255E+00 3.125E+00 2.000E+05 1.676E+09 5.292E+05 8.101E+05
 9.84685859E+01   8252.9 3.104E+03 1.421E+14 3.411E+00 2.818E+00 2.000E+05 2.878E+09 6.222E+05 8.239E+05
 9.89398627E+01   8439.7 3.118E+03 1.743E+14 4.554E+00 2.355E+00 2.000E+05 3.629E+09 6.512E+05 8.361E+05
 9.94231455E+01   8600.6 3.132E+03 2.058E+14 5.797E+00 2.046E+00 2.000E+05 4.069E+09 6.727E+05 8.479E+05
 9.99377915E+01   8746.3 3.147E+03 2.374E+14 7.158E+00 1.795E+00 2.000E+05 4.329E+09 6.788E+05 8.597E+05
 1.00501072E+02   8881.5 3.164E+03 2.694E+14 8.631E+00 1.624E+00 2.000E+05 4.487E+09 6.861E+05 8.717E+05
 1.01126517E+02   9016.5 3.183E+03 3.039E+14 1.033E+01 1.490E+00 2.000E+05 4.595E+09 6.889E+05 8.847E+05
 1.01828771E+02   9146.1 3.204E+03 3.392E+14 1.219E+01 1.381E+00 2.000E+05 4.671E+09 6.941E+05 8.980E+05
 1.02621863E+02   9282.9 3.228E+03 3.787E+14 1.441E+01 1.303E+00 2.000E+05 4.726E+09 6.973E+05 9.131E+05
 1.03524088E+02   9416.6 3.255E+03 4.193E+14 1.678E+01 1.226E+00 2.000E+05 4.764E+09 7.025E+05 9.287E+05
 1.04555149E+02   9563.8 3.287E+03 4.658E+14 1.962E+01 1.176E+00 2.000E+05 4.793E+09 7.066E+05 9.470E+05
 1.05739548E+02   9708.8 3.323E+03 5.132E+14 2.264E+01 1.187E+00 2.000E+05 4.806E+09 7.144E+05 9.662E+05
PRADK 1.4615E+00
BEGIN                    ITERATION  15 COMPLETED
