TEFF   8750.  GRAVITY 4.50000 LTE 
TITLE  [-2.0a] N(He)/Ntot=0.0784 VTURB=2.0  L/H=1.25 ODFNEW                     
 OPACITY IFOP 1 1 1 1 1 1 1 1 1 1 1 1 1 0 1 0 0 0 0 0
 CONVECTION ON   1.25 TURBULENCE OFF  0.00  0.00  0.00  0.00
ABUNDANCE SCALE   0.01000 ABUNDANCE CHANGE 1 0.92130 2 0.07842
 ABUNDANCE CHANGE  3 -10.94  4 -10.64  5  -9.49  6  -3.52  7  -4.12  8  -2.81
 ABUNDANCE CHANGE  9  -7.48 10  -3.56 11  -5.71 12  -4.06 13  -5.57 14  -4.09
 ABUNDANCE CHANGE 15  -6.59 16  -4.31 17  -6.54 18  -5.24 19  -6.92 20  -5.28
 ABUNDANCE CHANGE 21  -8.87 22  -6.62 23  -8.04 24  -6.37 25  -6.65 26  -4.54
 ABUNDANCE CHANGE 27  -7.12 28  -5.79 29  -7.83 30  -7.44 31  -9.16 32  -8.63
 ABUNDANCE CHANGE 33  -9.67 34  -8.63 35  -9.41 36  -8.73 37  -9.44 38  -9.07
 ABUNDANCE CHANGE 39  -9.80 40  -9.44 41 -10.62 42 -10.12 43 -20.00 44 -10.20
 ABUNDANCE CHANGE 45 -10.92 46 -10.35 47 -11.10 48 -10.27 49 -10.38 50 -10.04
 ABUNDANCE CHANGE 51 -11.04 52  -9.80 53 -10.53 54  -9.87 55 -10.91 56  -9.91
 ABUNDANCE CHANGE 57 -10.87 58 -10.46 59 -11.33 60 -10.54 61 -20.00 62 -11.03
 ABUNDANCE CHANGE 63 -11.53 64 -10.92 65 -11.69 66 -10.90 67 -11.78 68 -11.11
 ABUNDANCE CHANGE 69 -12.04 70 -10.96 71 -11.98 72 -11.16 73 -12.17 74 -10.93
 ABUNDANCE CHANGE 75 -11.76 76 -10.59 77 -10.69 78 -10.24 79 -11.03 80 -10.91
 ABUNDANCE CHANGE 81 -11.14 82 -10.09 83 -11.33 84 -20.00 85 -20.00 86 -20.00
 ABUNDANCE CHANGE 87 -20.00 88 -20.00 89 -20.00 90 -11.95 91 -20.00 92 -12.54
 ABUNDANCE CHANGE 93 -20.00 94 -20.00 95 -20.00 96 -20.00 97 -20.00 98 -20.00
 ABUNDANCE CHANGE 99 -20.00
READ DECK6 72 RHOX,T,P,XNE,ABROSS,ACCRAD,VTURB, FLXCNV,VCONV,VELSND
 1.24408192E-06   6043.5 3.956E-02 1.087E+10 1.064E-01 1.796E+00 2.000E+05 0.000E+00 0.000E+00 4.611E+06
 1.68483034E-06   6043.5 5.359E-02 1.322E+10 9.424E-02 1.676E+00 2.000E+05 0.000E+00 0.000E+00 3.959E+06
 2.35229505E-06   6043.5 7.483E-02 1.631E+10 8.225E-02 1.561E+00 2.000E+05 0.000E+00 0.000E+00 3.365E+06
 3.38167957E-06   6043.5 1.075E-01 2.032E+10 7.091E-02 1.453E+00 2.000E+05 0.000E+00 0.000E+00 2.841E+06
 4.99396733E-06   6044.4 1.586E-01 2.560E+10 6.059E-02 1.357E+00 2.000E+05 0.000E+00 0.000E+00 2.389E+06
 7.50945170E-06   6048.4 2.382E-01 3.258E+10 5.184E-02 1.278E+00 2.000E+05 0.000E+00 0.000E+00 2.016E+06
 1.14220409E-05   6055.6 3.621E-01 4.179E+10 4.465E-02 1.217E+00 2.000E+05 0.000E+00 0.000E+00 1.713E+06
 1.74312479E-05   6068.0 5.522E-01 5.403E+10 3.909E-02 1.174E+00 2.000E+05 0.000E+00 0.000E+00 1.475E+06
 2.65036000E-05   6084.1 8.392E-01 7.000E+10 3.484E-02 1.146E+00 2.000E+05 0.000E+00 0.000E+00 1.289E+06
 3.99012891E-05   6104.4 1.263E+00 9.077E+10 3.178E-02 1.132E+00 2.000E+05 0.000E+00 0.000E+00 1.148E+06
 5.95143810E-05   6118.5 1.883E+00 1.154E+11 2.894E-02 1.117E+00 2.000E+05 0.000E+00 0.000E+00 1.041E+06
 8.78785202E-05   6136.5 2.780E+00 1.470E+11 2.705E-02 1.114E+00 2.000E+05 0.000E+00 0.000E+00 9.597E+05
 1.27765554E-04   6158.0 4.042E+00 1.867E+11 2.599E-02 1.122E+00 2.000E+05 0.000E+00 0.000E+00 8.993E+05
 1.82455436E-04   6181.4 5.771E+00 2.356E+11 2.558E-02 1.136E+00 2.000E+05 0.000E+00 0.000E+00 8.548E+05
 2.55328602E-04   6209.7 8.075E+00 2.968E+11 2.598E-02 1.161E+00 2.000E+05 0.000E+00 0.000E+00 8.222E+05
 3.49969223E-04   6239.6 1.107E+01 3.708E+11 2.694E-02 1.193E+00 2.000E+05 0.000E+00 0.000E+00 7.986E+05
 4.70153449E-04   6272.7 1.487E+01 4.611E+11 2.859E-02 1.235E+00 2.000E+05 0.000E+00 0.000E+00 7.816E+05
 6.19952495E-04   6307.1 1.961E+01 5.688E+11 3.081E-02 1.283E+00 2.000E+05 0.000E+00 0.000E+00 7.694E+05
 8.03918890E-04   6343.2 2.542E+01 6.975E+11 3.367E-02 1.340E+00 2.000E+05 0.000E+00 0.000E+00 7.607E+05
 1.02729867E-03   6380.1 3.249E+01 8.495E+11 3.714E-02 1.405E+00 2.000E+05 0.000E+00 0.000E+00 7.547E+05
 1.29610278E-03   6418.1 4.099E+01 1.029E+12 4.133E-02 1.478E+00 2.000E+05 0.000E+00 0.000E+00 7.506E+05
 1.61738203E-03   6456.3 5.114E+01 1.239E+12 4.620E-02 1.559E+00 2.000E+05 0.000E+00 0.000E+00 7.479E+05
 1.99976391E-03   6494.9 6.324E+01 1.485E+12 5.186E-02 1.648E+00 2.000E+05 0.000E+00 0.000E+00 7.463E+05
 2.45369478E-03   6532.8 7.759E+01 1.769E+12 5.828E-02 1.742E+00 2.000E+05 0.000E+00 0.000E+00 7.456E+05
 2.99241813E-03   6569.8 9.462E+01 2.094E+12 6.546E-02 1.843E+00 2.000E+05 0.000E+00 0.000E+00 7.455E+05
 3.63256148E-03   6605.1 1.149E+02 2.465E+12 7.339E-02 1.948E+00 2.000E+05 0.000E+00 0.000E+00 7.458E+05
 4.39471370E-03   6638.8 1.390E+02 2.887E+12 8.211E-02 2.059E+00 2.000E+05 0.000E+00 0.000E+00 7.466E+05
 5.30580841E-03   6669.2 1.678E+02 3.355E+12 9.133E-02 2.173E+00 2.000E+05 0.000E+00 0.000E+00 7.477E+05
 6.40066503E-03   6696.8 2.024E+02 3.876E+12 1.011E-01 2.295E+00 2.000E+05 0.000E+00 0.000E+00 7.490E+05
 7.72131350E-03   6722.3 2.442E+02 4.459E+12 1.117E-01 2.427E+00 2.000E+05 0.000E+00 0.000E+00 7.505E+05
 9.31697615E-03   6746.8 2.946E+02 5.121E+12 1.233E-01 2.572E+00 2.000E+05 0.000E+00 0.000E+00 7.523E+05
 1.12420741E-02   6772.1 3.555E+02 5.887E+12 1.365E-01 2.738E+00 2.000E+05 0.000E+00 0.000E+00 7.543E+05
 1.35568288E-02   6798.7 4.287E+02 6.778E+12 1.516E-01 2.924E+00 2.000E+05 0.000E+00 0.000E+00 7.565E+05
 1.63309659E-02   6826.5 5.164E+02 7.812E+12 1.689E-01 3.133E+00 2.000E+05 0.000E+00 0.000E+00 7.588E+05
 1.96467443E-02   6855.4 6.212E+02 9.011E+12 1.887E-01 3.365E+00 2.000E+05 0.000E+00 0.000E+00 7.613E+05
 2.36026453E-02   6884.9 7.463E+02 1.039E+13 2.110E-01 3.623E+00 2.000E+05 0.000E+00 0.000E+00 7.639E+05
 2.83176528E-02   6914.9 8.954E+02 1.198E+13 2.361E-01 3.911E+00 2.000E+05 0.000E+00 0.000E+00 7.666E+05
 3.39344675E-02   6945.3 1.073E+03 1.381E+13 2.644E-01 4.236E+00 2.000E+05 0.000E+00 0.000E+00 7.694E+05
 4.06168124E-02   6976.9 1.284E+03 1.594E+13 2.967E-01 4.609E+00 2.000E+05 0.000E+00 0.000E+00 7.723E+05
 4.85550404E-02   7009.5 1.535E+03 1.840E+13 3.333E-01 5.040E+00 2.000E+05 0.000E+00 0.000E+00 7.753E+05
 5.79571243E-02   7044.9 1.833E+03 2.130E+13 3.761E-01 5.550E+00 2.000E+05 0.000E+00 0.000E+00 7.783E+05
 6.90360798E-02   7084.0 2.183E+03 2.478E+13 4.268E-01 6.162E+00 2.000E+05 0.000E+00 0.000E+00 7.814E+05
 8.19947640E-02   7129.5 2.593E+03 2.904E+13 4.891E-01 6.919E+00 2.000E+05 0.000E+00 0.000E+00 7.846E+05
 9.70067328E-02   7181.5 3.067E+03 3.429E+13 5.656E-01 7.856E+00 2.000E+05 0.000E+00 0.000E+00 7.877E+05
 1.14204003E-01   7242.9 3.611E+03 4.092E+13 6.629E-01 9.056E+00 2.000E+05 0.000E+00 0.000E+00 7.910E+05
 1.33633787E-01   7314.8 4.225E+03 4.937E+13 7.880E-01 1.061E+01 2.000E+05 0.000E+00 0.000E+00 7.943E+05
 1.55242302E-01   7399.9 4.908E+03 6.036E+13 9.533E-01 1.267E+01 2.000E+05 0.000E+00 0.000E+00 7.976E+05
 1.78816908E-01   7500.9 5.653E+03 7.496E+13 1.178E+00 1.549E+01 2.000E+05 0.000E+00 0.000E+00 8.013E+05
 2.03944175E-01   7621.9 6.447E+03 9.483E+13 1.493E+00 1.945E+01 2.000E+05 8.247E-03 0.000E+00 8.052E+05
 2.29974552E-01   7767.6 7.270E+03 1.225E+14 1.952E+00 2.519E+01 2.000E+05 1.605E+00 1.163E+02 8.098E+05
 2.56082630E-01   7940.8 8.095E+03 1.616E+14 2.641E+00 3.376E+01 2.000E+05 2.648E+01 6.386E+02 8.155E+05
 2.81317457E-01   8147.6 8.892E+03 2.181E+14 3.719E+00 4.712E+01 2.000E+05 3.972E+02 1.487E+03 8.230E+05
 3.04706201E-01   8394.1 9.630E+03 3.011E+14 5.468E+00 6.841E+01 2.000E+05 8.819E+03 3.498E+03 8.334E+05
 3.25443327E-01   8684.9 1.028E+04 4.236E+14 8.405E+00 1.038E+02 2.000E+05 2.842E+05 9.559E+03 8.480E+05
 3.43076424E-01   9026.6 1.084E+04 6.050E+14 1.342E+01 1.629E+02 2.000E+05 8.194E+06 2.964E+04 8.691E+05
 3.57614441E-01   9420.9 1.130E+04 8.665E+14 2.193E+01 2.617E+02 2.000E+05 7.019E+07 8.870E+04 8.989E+05
 3.69408575E-01   9882.6 1.167E+04 1.238E+15 3.604E+01 4.217E+02 2.000E+05 3.367E+08 1.702E+05 9.422E+05
 3.79080856E-01  10406.5 1.197E+04 1.715E+15 5.667E+01 6.231E+02 2.000E+05 1.352E+09 2.761E+05 1.003E+06
 3.87881547E-01  10903.4 1.224E+04 2.179E+15 7.810E+01 7.699E+02 2.000E+05 3.176E+09 4.504E+05 1.070E+06
 3.96927205E-01  11407.2 1.252E+04 2.599E+15 9.578E+01 8.656E+02 2.000E+05 4.307E+09 5.341E+05 1.145E+06
 4.07376840E-01  11949.2 1.284E+04 2.949E+15 1.040E+02 9.955E+02 2.000E+05 3.269E+09 5.223E+05 1.225E+06
 4.21273970E-01  12754.2 1.326E+04 3.233E+15 9.710E+01 1.047E+03 2.000E+05 1.154E+09 2.646E+05 1.337E+06
 4.42811130E-01  13628.8 1.392E+04 3.372E+15 7.707E+01 8.631E+02 2.000E+05 9.630E+07 8.836E+04 1.448E+06
 4.81010078E-01  14674.4 1.510E+04 3.495E+15 5.607E+01 6.321E+02 2.000E+05 2.374E+06 1.532E+04 1.572E+06
 5.48906766E-01  15686.7 1.721E+04 3.771E+15 4.376E+01 4.848E+02 2.000E+05 9.180E+03 4.506E+03 1.655E+06
 6.62594255E-01  16878.2 2.076E+04 4.271E+15 3.570E+01 3.974E+02 2.000E+05 4.136E+02 2.904E+03 1.700E+06
 8.37473083E-01  18057.1 2.622E+04 5.098E+15 3.256E+01 3.576E+02 2.000E+05 2.196E+02 2.665E+03 1.751E+06
 1.08905738E+00  19423.7 3.409E+04 6.232E+15 3.063E+01 3.382E+02 2.000E+05 1.019E+02 1.656E+03 1.847E+06
 1.43617814E+00  20809.7 4.495E+04 7.728E+15 3.017E+01 3.306E+02 2.000E+05 1.759E+01 0.000E+00 1.971E+06
 1.90611268E+00  22378.5 5.966E+04 9.578E+15 2.975E+01 3.272E+02 2.000E+05 0.000E+00 0.000E+00 2.116E+06
 2.53189951E+00  24009.2 7.924E+04 1.188E+16 3.021E+01 3.297E+02 2.000E+05 0.000E+00 0.000E+00 2.246E+06
 3.34949320E+00  25795.8 1.048E+05 1.465E+16 3.097E+01 3.234E+02 2.000E+05 0.000E+00 0.000E+00 2.361E+06
PRADK 7.8720E+00
BEGIN                    ITERATION  15 COMPLETED
