TEFF   7500.  GRAVITY 2.00000 LTE 
TITLE  [-2.0a] N(He)/Ntot=0.0784 VTURB=2.0  L/H=1.25 ODFNEW                     
 OPACITY IFOP 1 1 1 1 1 1 1 1 1 1 1 1 1 0 1 0 0 0 0 0
 CONVECTION ON   1.25 TURBULENCE OFF  0.00  0.00  0.00  0.00
ABUNDANCE SCALE   0.01000 ABUNDANCE CHANGE 1 0.92130 2 0.07842
 ABUNDANCE CHANGE  3 -10.94  4 -10.64  5  -9.49  6  -3.52  7  -4.12  8  -2.81
 ABUNDANCE CHANGE  9  -7.48 10  -3.56 11  -5.71 12  -4.06 13  -5.57 14  -4.09
 ABUNDANCE CHANGE 15  -6.59 16  -4.31 17  -6.54 18  -5.24 19  -6.92 20  -5.28
 ABUNDANCE CHANGE 21  -8.87 22  -6.62 23  -8.04 24  -6.37 25  -6.65 26  -4.54
 ABUNDANCE CHANGE 27  -7.12 28  -5.79 29  -7.83 30  -7.44 31  -9.16 32  -8.63
 ABUNDANCE CHANGE 33  -9.67 34  -8.63 35  -9.41 36  -8.73 37  -9.44 38  -9.07
 ABUNDANCE CHANGE 39  -9.80 40  -9.44 41 -10.62 42 -10.12 43 -20.00 44 -10.20
 ABUNDANCE CHANGE 45 -10.92 46 -10.35 47 -11.10 48 -10.27 49 -10.38 50 -10.04
 ABUNDANCE CHANGE 51 -11.04 52  -9.80 53 -10.53 54  -9.87 55 -10.91 56  -9.91
 ABUNDANCE CHANGE 57 -10.87 58 -10.46 59 -11.33 60 -10.54 61 -20.00 62 -11.03
 ABUNDANCE CHANGE 63 -11.53 64 -10.92 65 -11.69 66 -10.90 67 -11.78 68 -11.11
 ABUNDANCE CHANGE 69 -12.04 70 -10.96 71 -11.98 72 -11.16 73 -12.17 74 -10.93
 ABUNDANCE CHANGE 75 -11.76 76 -10.59 77 -10.69 78 -10.24 79 -11.03 80 -10.91
 ABUNDANCE CHANGE 81 -11.14 82 -10.09 83 -11.33 84 -20.00 85 -20.00 86 -20.00
 ABUNDANCE CHANGE 87 -20.00 88 -20.00 89 -20.00 90 -11.95 91 -20.00 92 -12.54
 ABUNDANCE CHANGE 93 -20.00 94 -20.00 95 -20.00 96 -20.00 97 -20.00 98 -20.00
 ABUNDANCE CHANGE 99 -20.00
READ DECK6 72 RHOX,T,P,XNE,ABROSS,ACCRAD,VTURB, FLXCNV,VCONV,VELSND
 6.55481990E-06   4792.6 6.543E-04 5.675E+07 2.035E-02 1.695E-01 2.000E+05 0.000E+00 0.000E+00 2.226E+07
 8.89746820E-06   4793.8 8.882E-04 6.697E+07 1.763E-02 1.536E-01 2.000E+05 0.000E+00 0.000E+00 1.971E+07
 1.25299410E-05   4795.3 1.251E-03 8.057E+07 1.503E-02 1.384E-01 2.000E+05 0.000E+00 0.000E+00 1.724E+07
 1.82389349E-05   4798.1 1.821E-03 9.893E+07 1.268E-02 1.247E-01 2.000E+05 0.000E+00 3.192E+07 1.492E+07
 2.73662747E-05   4802.7 2.733E-03 1.240E+08 1.062E-02 1.128E-01 2.000E+05 0.000E+00 2.454E+07 1.280E+07
 4.19201177E-05   4809.4 4.186E-03 1.579E+08 8.875E-03 1.027E-01 2.000E+05 0.000E+00 1.820E+07 1.091E+07
 6.50779391E-05   4819.1 6.500E-03 2.044E+08 7.460E-03 9.452E-02 2.000E+05 0.000E+00 1.328E+07 9.261E+06
 1.01624573E-04   4832.2 1.015E-02 2.682E+08 6.339E-03 8.801E-02 2.000E+05 0.000E+00 9.478E+06 7.841E+06
 1.58523491E-04   4849.5 1.584E-02 3.563E+08 5.473E-03 8.289E-02 2.000E+05 0.000E+00 6.709E+06 6.630E+06
 2.45487970E-04   4871.4 2.452E-02 4.786E+08 4.823E-03 7.889E-02 2.000E+05 0.000E+00 4.729E+06 5.605E+06
 3.75477835E-04   4898.2 3.751E-02 6.487E+08 4.352E-03 7.574E-02 2.000E+05 0.000E+00 3.310E+06 4.744E+06
 5.65266564E-04   4929.6 5.648E-02 8.844E+08 4.019E-03 7.317E-02 2.000E+05 0.000E+00 2.296E+06 4.027E+06
 8.36054185E-04   4965.3 8.354E-02 1.210E+09 3.796E-03 7.101E-02 2.000E+05 0.000E+00 1.571E+06 3.432E+06
 1.21450349E-03   5004.1 1.214E-01 1.654E+09 3.654E-03 6.912E-02 2.000E+05 0.000E+00 1.044E+06 2.942E+06
 1.73462720E-03   5045.1 1.733E-01 2.252E+09 3.569E-03 6.744E-02 2.000E+05 0.000E+00 6.601E+05 2.539E+06
 2.44057380E-03   5087.1 2.439E-01 3.046E+09 3.523E-03 6.594E-02 2.000E+05 0.000E+00 1.060E+05 2.207E+06
 3.39031614E-03   5129.3 3.388E-01 4.089E+09 3.504E-03 6.462E-02 2.000E+05 0.000E+00 3.839E+04 1.935E+06
 4.65954234E-03   5171.5 4.656E-01 5.448E+09 3.507E-03 6.353E-02 2.000E+05 0.000E+00 7.159E+03 1.710E+06
 6.34649182E-03   5213.4 6.342E-01 7.202E+09 3.527E-03 6.264E-02 2.000E+05 0.000E+00 0.000E+00 1.524E+06
 8.57747259E-03   5254.8 8.572E-01 9.455E+09 3.565E-03 6.197E-02 2.000E+05 0.000E+00 0.000E+00 1.371E+06
 1.15132556E-02   5295.7 1.151E+00 1.233E+10 3.621E-03 6.154E-02 2.000E+05 0.000E+00 0.000E+00 1.245E+06
 1.53565862E-02   5335.9 1.535E+00 1.596E+10 3.698E-03 6.143E-02 2.000E+05 0.000E+00 0.000E+00 1.141E+06
 2.03590276E-02   5375.6 2.035E+00 2.054E+10 3.801E-03 6.168E-02 2.000E+05 0.000E+00 0.000E+00 1.057E+06
 2.68218442E-02   5415.3 2.680E+00 2.630E+10 3.941E-03 6.241E-02 2.000E+05 0.000E+00 0.000E+00 9.878E+05
 3.50880192E-02   5455.7 3.507E+00 3.358E+10 4.132E-03 6.367E-02 2.000E+05 0.000E+00 0.000E+00 9.320E+05
 4.55212240E-02   5498.0 4.549E+00 4.284E+10 4.398E-03 6.551E-02 2.000E+05 0.000E+00 0.000E+00 8.871E+05
 5.84926223E-02   5542.2 5.845E+00 5.455E+10 4.751E-03 6.790E-02 2.000E+05 0.000E+00 0.000E+00 8.514E+05
 7.43786501E-02   5588.4 7.433E+00 6.934E+10 5.208E-03 7.082E-02 2.000E+05 0.000E+00 0.000E+00 8.231E+05
 9.35986976E-02   5635.2 9.354E+00 8.765E+10 5.767E-03 7.417E-02 2.000E+05 0.000E+00 0.000E+00 8.011E+05
 1.16664477E-01   5681.6 1.166E+01 1.099E+11 6.424E-03 7.789E-02 2.000E+05 0.000E+00 0.000E+00 7.842E+05
 1.44263932E-01   5725.4 1.442E+01 1.362E+11 7.156E-03 8.186E-02 2.000E+05 0.000E+00 0.000E+00 7.714E+05
 1.77360266E-01   5765.6 1.772E+01 1.665E+11 7.942E-03 8.609E-02 2.000E+05 0.000E+00 0.000E+00 7.617E+05
 2.17238851E-01   5801.6 2.171E+01 2.009E+11 8.768E-03 9.065E-02 2.000E+05 0.000E+00 0.000E+00 7.546E+05
 2.65466378E-01   5834.7 2.653E+01 2.403E+11 9.661E-03 9.570E-02 2.000E+05 0.000E+00 0.000E+00 7.493E+05
 3.23839779E-01   5865.8 3.236E+01 2.856E+11 1.065E-02 1.014E-01 2.000E+05 0.000E+00 0.000E+00 7.455E+05
 3.94460578E-01   5895.4 3.941E+01 3.377E+11 1.174E-02 1.078E-01 2.000E+05 0.000E+00 0.000E+00 7.429E+05
 4.79695809E-01   5924.6 4.793E+01 3.984E+11 1.299E-02 1.151E-01 2.000E+05 0.000E+00 0.000E+00 7.412E+05
 5.82291596E-01   5953.2 5.817E+01 4.686E+11 1.441E-02 1.235E-01 2.000E+05 0.000E+00 0.000E+00 7.403E+05
 7.05305653E-01   5982.7 7.046E+01 5.512E+11 1.607E-02 1.334E-01 2.000E+05 0.000E+00 0.000E+00 7.401E+05
 8.52188706E-01   6012.6 8.513E+01 6.479E+11 1.798E-02 1.449E-01 2.000E+05 0.000E+00 0.000E+00 7.404E+05
 1.02658239E+00   6044.7 1.025E+02 7.635E+11 2.027E-02 1.588E-01 2.000E+05 0.000E+00 0.000E+00 7.410E+05
 1.23219696E+00   6079.4 1.231E+02 9.026E+11 2.301E-02 1.757E-01 2.000E+05 0.000E+00 0.000E+00 7.420E+05
 1.47261721E+00   6118.2 1.471E+02 1.073E+12 2.636E-02 1.966E-01 2.000E+05 0.000E+00 0.000E+00 7.432E+05
 1.75090595E+00   6162.1 1.748E+02 1.285E+12 3.054E-02 2.229E-01 2.000E+05 0.000E+00 0.000E+00 7.445E+05
 2.06909219E+00   6212.9 2.066E+02 1.554E+12 3.587E-02 2.569E-01 2.000E+05 0.000E+00 0.000E+00 7.459E+05
 2.42746427E+00   6272.4 2.423E+02 1.902E+12 4.282E-02 3.016E-01 2.000E+05 0.000E+00 0.000E+00 7.473E+05
 2.82401684E+00   6342.6 2.818E+02 2.363E+12 5.211E-02 3.623E-01 2.000E+05 0.000E+00 0.000E+00 7.488E+05
 3.25344844E+00   6426.5 3.246E+02 2.990E+12 6.496E-02 4.471E-01 2.000E+05 0.000E+00 0.000E+00 7.502E+05
 3.70628712E+00   6527.5 3.697E+02 3.869E+12 8.339E-02 5.704E-01 2.000E+05 2.293E-08 0.000E+00 7.518E+05
 4.16858386E+00   6649.5 4.156E+02 5.134E+12 1.109E-01 7.566E-01 2.000E+05 6.137E-05 4.126E+00 7.537E+05
 4.62212253E+00   6797.4 4.605E+02 7.013E+12 1.542E-01 1.051E+00 2.000E+05 1.470E-03 5.417E+01 7.564E+05
 5.04645623E+00   6975.7 5.024E+02 9.871E+12 2.256E-01 1.540E+00 2.000E+05 3.642E-02 1.434E+02 7.607E+05
 5.42199172E+00   7190.6 5.393E+02 1.433E+13 3.505E-01 2.397E+00 2.000E+05 1.618E+00 3.966E+02 7.677E+05
 5.73336523E+00   7448.2 5.694E+02 2.142E+13 5.829E-01 3.989E+00 2.000E+05 1.226E+02 1.349E+03 7.792E+05
 5.97465475E+00   7751.6 5.923E+02 3.263E+13 1.034E+00 7.031E+00 2.000E+05 1.212E+04 5.504E+03 7.976E+05
 6.15141255E+00   8100.2 6.083E+02 4.977E+13 1.919E+00 1.284E+01 2.000E+05 7.584E+05 2.485E+04 8.258E+05
 6.27755012E+00   8491.7 6.187E+02 7.435E+13 3.587E+00 2.338E+01 2.000E+05 3.386E+06 9.806E+04 8.674E+05
 6.36875676E+00   8929.7 6.250E+02 1.065E+14 6.463E+00 4.082E+01 2.000E+05 1.832E+07 1.383E+05 9.277E+05
 6.43927411E+00   9406.1 6.283E+02 1.411E+14 1.036E+01 6.351E+01 2.000E+05 6.083E+07 2.828E+05 1.008E+06
 6.50471633E+00   9935.5 6.301E+02 1.702E+14 1.375E+01 8.279E+01 2.000E+05 8.353E+07 4.056E+05 1.107E+06
 6.57905539E+00  10522.4 6.312E+02 1.856E+14 1.425E+01 8.540E+01 2.000E+05 4.552E+07 2.766E+05 1.210E+06
 6.68618110E+00  11182.6 6.334E+02 1.877E+14 1.201E+01 7.243E+01 2.000E+05 7.300E+06 9.081E+04 1.321E+06
 6.86730551E+00  11911.9 6.402E+02 1.832E+14 8.861E+00 5.342E+01 2.000E+05 1.565E+05 1.669E+04 1.451E+06
 7.20457441E+00  12715.7 6.589E+02 1.786E+14 6.274E+00 3.775E+01 2.000E+05 6.182E+02 4.124E+03 1.577E+06
 7.83440258E+00  13589.8 7.018E+02 1.790E+14 4.548E+00 2.725E+01 2.000E+05 8.161E+00 1.677E+03 1.637E+06
 8.95402707E+00  14541.1 7.872E+02 1.892E+14 3.541E+00 2.117E+01 2.000E+05 9.872E-01 1.177E+03 1.657E+06
 1.07873262E+01  15574.2 9.351E+02 2.125E+14 3.004E+00 1.792E+01 2.000E+05 4.068E-01 8.747E+02 1.718E+06
 1.35817712E+01  16692.2 1.167E+03 2.503E+14 2.694E+00 1.605E+01 2.000E+05 1.110E-01 3.566E+02 1.840E+06
 1.76754069E+01  17904.1 1.514E+03 3.044E+14 2.484E+00 1.479E+01 2.000E+05 6.682E-03 0.000E+00 1.985E+06
 2.35054073E+01  19209.2 2.013E+03 3.782E+14 2.357E+00 1.403E+01 2.000E+05 0.000E+00 0.000E+00 2.107E+06
 3.16020931E+01  20621.3 2.711E+03 4.750E+14 2.287E+00 1.359E+01 2.000E+05 0.000E+00 0.000E+00 2.206E+06
 4.25750562E+01  22136.4 3.661E+03 5.977E+14 2.271E+00 1.327E+01 2.000E+05 0.000E+00 0.000E+00 2.294E+06
PRADK 4.2402E+00
BEGIN                    ITERATION  15 COMPLETED
