TEFF   5000.  GRAVITY 4.00000 LTE 
TITLE  [-2.0a] N(He)/Ntot=0.0784 VTURB=2.0  L/H=1.25 ODFNEW                     
 OPACITY IFOP 1 1 1 1 1 1 1 1 1 1 1 1 1 0 1 0 0 0 0 0
 CONVECTION ON   1.25 TURBULENCE OFF  0.00  0.00  0.00  0.00
ABUNDANCE SCALE   0.01000 ABUNDANCE CHANGE 1 0.92130 2 0.07842
 ABUNDANCE CHANGE  3 -10.94  4 -10.64  5  -9.49  6  -3.52  7  -4.12  8  -2.81
 ABUNDANCE CHANGE  9  -7.48 10  -3.56 11  -5.71 12  -4.06 13  -5.57 14  -4.09
 ABUNDANCE CHANGE 15  -6.59 16  -4.31 17  -6.54 18  -5.24 19  -6.92 20  -5.28
 ABUNDANCE CHANGE 21  -8.87 22  -6.62 23  -8.04 24  -6.37 25  -6.65 26  -4.54
 ABUNDANCE CHANGE 27  -7.12 28  -5.79 29  -7.83 30  -7.44 31  -9.16 32  -8.63
 ABUNDANCE CHANGE 33  -9.67 34  -8.63 35  -9.41 36  -8.73 37  -9.44 38  -9.07
 ABUNDANCE CHANGE 39  -9.80 40  -9.44 41 -10.62 42 -10.12 43 -20.00 44 -10.20
 ABUNDANCE CHANGE 45 -10.92 46 -10.35 47 -11.10 48 -10.27 49 -10.38 50 -10.04
 ABUNDANCE CHANGE 51 -11.04 52  -9.80 53 -10.53 54  -9.87 55 -10.91 56  -9.91
 ABUNDANCE CHANGE 57 -10.87 58 -10.46 59 -11.33 60 -10.54 61 -20.00 62 -11.03
 ABUNDANCE CHANGE 63 -11.53 64 -10.92 65 -11.69 66 -10.90 67 -11.78 68 -11.11
 ABUNDANCE CHANGE 69 -12.04 70 -10.96 71 -11.98 72 -11.16 73 -12.17 74 -10.93
 ABUNDANCE CHANGE 75 -11.76 76 -10.59 77 -10.69 78 -10.24 79 -11.03 80 -10.91
 ABUNDANCE CHANGE 81 -11.14 82 -10.09 83 -11.33 84 -20.00 85 -20.00 86 -20.00
 ABUNDANCE CHANGE 87 -20.00 88 -20.00 89 -20.00 90 -11.95 91 -20.00 92 -12.54
 ABUNDANCE CHANGE 93 -20.00 94 -20.00 95 -20.00 96 -20.00 97 -20.00 98 -20.00
 ABUNDANCE CHANGE 99 -20.00
READ DECK6 72 RHOX,T,P,XNE,ABROSS,ACCRAD,VTURB, FLXCNV,VCONV,VELSND
 5.82435515E-03   3470.4 5.824E+01 2.332E+08 2.290E-05 1.097E-03 2.000E+05 0.000E+00 0.000E+00 6.264E+05
 7.64518297E-03   3480.1 7.645E+01 3.001E+08 2.596E-05 1.148E-03 2.000E+05 0.000E+00 0.000E+00 6.250E+05
 9.78951713E-03   3488.8 9.790E+01 3.768E+08 2.936E-05 1.199E-03 2.000E+05 0.000E+00 0.000E+00 6.239E+05
 1.23198030E-02   3501.2 1.232E+02 4.664E+08 3.315E-05 1.221E-03 2.000E+05 0.000E+00 0.000E+00 6.235E+05
 1.53059436E-02   3514.2 1.531E+02 5.707E+08 3.746E-05 1.235E-03 2.000E+05 0.000E+00 0.000E+00 6.234E+05
 1.88277261E-02   3528.7 1.883E+02 6.925E+08 4.239E-05 1.240E-03 2.000E+05 0.000E+00 0.000E+00 6.235E+05
 2.29742365E-02   3544.3 2.297E+02 8.348E+08 4.805E-05 1.238E-03 2.000E+05 0.000E+00 0.000E+00 6.238E+05
 2.78467020E-02   3561.1 2.785E+02 1.001E+09 5.459E-05 1.229E-03 2.000E+05 0.000E+00 0.000E+00 6.243E+05
 3.35610682E-02   3578.9 3.356E+02 1.195E+09 6.213E-05 1.215E-03 2.000E+05 0.000E+00 0.000E+00 6.249E+05
 4.02493717E-02   3598.5 4.025E+02 1.423E+09 7.085E-05 1.192E-03 2.000E+05 0.000E+00 0.000E+00 6.257E+05
 4.80648668E-02   3618.3 4.806E+02 1.687E+09 8.092E-05 1.172E-03 2.000E+05 0.000E+00 0.000E+00 6.266E+05
 5.71695901E-02   3639.3 5.717E+02 1.996E+09 9.285E-05 1.181E-03 2.000E+05 0.000E+00 0.000E+00 6.277E+05
 6.77246288E-02   3660.4 6.772E+02 2.353E+09 1.070E-04 1.235E-03 2.000E+05 0.000E+00 0.000E+00 6.288E+05
 7.99278984E-02   3683.0 7.993E+02 2.769E+09 1.235E-04 1.292E-03 2.000E+05 0.000E+00 0.000E+00 6.300E+05
 9.40243539E-02   3706.3 9.402E+02 3.251E+09 1.426E-04 1.354E-03 2.000E+05 0.000E+00 0.000E+00 6.314E+05
 1.10296814E-01   3730.5 1.103E+03 3.811E+09 1.648E-04 1.419E-03 2.000E+05 0.000E+00 0.000E+00 6.329E+05
 1.29074398E-01   3754.9 1.291E+03 4.460E+09 1.904E-04 1.492E-03 2.000E+05 0.000E+00 0.000E+00 6.344E+05
 1.50747044E-01   3779.0 1.507E+03 5.208E+09 2.200E-04 1.577E-03 2.000E+05 0.000E+00 0.000E+00 6.359E+05
 1.75777180E-01   3802.1 1.758E+03 6.070E+09 2.538E-04 1.681E-03 2.000E+05 0.000E+00 0.000E+00 6.372E+05
 2.04800184E-01   3826.8 2.048E+03 7.082E+09 2.910E-04 1.704E-03 2.000E+05 0.000E+00 0.000E+00 6.387E+05
 2.38578707E-01   3849.5 2.386E+03 8.245E+09 3.333E-04 1.739E-03 2.000E+05 0.000E+00 0.000E+00 6.398E+05
 2.77907871E-01   3870.9 2.779E+03 9.587E+09 3.817E-04 1.788E-03 2.000E+05 0.000E+00 0.000E+00 6.408E+05
 3.23718150E-01   3890.9 3.237E+03 1.113E+10 4.369E-04 1.852E-03 2.000E+05 0.000E+00 0.000E+00 6.414E+05
 3.77098416E-01   3910.0 3.771E+03 1.291E+10 4.999E-04 1.932E-03 2.000E+05 0.000E+00 0.000E+00 6.419E+05
 4.39328302E-01   3928.0 4.393E+03 1.496E+10 5.717E-04 2.032E-03 2.000E+05 0.000E+00 0.000E+00 6.422E+05
 5.11913915E-01   3945.0 5.119E+03 1.731E+10 6.535E-04 2.151E-03 2.000E+05 0.000E+00 0.000E+00 6.422E+05
 5.96613375E-01   3961.2 5.966E+03 2.002E+10 7.466E-04 2.292E-03 2.000E+05 0.000E+00 0.000E+00 6.419E+05
 6.95483600E-01   3976.8 6.955E+03 2.313E+10 8.528E-04 2.457E-03 2.000E+05 0.000E+00 0.000E+00 6.416E+05
 8.10919318E-01   3992.0 8.109E+03 2.671E+10 9.740E-04 2.645E-03 2.000E+05 0.000E+00 0.000E+00 6.410E+05
 9.45716907E-01   4006.9 9.457E+03 3.082E+10 1.112E-03 2.860E-03 2.000E+05 0.000E+00 0.000E+00 6.403E+05
 1.10311858E+00   4021.8 1.103E+04 3.557E+10 1.270E-03 3.102E-03 2.000E+05 0.000E+00 0.000E+00 6.394E+05
 1.28692989E+00   4036.2 1.287E+04 4.102E+10 1.450E-03 3.378E-03 2.000E+05 0.000E+00 0.000E+00 6.384E+05
 1.50161185E+00   4050.6 1.502E+04 4.729E+10 1.656E-03 3.691E-03 2.000E+05 0.000E+00 0.000E+00 6.372E+05
 1.75243850E+00   4064.4 1.752E+04 5.447E+10 1.889E-03 4.046E-03 2.000E+05 0.000E+00 0.000E+00 6.359E+05
 2.04551853E+00   4078.5 2.046E+04 6.276E+10 2.157E-03 4.448E-03 2.000E+05 0.000E+00 0.000E+00 6.344E+05
 2.38805758E+00   4092.0 2.388E+04 7.225E+10 2.460E-03 4.905E-03 2.000E+05 0.000E+00 0.000E+00 6.328E+05
 2.78838391E+00   4106.3 2.788E+04 8.323E+10 2.808E-03 5.425E-03 2.000E+05 0.000E+00 0.000E+00 6.311E+05
 3.25619201E+00   4120.4 3.256E+04 9.584E+10 3.204E-03 6.019E-03 2.000E+05 0.000E+00 0.000E+00 6.294E+05
 3.80249388E+00   4135.9 3.803E+04 1.105E+11 3.661E-03 6.701E-03 2.000E+05 0.000E+00 0.000E+00 6.278E+05
 4.43982778E+00   4152.4 4.440E+04 1.276E+11 4.186E-03 7.481E-03 2.000E+05 0.000E+00 0.000E+00 6.264E+05
 5.18257938E+00   4170.8 5.183E+04 1.476E+11 4.794E-03 8.375E-03 2.000E+05 0.000E+00 0.000E+00 6.253E+05
 6.04643855E+00   4191.9 6.046E+04 1.712E+11 5.503E-03 9.402E-03 2.000E+05 0.000E+00 0.000E+00 6.247E+05
 7.04871971E+00   4216.0 7.049E+04 1.993E+11 6.333E-03 1.059E-02 2.000E+05 0.000E+00 0.000E+00 6.246E+05
 8.20783816E+00   4244.5 8.208E+04 2.332E+11 7.318E-03 1.196E-02 2.000E+05 0.000E+00 0.000E+00 6.253E+05
 9.54246661E+00   4277.9 9.543E+04 2.746E+11 8.496E-03 1.356E-02 2.000E+05 0.000E+00 0.000E+00 6.269E+05
 1.10701479E+01   4318.0 1.107E+05 3.262E+11 9.934E-03 1.547E-02 2.000E+05 0.000E+00 0.000E+00 6.297E+05
 1.28053151E+01   4365.2 1.281E+05 3.917E+11 1.172E-02 1.778E-02 2.000E+05 0.000E+00 0.000E+00 6.338E+05
 1.47516266E+01   4422.8 1.475E+05 4.788E+11 1.405E-02 2.078E-02 2.000E+05 0.000E+00 0.000E+00 6.398E+05
 1.68975385E+01   4490.9 1.690E+05 5.979E+11 1.714E-02 2.466E-02 2.000E+05 0.000E+00 0.000E+00 6.476E+05
 1.92162465E+01   4570.3 1.922E+05 7.674E+11 2.139E-02 2.992E-02 2.000E+05 0.000E+00 0.000E+00 6.573E+05
 2.16704873E+01   4660.3 2.167E+05 1.017E+12 2.727E-02 3.698E-02 2.000E+05 0.000E+00 0.000E+00 6.688E+05
 2.41571236E+01   4781.7 2.416E+05 1.471E+12 3.730E-02 4.880E-02 2.000E+05 2.187E+06 0.000E+00 6.851E+05
 2.64740590E+01   4939.1 2.647E+05 2.363E+12 5.566E-02 6.988E-02 2.000E+05 2.051E+07 2.402E+04 7.060E+05
 2.85083336E+01   5111.0 2.851E+05 3.955E+12 8.537E-02 1.019E-01 2.000E+05 8.291E+07 4.704E+04 7.272E+05
 3.02796823E+01   5288.3 3.028E+05 6.627E+12 1.303E-01 1.458E-01 2.000E+05 2.083E+08 6.825E+04 7.469E+05
 3.18335898E+01   5472.4 3.183E+05 1.106E+13 1.972E-01 2.024E-01 2.000E+05 3.982E+08 8.594E+04 7.653E+05
 3.32076416E+01   5663.9 3.321E+05 1.830E+13 2.952E-01 2.675E-01 2.000E+05 6.657E+08 1.024E+05 7.824E+05
 3.44549098E+01   5847.4 3.445E+05 2.887E+13 4.247E-01 3.221E-01 2.000E+05 1.006E+09 1.196E+05 7.972E+05
 3.56366833E+01   6018.7 3.564E+05 4.324E+13 5.858E-01 3.548E-01 2.000E+05 1.365E+09 1.325E+05 8.098E+05
 3.67955662E+01   6183.6 3.680E+05 6.260E+13 7.864E-01 3.691E-01 2.000E+05 1.691E+09 1.425E+05 8.209E+05
 3.79594728E+01   6343.3 3.796E+05 8.811E+13 1.034E+00 3.721E-01 2.000E+05 1.955E+09 1.491E+05 8.309E+05
 3.91496845E+01   6500.3 3.915E+05 1.215E+14 1.339E+00 3.725E-01 2.000E+05 2.152E+09 1.533E+05 8.399E+05
 4.03828667E+01   6656.1 4.038E+05 1.648E+14 1.714E+00 3.743E-01 2.000E+05 2.298E+09 1.556E+05 8.482E+05
 4.16729034E+01   6811.6 4.167E+05 2.206E+14 2.176E+00 3.802E-01 2.000E+05 2.403E+09 1.573E+05 8.557E+05
 4.30306834E+01   6968.8 4.303E+05 2.928E+14 2.751E+00 3.849E-01 2.000E+05 2.485E+09 1.572E+05 8.626E+05
 4.44687040E+01   7125.5 4.447E+05 3.839E+14 3.453E+00 3.946E-01 2.000E+05 2.550E+09 1.581E+05 8.688E+05
 4.59942916E+01   7287.9 4.599E+05 5.026E+14 4.343E+00 4.003E-01 2.000E+05 2.597E+09 1.564E+05 8.745E+05
 4.76212905E+01   7446.3 4.762E+05 6.474E+14 5.405E+00 4.043E-01 2.000E+05 2.643E+09 1.565E+05 8.795E+05
 4.93561144E+01   7614.7 4.936E+05 8.379E+14 6.780E+00 4.107E-01 2.000E+05 2.676E+09 1.545E+05 8.842E+05
 5.12151206E+01   7775.3 5.121E+05 1.063E+15 8.383E+00 4.088E-01 2.000E+05 2.701E+09 1.530E+05 8.881E+05
 5.32080703E+01   7947.9 5.321E+05 1.358E+15 1.047E+01 4.137E-01 2.000E+05 2.730E+09 1.511E+05 8.918E+05
 5.53495584E+01   8110.7 5.535E+05 1.699E+15 1.288E+01 4.398E-01 2.000E+05 2.734E+09 1.488E+05 8.951E+05
PRADK 8.3012E-01
BEGIN                    ITERATION  15 COMPLETED
