TEFF   4750.  GRAVITY 1.50000 LTE 
TITLE  [-2.0a] N(He)/Ntot=0.0784 VTURB=2.0  L/H=1.25 ODFNEW                     
 OPACITY IFOP 1 1 1 1 1 1 1 1 1 1 1 1 1 0 1 0 0 0 0 0
 CONVECTION ON   1.25 TURBULENCE OFF  0.00  0.00  0.00  0.00
ABUNDANCE SCALE   0.01000 ABUNDANCE CHANGE 1 0.92130 2 0.07842
 ABUNDANCE CHANGE  3 -10.94  4 -10.64  5  -9.49  6  -3.52  7  -4.12  8  -2.81
 ABUNDANCE CHANGE  9  -7.48 10  -3.56 11  -5.71 12  -4.06 13  -5.57 14  -4.09
 ABUNDANCE CHANGE 15  -6.59 16  -4.31 17  -6.54 18  -5.24 19  -6.92 20  -5.28
 ABUNDANCE CHANGE 21  -8.87 22  -6.62 23  -8.04 24  -6.37 25  -6.65 26  -4.54
 ABUNDANCE CHANGE 27  -7.12 28  -5.79 29  -7.83 30  -7.44 31  -9.16 32  -8.63
 ABUNDANCE CHANGE 33  -9.67 34  -8.63 35  -9.41 36  -8.73 37  -9.44 38  -9.07
 ABUNDANCE CHANGE 39  -9.80 40  -9.44 41 -10.62 42 -10.12 43 -20.00 44 -10.20
 ABUNDANCE CHANGE 45 -10.92 46 -10.35 47 -11.10 48 -10.27 49 -10.38 50 -10.04
 ABUNDANCE CHANGE 51 -11.04 52  -9.80 53 -10.53 54  -9.87 55 -10.91 56  -9.91
 ABUNDANCE CHANGE 57 -10.87 58 -10.46 59 -11.33 60 -10.54 61 -20.00 62 -11.03
 ABUNDANCE CHANGE 63 -11.53 64 -10.92 65 -11.69 66 -10.90 67 -11.78 68 -11.11
 ABUNDANCE CHANGE 69 -12.04 70 -10.96 71 -11.98 72 -11.16 73 -12.17 74 -10.93
 ABUNDANCE CHANGE 75 -11.76 76 -10.59 77 -10.69 78 -10.24 79 -11.03 80 -10.91
 ABUNDANCE CHANGE 81 -11.14 82 -10.09 83 -11.33 84 -20.00 85 -20.00 86 -20.00
 ABUNDANCE CHANGE 87 -20.00 88 -20.00 89 -20.00 90 -11.95 91 -20.00 92 -12.54
 ABUNDANCE CHANGE 93 -20.00 94 -20.00 95 -20.00 96 -20.00 97 -20.00 98 -20.00
 ABUNDANCE CHANGE 99 -20.00
READ DECK6 72 RHOX,T,P,XNE,ABROSS,ACCRAD,VTURB, FLXCNV,VCONV,VELSND
 2.20771218E-02   2901.4 6.981E-01 2.853E+06 6.040E-06 4.095E-04 2.000E+05 0.000E+00 0.000E+00 9.052E+05
 2.92935631E-02   2928.1 9.264E-01 3.768E+06 6.286E-06 4.088E-04 2.000E+05 0.000E+00 0.000E+00 8.384E+05
 3.85544010E-02   2949.8 1.219E+00 4.909E+06 6.523E-06 4.105E-04 2.000E+05 0.000E+00 0.000E+00 7.850E+05
 5.04128987E-02   2975.0 1.594E+00 6.383E+06 6.816E-06 4.104E-04 2.000E+05 0.000E+00 0.000E+00 7.434E+05
 6.55078496E-02   3001.5 2.072E+00 8.264E+06 7.153E-06 4.110E-04 2.000E+05 0.000E+00 0.000E+00 7.110E+05
 8.46330234E-02   3031.0 2.676E+00 1.068E+07 7.550E-06 4.087E-04 2.000E+05 0.000E+00 0.000E+00 6.863E+05
 1.08722942E-01   3063.2 3.438E+00 1.375E+07 8.014E-06 4.010E-04 2.000E+05 0.000E+00 0.000E+00 6.676E+05
 1.38927057E-01   3095.5 4.393E+00 1.761E+07 8.538E-06 3.937E-04 2.000E+05 0.000E+00 0.000E+00 6.534E+05
 1.76670089E-01   3128.0 5.587E+00 2.244E+07 9.125E-06 3.890E-04 2.000E+05 0.000E+00 0.000E+00 6.428E+05
 2.23689148E-01   3160.2 7.074E+00 2.844E+07 9.785E-06 3.878E-04 2.000E+05 0.000E+00 0.000E+00 6.350E+05
 2.81955370E-01   3200.1 8.916E+00 3.609E+07 1.056E-05 3.752E-04 2.000E+05 0.000E+00 0.000E+00 6.303E+05
 3.53874680E-01   3236.8 1.119E+01 4.544E+07 1.142E-05 3.659E-04 2.000E+05 0.000E+00 0.000E+00 6.269E+05
 4.42437271E-01   3273.4 1.399E+01 5.695E+07 1.239E-05 3.583E-04 2.000E+05 0.000E+00 0.000E+00 6.249E+05
 5.51163874E-01   3307.8 1.743E+01 7.097E+07 1.347E-05 3.555E-04 2.000E+05 0.000E+00 0.000E+00 6.237E+05
 6.84178527E-01   3349.7 2.164E+01 8.848E+07 1.471E-05 3.444E-04 2.000E+05 0.000E+00 0.000E+00 6.242E+05
 8.46410378E-01   3386.5 2.677E+01 1.096E+08 1.610E-05 3.368E-04 2.000E+05 0.000E+00 0.000E+00 6.247E+05
 1.04368483E+00   3420.9 3.300E+01 1.352E+08 1.769E-05 3.326E-04 2.000E+05 0.000E+00 0.000E+00 6.256E+05
 1.28256434E+00   3454.5 4.056E+01 1.662E+08 1.952E-05 3.314E-04 2.000E+05 0.000E+00 0.000E+00 6.267E+05
 1.57271564E+00   3494.4 4.973E+01 2.047E+08 2.134E-05 3.129E-04 2.000E+05 0.000E+00 0.000E+00 6.289E+05
 1.92616194E+00   3530.7 6.091E+01 2.516E+08 2.341E-05 2.955E-04 2.000E+05 0.000E+00 0.000E+00 6.309E+05
 2.35331358E+00   3564.5 7.442E+01 3.085E+08 2.595E-05 2.843E-04 2.000E+05 0.000E+00 0.000E+00 6.328E+05
 2.86537170E+00   3595.3 9.062E+01 3.767E+08 2.897E-05 2.774E-04 2.000E+05 0.000E+00 0.000E+00 6.347E+05
 3.47542614E+00   3622.4 1.099E+02 4.576E+08 3.250E-05 2.737E-04 2.000E+05 0.000E+00 0.000E+00 6.363E+05
 4.19766505E+00   3645.5 1.328E+02 5.523E+08 3.671E-05 2.776E-04 2.000E+05 0.000E+00 0.000E+00 6.376E+05
 5.04877663E+00   3665.3 1.597E+02 6.623E+08 4.159E-05 2.855E-04 2.000E+05 0.000E+00 0.000E+00 6.387E+05
 6.05090426E+00   3684.0 1.914E+02 7.908E+08 4.720E-05 2.950E-04 2.000E+05 0.000E+00 0.000E+00 6.397E+05
 7.22615724E+00   3703.0 2.285E+02 9.414E+08 5.371E-05 3.061E-04 2.000E+05 0.000E+00 0.000E+00 6.408E+05
 8.60227006E+00   3722.3 2.720E+02 1.118E+09 6.128E-05 3.188E-04 2.000E+05 0.000E+00 0.000E+00 6.419E+05
 1.02082522E+01   3742.0 3.228E+02 1.324E+09 7.008E-05 3.334E-04 2.000E+05 0.000E+00 0.000E+00 6.432E+05
 1.20787097E+01   3762.6 3.820E+02 1.566E+09 8.033E-05 3.506E-04 2.000E+05 0.000E+00 0.000E+00 6.445E+05
 1.42516971E+01   3783.8 4.507E+02 1.850E+09 9.230E-05 3.705E-04 2.000E+05 0.000E+00 0.000E+00 6.459E+05
 1.67718214E+01   3806.1 5.304E+02 2.182E+09 1.062E-04 3.924E-04 2.000E+05 0.000E+00 0.000E+00 6.474E+05
 1.96922241E+01   3833.6 6.227E+02 2.588E+09 1.222E-04 4.068E-04 2.000E+05 0.000E+00 0.000E+00 6.495E+05
 2.30833370E+01   3855.9 7.300E+02 3.046E+09 1.400E-04 4.237E-04 2.000E+05 0.000E+00 0.000E+00 6.510E+05
 2.70322427E+01   3876.2 8.548E+02 3.574E+09 1.603E-04 4.445E-04 2.000E+05 0.000E+00 0.000E+00 6.523E+05
 3.16346957E+01   3895.0 1.000E+03 4.182E+09 1.833E-04 4.693E-04 2.000E+05 0.000E+00 0.000E+00 6.534E+05
 3.70020457E+01   3913.0 1.170E+03 4.885E+09 2.096E-04 4.989E-04 2.000E+05 0.000E+00 0.000E+00 6.544E+05
 4.32606405E+01   3930.7 1.368E+03 5.700E+09 2.398E-04 5.337E-04 2.000E+05 0.000E+00 0.000E+00 6.553E+05
 5.05530187E+01   3948.6 1.599E+03 6.651E+09 2.746E-04 5.741E-04 2.000E+05 0.000E+00 0.000E+00 6.562E+05
 5.90384294E+01   3967.5 1.867E+03 7.767E+09 3.149E-04 6.211E-04 2.000E+05 0.000E+00 0.000E+00 6.573E+05
 6.88927686E+01   3987.9 2.179E+03 9.084E+09 3.621E-04 6.760E-04 2.000E+05 0.000E+00 0.000E+00 6.583E+05
 8.03048420E+01   4010.6 2.539E+03 1.066E+10 4.176E-04 7.403E-04 2.000E+05 0.000E+00 0.000E+00 6.597E+05
 9.34716074E+01   4036.3 2.956E+03 1.255E+10 4.837E-04 8.156E-04 2.000E+05 0.000E+00 0.000E+00 6.613E+05
 1.08588182E+02   4065.9 3.434E+03 1.488E+10 5.635E-04 9.052E-04 2.000E+05 0.000E+00 0.000E+00 6.634E+05
 1.25824713E+02   4100.4 3.979E+03 1.779E+10 6.617E-04 1.013E-03 2.000E+05 0.000E+00 0.000E+00 6.661E+05
 1.45302931E+02   4140.3 4.595E+03 2.150E+10 7.850E-04 1.146E-03 2.000E+05 0.000E+00 0.000E+00 6.694E+05
 1.67048938E+02   4187.1 5.282E+03 2.642E+10 9.446E-04 1.316E-03 2.000E+05 0.000E+00 0.000E+00 6.735E+05
 1.90923412E+02   4241.9 6.037E+03 3.317E+10 1.159E-03 1.538E-03 2.000E+05 0.000E+00 0.000E+00 6.785E+05
 2.16574175E+02   4305.9 6.848E+03 4.283E+10 1.456E-03 1.841E-03 2.000E+05 0.000E+00 0.000E+00 6.844E+05
 2.43425143E+02   4380.0 7.698E+03 5.719E+10 1.882E-03 2.268E-03 2.000E+05 0.000E+00 0.000E+00 6.913E+05
 2.70565190E+02   4467.8 8.556E+03 7.999E+10 2.536E-03 2.920E-03 2.000E+05 0.000E+00 0.000E+00 6.993E+05
 2.96901359E+02   4570.1 9.388E+03 1.174E+11 3.551E-03 3.918E-03 2.000E+05 0.000E+00 0.000E+00 7.085E+05
 3.21611561E+02   4687.4 1.017E+04 1.803E+11 5.123E-03 5.416E-03 2.000E+05 2.491E+01 0.000E+00 7.185E+05
 3.44000985E+02   4824.0 1.088E+04 2.920E+11 7.700E-03 7.856E-03 2.000E+05 1.579E+03 1.658E+03 7.297E+05
 3.63411486E+02   4985.0 1.149E+04 5.007E+11 1.211E-02 1.204E-02 2.000E+05 4.152E+04 6.498E+03 7.422E+05
 3.79556796E+02   5172.2 1.200E+04 9.017E+11 1.976E-02 1.926E-02 2.000E+05 6.305E+05 1.899E+04 7.557E+05
 3.92546350E+02   5388.6 1.241E+04 1.694E+12 3.328E-02 3.204E-02 2.000E+05 1.996E+06 4.618E+04 7.700E+05
 4.02593861E+02   5645.2 1.273E+04 3.360E+12 5.871E-02 5.609E-02 2.000E+05 9.457E+06 5.353E+04 7.849E+05
 4.09959553E+02   5951.5 1.296E+04 7.034E+12 1.093E-01 1.012E-01 2.000E+05 8.291E+07 1.091E+05 7.991E+05
 4.15233913E+02   6275.9 1.313E+04 1.421E+13 2.009E-01 1.643E-01 2.000E+05 3.462E+08 2.292E+05 8.092E+05
 4.19260714E+02   6560.4 1.325E+04 2.489E+13 3.326E-01 2.089E-01 2.000E+05 7.978E+08 3.269E+05 8.138E+05
 4.22689784E+02   6793.4 1.336E+04 3.803E+13 4.950E-01 2.162E-01 2.000E+05 1.250E+09 3.750E+05 8.153E+05
 4.25887442E+02   6987.9 1.346E+04 5.306E+13 6.841E-01 2.055E-01 2.000E+05 1.577E+09 3.960E+05 8.157E+05
 4.29044315E+02   7159.7 1.356E+04 7.017E+13 9.058E-01 1.928E-01 2.000E+05 1.787E+09 4.043E+05 8.158E+05
 4.32276271E+02   7315.1 1.366E+04 8.938E+13 1.163E+00 1.814E-01 2.000E+05 1.925E+09 4.056E+05 8.161E+05
 4.35664135E+02   7461.1 1.377E+04 1.112E+14 1.468E+00 1.722E-01 2.000E+05 2.017E+09 4.043E+05 8.168E+05
 4.39269737E+02   7600.4 1.388E+04 1.359E+14 1.828E+00 1.629E-01 2.000E+05 2.084E+09 3.999E+05 8.179E+05
 4.43153495E+02   7734.6 1.401E+04 1.637E+14 2.252E+00 1.552E-01 2.000E+05 2.133E+09 3.964E+05 8.194E+05
 4.47362659E+02   7868.0 1.414E+04 1.959E+14 2.766E+00 1.470E-01 2.000E+05 2.169E+09 3.892E+05 8.216E+05
 4.51959206E+02   7995.9 1.428E+04 2.314E+14 3.362E+00 1.400E-01 2.000E+05 2.198E+09 3.857E+05 8.243E+05
 4.56980503E+02   8129.0 1.444E+04 2.737E+14 4.110E+00 1.334E-01 2.000E+05 2.219E+09 3.774E+05 8.277E+05
 4.62508222E+02   8252.8 1.461E+04 3.186E+14 4.939E+00 1.359E-01 2.000E+05 2.232E+09 3.738E+05 8.315E+05
PRADK 6.7681E-01
BEGIN                    ITERATION  15 COMPLETED
