TEFF   5500.  GRAVITY 1.00000 LTE 
TITLE  [-2.0a] N(He)/Ntot=0.0784 VTURB=2.0  L/H=1.25 ODFNEW                     
 OPACITY IFOP 1 1 1 1 1 1 1 1 1 1 1 1 1 0 1 0 0 0 0 0
 CONVECTION ON   1.25 TURBULENCE OFF  0.00  0.00  0.00  0.00
ABUNDANCE SCALE   0.01000 ABUNDANCE CHANGE 1 0.92130 2 0.07842
 ABUNDANCE CHANGE  3 -10.94  4 -10.64  5  -9.49  6  -3.52  7  -4.12  8  -2.81
 ABUNDANCE CHANGE  9  -7.48 10  -3.56 11  -5.71 12  -4.06 13  -5.57 14  -4.09
 ABUNDANCE CHANGE 15  -6.59 16  -4.31 17  -6.54 18  -5.24 19  -6.92 20  -5.28
 ABUNDANCE CHANGE 21  -8.87 22  -6.62 23  -8.04 24  -6.37 25  -6.65 26  -4.54
 ABUNDANCE CHANGE 27  -7.12 28  -5.79 29  -7.83 30  -7.44 31  -9.16 32  -8.63
 ABUNDANCE CHANGE 33  -9.67 34  -8.63 35  -9.41 36  -8.73 37  -9.44 38  -9.07
 ABUNDANCE CHANGE 39  -9.80 40  -9.44 41 -10.62 42 -10.12 43 -20.00 44 -10.20
 ABUNDANCE CHANGE 45 -10.92 46 -10.35 47 -11.10 48 -10.27 49 -10.38 50 -10.04
 ABUNDANCE CHANGE 51 -11.04 52  -9.80 53 -10.53 54  -9.87 55 -10.91 56  -9.91
 ABUNDANCE CHANGE 57 -10.87 58 -10.46 59 -11.33 60 -10.54 61 -20.00 62 -11.03
 ABUNDANCE CHANGE 63 -11.53 64 -10.92 65 -11.69 66 -10.90 67 -11.78 68 -11.11
 ABUNDANCE CHANGE 69 -12.04 70 -10.96 71 -11.98 72 -11.16 73 -12.17 74 -10.93
 ABUNDANCE CHANGE 75 -11.76 76 -10.59 77 -10.69 78 -10.24 79 -11.03 80 -10.91
 ABUNDANCE CHANGE 81 -11.14 82 -10.09 83 -11.33 84 -20.00 85 -20.00 86 -20.00
 ABUNDANCE CHANGE 87 -20.00 88 -20.00 89 -20.00 90 -11.95 91 -20.00 92 -12.54
 ABUNDANCE CHANGE 93 -20.00 94 -20.00 95 -20.00 96 -20.00 97 -20.00 98 -20.00
 ABUNDANCE CHANGE 99 -20.00
READ DECK6 72 RHOX,T,P,XNE,ABROSS,ACCRAD,VTURB, FLXCNV,VCONV,VELSND
 3.99491636E-03   3639.0 3.995E-02 2.489E+06 3.338E-05 9.698E-04 2.000E+05 0.000E+00 0.000E+00 4.458E+06
 5.35725636E-03   3648.2 5.357E-02 3.055E+06 3.191E-05 9.716E-04 2.000E+05 0.000E+00 0.000E+00 3.871E+06
 7.25354515E-03   3658.8 7.253E-02 3.801E+06 3.064E-05 9.729E-04 2.000E+05 0.000E+00 0.000E+00 3.350E+06
 9.87716602E-03   3671.5 9.876E-02 4.800E+06 2.965E-05 9.751E-04 2.000E+05 0.000E+00 0.000E+00 2.896E+06
 1.34807825E-02   3686.6 1.348E-01 6.145E+06 2.896E-05 9.789E-04 2.000E+05 0.000E+00 0.000E+00 2.507E+06
 1.83776205E-02   3703.7 1.838E-01 7.946E+06 2.854E-05 9.839E-04 2.000E+05 0.000E+00 0.000E+00 2.178E+06
 2.49713084E-02   3722.7 2.497E-01 1.036E+07 2.839E-05 9.904E-04 2.000E+05 0.000E+00 0.000E+00 1.903E+06
 3.37691767E-02   3743.5 3.377E-01 1.359E+07 2.850E-05 9.990E-04 2.000E+05 0.000E+00 0.000E+00 1.674E+06
 4.54029584E-02   3766.0 4.540E-01 1.790E+07 2.886E-05 1.011E-03 2.000E+05 0.000E+00 0.000E+00 1.485E+06
 6.06577899E-02   3789.6 6.065E-01 2.362E+07 2.945E-05 1.025E-03 2.000E+05 0.000E+00 0.000E+00 1.329E+06
 8.05371696E-02   3814.0 8.053E-01 3.113E+07 3.022E-05 1.031E-03 2.000E+05 0.000E+00 0.000E+00 1.202E+06
 1.06308467E-01   3838.8 1.063E+00 4.093E+07 3.116E-05 1.027E-03 2.000E+05 0.000E+00 0.000E+00 1.097E+06
 1.39512598E-01   3864.5 1.395E+00 5.382E+07 3.237E-05 1.024E-03 2.000E+05 0.000E+00 0.000E+00 1.013E+06
 1.81952296E-01   3891.4 1.819E+00 7.079E+07 3.391E-05 1.020E-03 2.000E+05 0.000E+00 0.000E+00 9.449E+05
 2.35732467E-01   3919.1 2.357E+00 9.304E+07 3.583E-05 1.017E-03 2.000E+05 0.000E+00 0.000E+00 8.906E+05
 3.03322246E-01   3947.5 3.033E+00 1.220E+08 3.816E-05 1.013E-03 2.000E+05 0.000E+00 0.000E+00 8.476E+05
 3.87611504E-01   3976.2 3.876E+00 1.593E+08 4.096E-05 1.010E-03 2.000E+05 0.000E+00 0.000E+00 8.138E+05
 4.91943946E-01   4005.0 4.919E+00 2.070E+08 4.428E-05 1.008E-03 2.000E+05 0.000E+00 0.000E+00 7.873E+05
 6.20155909E-01   4033.8 6.201E+00 2.676E+08 4.821E-05 1.008E-03 2.000E+05 0.000E+00 0.000E+00 7.666E+05
 7.76651306E-01   4062.5 7.766E+00 3.439E+08 5.284E-05 1.009E-03 2.000E+05 0.000E+00 0.000E+00 7.506E+05
 9.66419529E-01   4091.1 9.663E+00 4.394E+08 5.829E-05 1.012E-03 2.000E+05 0.000E+00 0.000E+00 7.382E+05
 1.19502440E+00   4119.6 1.195E+01 5.584E+08 6.474E-05 1.017E-03 2.000E+05 0.000E+00 0.000E+00 7.288E+05
 1.46855767E+00   4148.2 1.468E+01 7.064E+08 7.239E-05 1.025E-03 2.000E+05 0.000E+00 0.000E+00 7.217E+05
 1.79370277E+00   4176.9 1.794E+01 8.897E+08 8.145E-05 1.035E-03 2.000E+05 0.000E+00 0.000E+00 7.165E+05
 2.17795052E+00   4205.5 2.178E+01 1.115E+09 9.214E-05 1.047E-03 2.000E+05 0.000E+00 0.000E+00 7.126E+05
 2.62983744E+00   4234.0 2.630E+01 1.390E+09 1.047E-04 1.061E-03 2.000E+05 0.000E+00 0.000E+00 7.100E+05
 3.15929009E+00   4262.2 3.159E+01 1.724E+09 1.193E-04 1.078E-03 2.000E+05 0.000E+00 0.000E+00 7.082E+05
 3.77816966E+00   4289.8 3.778E+01 2.124E+09 1.362E-04 1.099E-03 2.000E+05 0.000E+00 0.000E+00 7.070E+05
 4.50074671E+00   4316.6 4.500E+01 2.600E+09 1.556E-04 1.123E-03 2.000E+05 0.000E+00 0.000E+00 7.064E+05
 5.34410318E+00   4342.7 5.344E+01 3.163E+09 1.778E-04 1.151E-03 2.000E+05 0.000E+00 0.000E+00 7.062E+05
 6.32898907E+00   4367.6 6.328E+01 3.821E+09 2.029E-04 1.184E-03 2.000E+05 0.000E+00 0.000E+00 7.062E+05
 7.48210374E+00   4390.7 7.481E+01 4.572E+09 2.307E-04 1.224E-03 2.000E+05 0.000E+00 0.000E+00 7.064E+05
 8.83446115E+00   4413.2 8.834E+01 5.447E+09 2.623E-04 1.271E-03 2.000E+05 0.000E+00 0.000E+00 7.069E+05
 1.04207729E+01   4434.9 1.042E+02 6.464E+09 2.982E-04 1.326E-03 2.000E+05 0.000E+00 0.000E+00 7.074E+05
 1.22823746E+01   4456.0 1.228E+02 7.641E+09 3.388E-04 1.389E-03 2.000E+05 0.000E+00 0.000E+00 7.081E+05
 1.44671710E+01   4476.7 1.447E+02 9.009E+09 3.850E-04 1.462E-03 2.000E+05 0.000E+00 0.000E+00 7.089E+05
 1.70311157E+01   4497.0 1.703E+02 1.060E+10 4.375E-04 1.545E-03 2.000E+05 0.000E+00 0.000E+00 7.098E+05
 2.00393377E+01   4517.2 2.004E+02 1.244E+10 4.973E-04 1.641E-03 2.000E+05 0.000E+00 0.000E+00 7.108E+05
 2.35676674E+01   4537.2 2.356E+02 1.458E+10 5.656E-04 1.752E-03 2.000E+05 0.000E+00 0.000E+00 7.119E+05
 2.77021809E+01   4557.5 2.770E+02 1.710E+10 6.443E-04 1.883E-03 2.000E+05 0.000E+00 0.000E+00 7.131E+05
 3.25339793E+01   4578.7 3.253E+02 2.010E+10 7.362E-04 2.038E-03 2.000E+05 0.000E+00 0.000E+00 7.143E+05
 3.81617208E+01   4601.6 3.816E+02 2.374E+10 8.448E-04 2.220E-03 2.000E+05 0.000E+00 0.000E+00 7.158E+05
 4.46815618E+01   4626.7 4.467E+02 2.822E+10 9.756E-04 2.442E-03 2.000E+05 0.000E+00 0.000E+00 7.174E+05
 5.21788184E+01   4655.1 5.217E+02 3.385E+10 1.136E-03 2.718E-03 2.000E+05 0.000E+00 0.000E+00 7.194E+05
 6.07121334E+01   4688.1 6.070E+02 4.116E+10 1.340E-03 3.069E-03 2.000E+05 0.000E+00 0.000E+00 7.216E+05
 7.02979746E+01   4727.0 7.028E+02 5.088E+10 1.602E-03 3.522E-03 2.000E+05 0.000E+00 0.000E+00 7.243E+05
 8.09021894E+01   4773.1 8.088E+02 6.415E+10 1.947E-03 4.119E-03 2.000E+05 0.000E+00 0.000E+00 7.275E+05
 9.24046226E+01   4828.9 9.238E+02 8.299E+10 2.422E-03 4.944E-03 2.000E+05 0.000E+00 0.000E+00 7.313E+05
 1.04588235E+02   4896.1 1.046E+03 1.106E+11 3.087E-03 6.100E-03 2.000E+05 0.000E+00 0.000E+00 7.358E+05
 1.17163949E+02   4977.0 1.171E+03 1.522E+11 4.043E-03 7.755E-03 2.000E+05 0.000E+00 0.000E+00 7.411E+05
 1.29781554E+02   5073.9 1.297E+03 2.173E+11 5.455E-03 1.019E-02 2.000E+05 0.000E+00 0.000E+00 7.472E+05
 1.42049180E+02   5189.7 1.420E+03 3.226E+11 7.608E-03 1.389E-02 2.000E+05 3.295E-06 0.000E+00 7.539E+05
 1.53577705E+02   5327.2 1.535E+03 4.988E+11 1.099E-02 1.967E-02 2.000E+05 1.382E-02 1.662E+01 7.611E+05
 1.64021065E+02   5489.9 1.639E+03 8.040E+11 1.649E-02 2.907E-02 2.000E+05 6.383E-01 2.631E+02 7.684E+05
 1.73113961E+02   5681.0 1.730E+03 1.349E+12 2.577E-02 4.490E-02 2.000E+05 1.931E+01 9.140E+02 7.749E+05
 1.80709033E+02   5903.9 1.805E+03 2.349E+12 4.203E-02 7.274E-02 2.000E+05 5.983E+02 2.773E+03 7.796E+05
 1.86770549E+02   6163.5 1.865E+03 4.231E+12 7.192E-02 1.244E-01 2.000E+05 2.479E+04 8.497E+03 7.813E+05
 1.91360492E+02   6465.7 1.910E+03 7.869E+12 1.303E-01 2.269E-01 2.000E+05 6.268E+05 2.847E+04 7.802E+05
 1.94595691E+02   6825.5 1.942E+03 1.524E+13 2.566E-01 4.541E-01 2.000E+05 7.330E+06 7.820E+04 7.786E+05
 1.96638239E+02   7261.7 1.961E+03 3.087E+13 5.679E-01 9.784E-01 2.000E+05 2.223E+08 1.596E+05 7.821E+05
 1.97874658E+02   7689.3 1.971E+03 5.656E+13 1.209E+00 1.634E+00 2.000E+05 1.017E+09 4.844E+05 7.945E+05
 1.98755541E+02   7985.7 1.979E+03 8.230E+13 2.004E+00 1.636E+00 2.000E+05 2.131E+09 6.610E+05 8.088E+05
 1.99541610E+02   8183.0 1.986E+03 1.037E+14 2.775E+00 1.347E+00 2.000E+05 2.917E+09 6.987E+05 8.209E+05
 2.00328926E+02   8343.6 1.992E+03 1.237E+14 3.585E+00 1.151E+00 2.000E+05 3.337E+09 7.245E+05 8.323E+05
 2.01156081E+02   8487.7 2.000E+03 1.439E+14 4.479E+00 1.003E+00 2.000E+05 3.587E+09 7.335E+05 8.437E+05
 2.02052547E+02   8617.7 2.008E+03 1.638E+14 5.443E+00 8.964E-01 2.000E+05 3.732E+09 7.404E+05 8.550E+05
 2.03041000E+02   8746.8 2.017E+03 1.852E+14 6.557E+00 8.212E-01 2.000E+05 3.830E+09 7.441E+05 8.671E+05
 2.04145434E+02   8869.6 2.027E+03 2.070E+14 7.764E+00 7.566E-01 2.000E+05 3.896E+09 7.490E+05 8.796E+05
 2.05388710E+02   8998.2 2.039E+03 2.313E+14 9.201E+00 7.091E-01 2.000E+05 3.944E+09 7.519E+05 8.935E+05
 2.06797211E+02   9123.1 2.052E+03 2.561E+14 1.077E+01 6.653E-01 2.000E+05 3.981E+09 7.579E+05 9.081E+05
 2.08397297E+02   9259.5 2.067E+03 2.844E+14 1.267E+01 6.365E-01 2.000E+05 4.009E+09 7.618E+05 9.250E+05
 2.10225369E+02   9392.7 2.084E+03 3.131E+14 1.469E+01 6.400E-01 2.000E+05 4.023E+09 7.702E+05 9.425E+05
PRADK 1.2214E+00
BEGIN                    ITERATION  15 COMPLETED
