TEFF   5750.  GRAVITY 1.00000 LTE 
TITLE  [-2.0a] N(He)/Ntot=0.0784 VTURB=2.0  L/H=1.25 ODFNEW                     
 OPACITY IFOP 1 1 1 1 1 1 1 1 1 1 1 1 1 0 1 0 0 0 0 0
 CONVECTION ON   1.25 TURBULENCE OFF  0.00  0.00  0.00  0.00
ABUNDANCE SCALE   0.01000 ABUNDANCE CHANGE 1 0.92130 2 0.07842
 ABUNDANCE CHANGE  3 -10.94  4 -10.64  5  -9.49  6  -3.52  7  -4.12  8  -2.81
 ABUNDANCE CHANGE  9  -7.48 10  -3.56 11  -5.71 12  -4.06 13  -5.57 14  -4.09
 ABUNDANCE CHANGE 15  -6.59 16  -4.31 17  -6.54 18  -5.24 19  -6.92 20  -5.28
 ABUNDANCE CHANGE 21  -8.87 22  -6.62 23  -8.04 24  -6.37 25  -6.65 26  -4.54
 ABUNDANCE CHANGE 27  -7.12 28  -5.79 29  -7.83 30  -7.44 31  -9.16 32  -8.63
 ABUNDANCE CHANGE 33  -9.67 34  -8.63 35  -9.41 36  -8.73 37  -9.44 38  -9.07
 ABUNDANCE CHANGE 39  -9.80 40  -9.44 41 -10.62 42 -10.12 43 -20.00 44 -10.20
 ABUNDANCE CHANGE 45 -10.92 46 -10.35 47 -11.10 48 -10.27 49 -10.38 50 -10.04
 ABUNDANCE CHANGE 51 -11.04 52  -9.80 53 -10.53 54  -9.87 55 -10.91 56  -9.91
 ABUNDANCE CHANGE 57 -10.87 58 -10.46 59 -11.33 60 -10.54 61 -20.00 62 -11.03
 ABUNDANCE CHANGE 63 -11.53 64 -10.92 65 -11.69 66 -10.90 67 -11.78 68 -11.11
 ABUNDANCE CHANGE 69 -12.04 70 -10.96 71 -11.98 72 -11.16 73 -12.17 74 -10.93
 ABUNDANCE CHANGE 75 -11.76 76 -10.59 77 -10.69 78 -10.24 79 -11.03 80 -10.91
 ABUNDANCE CHANGE 81 -11.14 82 -10.09 83 -11.33 84 -20.00 85 -20.00 86 -20.00
 ABUNDANCE CHANGE 87 -20.00 88 -20.00 89 -20.00 90 -11.95 91 -20.00 92 -12.54
 ABUNDANCE CHANGE 93 -20.00 94 -20.00 95 -20.00 96 -20.00 97 -20.00 98 -20.00
 ABUNDANCE CHANGE 99 -20.00
READ DECK6 72 RHOX,T,P,XNE,ABROSS,ACCRAD,VTURB, FLXCNV,VCONV,VELSND
 1.69487795E-03   3780.8 1.695E-02 3.587E+06 7.868E-05 1.797E-03 2.000E+05 0.000E+00 0.000E+00 7.417E+06
 2.27030046E-03   3795.0 2.270E-02 4.496E+06 7.591E-05 1.800E-03 2.000E+05 0.000E+00 0.000E+00 6.442E+06
 3.06783965E-03   3808.5 3.067E-02 5.637E+06 7.283E-05 1.787E-03 2.000E+05 0.000E+00 0.000E+00 5.573E+06
 4.17432113E-03   3823.4 4.174E-02 7.141E+06 7.013E-05 1.762E-03 2.000E+05 0.000E+00 5.977E+05 4.808E+06
 5.70620663E-03   3839.3 5.705E-02 9.107E+06 6.773E-05 1.740E-03 2.000E+05 0.000E+00 3.377E+05 4.141E+06
 7.81826249E-03   3855.9 7.817E-02 1.167E+07 6.561E-05 1.718E-03 2.000E+05 0.000E+00 7.933E+04 3.567E+06
 1.07196818E-02   3873.4 1.072E-01 1.502E+07 6.382E-05 1.698E-03 2.000E+05 0.000E+00 0.000E+00 3.076E+06
 1.46856806E-02   3892.0 1.468E-01 1.942E+07 6.243E-05 1.681E-03 2.000E+05 0.000E+00 0.000E+00 2.660E+06
 2.00790049E-02   3911.5 2.008E-01 2.516E+07 6.136E-05 1.664E-03 2.000E+05 0.000E+00 0.000E+00 2.308E+06
 2.73768679E-02   3931.8 2.737E-01 3.267E+07 6.062E-05 1.649E-03 2.000E+05 0.000E+00 0.000E+00 2.012E+06
 3.71960189E-02   3953.0 3.719E-01 4.249E+07 6.027E-05 1.638E-03 2.000E+05 0.000E+00 0.000E+00 1.765E+06
 5.03165394E-02   3975.4 5.031E-01 5.540E+07 6.037E-05 1.629E-03 2.000E+05 0.000E+00 0.000E+00 1.560E+06
 6.76992997E-02   3999.2 6.769E-01 7.246E+07 6.104E-05 1.622E-03 2.000E+05 0.000E+00 0.000E+00 1.391E+06
 9.04998057E-02   4024.7 9.048E-01 9.508E+07 6.238E-05 1.616E-03 2.000E+05 0.000E+00 0.000E+00 1.252E+06
 1.20074718E-01   4051.9 1.201E+00 1.251E+08 6.449E-05 1.612E-03 2.000E+05 0.000E+00 0.000E+00 1.141E+06
 1.57993245E-01   4080.6 1.580E+00 1.648E+08 6.745E-05 1.607E-03 2.000E+05 0.000E+00 0.000E+00 1.051E+06
 2.06069846E-01   4110.6 2.060E+00 2.170E+08 7.130E-05 1.603E-03 2.000E+05 0.000E+00 0.000E+00 9.788E+05
 2.66405848E-01   4141.4 2.664E+00 2.850E+08 7.612E-05 1.599E-03 2.000E+05 0.000E+00 0.000E+00 9.219E+05
 3.41413912E-01   4172.7 3.414E+00 3.727E+08 8.199E-05 1.595E-03 2.000E+05 0.000E+00 0.000E+00 8.770E+05
 4.33887649E-01   4204.1 4.338E+00 4.846E+08 8.902E-05 1.595E-03 2.000E+05 0.000E+00 0.000E+00 8.416E+05
 5.47065189E-01   4235.4 5.470E+00 6.259E+08 9.731E-05 1.597E-03 2.000E+05 0.000E+00 0.000E+00 8.138E+05
 6.84696067E-01   4266.5 6.846E+00 8.030E+08 1.070E-04 1.602E-03 2.000E+05 0.000E+00 0.000E+00 7.921E+05
 8.51094582E-01   4297.2 8.510E+00 1.023E+09 1.183E-04 1.611E-03 2.000E+05 0.000E+00 0.000E+00 7.751E+05
 1.05120041E+00   4327.6 1.051E+01 1.295E+09 1.316E-04 1.624E-03 2.000E+05 0.000E+00 0.000E+00 7.619E+05
 1.29060345E+00   4357.7 1.290E+01 1.629E+09 1.470E-04 1.642E-03 2.000E+05 0.000E+00 0.000E+00 7.516E+05
 1.57578110E+00   4387.1 1.576E+01 2.035E+09 1.649E-04 1.670E-03 2.000E+05 0.000E+00 0.000E+00 7.437E+05
 1.91411173E+00   4416.2 1.914E+01 2.528E+09 1.857E-04 1.707E-03 2.000E+05 0.000E+00 0.000E+00 7.376E+05
 2.31384343E+00   4445.1 2.313E+01 3.126E+09 2.100E-04 1.749E-03 2.000E+05 0.000E+00 0.000E+00 7.331E+05
 2.78449161E+00   4473.8 2.784E+01 3.846E+09 2.381E-04 1.799E-03 2.000E+05 0.000E+00 0.000E+00 7.298E+05
 3.33720828E+00   4502.0 3.337E+01 4.709E+09 2.707E-04 1.857E-03 2.000E+05 0.000E+00 0.000E+00 7.274E+05
 3.98503737E+00   4529.9 3.984E+01 5.737E+09 3.082E-04 1.926E-03 2.000E+05 0.000E+00 0.000E+00 7.257E+05
 4.74312159E+00   4557.4 4.742E+01 6.963E+09 3.516E-04 2.005E-03 2.000E+05 0.000E+00 0.000E+00 7.247E+05
 5.62799170E+00   4585.6 5.627E+01 8.445E+09 4.022E-04 2.087E-03 2.000E+05 0.000E+00 0.000E+00 7.242E+05
 6.65954052E+00   4613.2 6.658E+01 1.019E+10 4.597E-04 2.170E-03 2.000E+05 0.000E+00 0.000E+00 7.241E+05
 7.86653954E+00   4638.3 7.865E+01 1.217E+10 5.224E-04 2.264E-03 2.000E+05 0.000E+00 0.000E+00 7.242E+05
 9.28588094E+00   4661.6 9.284E+01 1.441E+10 5.913E-04 2.374E-03 2.000E+05 0.000E+00 0.000E+00 7.245E+05
 1.09606784E+01   4683.2 1.096E+02 1.695E+10 6.673E-04 2.501E-03 2.000E+05 0.000E+00 0.000E+00 7.248E+05
 1.29410963E+01   4703.8 1.294E+02 1.985E+10 7.523E-04 2.650E-03 2.000E+05 0.000E+00 0.000E+00 7.254E+05
 1.52845585E+01   4723.8 1.528E+02 2.318E+10 8.478E-04 2.823E-03 2.000E+05 0.000E+00 0.000E+00 7.260E+05
 1.80552916E+01   4743.8 1.805E+02 2.707E+10 9.572E-04 3.028E-03 2.000E+05 0.000E+00 0.000E+00 7.268E+05
 2.13233446E+01   4764.6 2.132E+02 3.166E+10 1.084E-03 3.272E-03 2.000E+05 0.000E+00 0.000E+00 7.278E+05
 2.51609337E+01   4787.0 2.515E+02 3.721E+10 1.234E-03 3.566E-03 2.000E+05 0.000E+00 0.000E+00 7.289E+05
 2.96381366E+01   4811.9 2.963E+02 4.403E+10 1.417E-03 3.933E-03 2.000E+05 0.000E+00 0.000E+00 7.303E+05
 3.48141696E+01   4840.8 3.480E+02 5.268E+10 1.643E-03 4.395E-03 2.000E+05 0.000E+00 0.000E+00 7.320E+05
 4.07281683E+01   4874.8 4.072E+02 6.393E+10 1.930E-03 4.983E-03 2.000E+05 0.000E+00 0.000E+00 7.341E+05
 4.73936941E+01   4915.2 4.738E+02 7.888E+10 2.300E-03 5.745E-03 2.000E+05 0.000E+00 0.000E+00 7.366E+05
 5.47859093E+01   4963.6 5.476E+02 9.933E+10 2.791E-03 6.756E-03 2.000E+05 0.000E+00 0.000E+00 7.395E+05
 6.28284964E+01   5021.8 6.280E+02 1.281E+11 3.456E-03 8.127E-03 2.000E+05 0.000E+00 0.000E+00 7.430E+05
 7.13868779E+01   5091.9 7.135E+02 1.699E+11 4.384E-03 1.004E-02 2.000E+05 0.000E+00 0.000E+00 7.471E+05
 8.02645951E+01   5176.4 8.022E+02 2.327E+11 5.714E-03 1.277E-02 2.000E+05 0.000E+00 0.000E+00 7.517E+05
 8.92128819E+01   5277.8 8.915E+02 3.299E+11 7.675E-03 1.680E-02 2.000E+05 0.000E+00 0.000E+00 7.568E+05
 9.79493338E+01   5398.9 9.787E+02 4.856E+11 1.066E-02 2.290E-02 2.000E+05 2.171E-06 0.000E+00 7.621E+05
 1.06181954E+02   5543.1 1.061E+03 7.435E+11 1.538E-02 3.253E-02 2.000E+05 3.288E-03 1.632E+01 7.673E+05
 1.13645774E+02   5713.5 1.135E+03 1.184E+12 2.307E-02 4.823E-02 2.000E+05 1.652E-01 1.828E+02 7.717E+05
 1.20135281E+02   5914.0 1.200E+03 1.958E+12 3.619E-02 7.510E-02 2.000E+05 6.363E+00 6.484E+02 7.745E+05
 1.25522187E+02   6148.8 1.253E+03 3.360E+12 5.957E-02 1.235E-01 2.000E+05 2.895E+02 2.114E+03 7.750E+05
 1.29750068E+02   6426.3 1.295E+03 5.998E+12 1.044E-01 2.176E-01 2.000E+05 2.068E+04 7.255E+03 7.733E+05
 1.32860850E+02   6749.5 1.325E+03 1.102E+13 1.955E-01 4.132E-01 2.000E+05 6.022E+05 2.862E+04 7.719E+05
 1.34944162E+02   7143.9 1.344E+03 2.128E+13 4.102E-01 8.888E-01 2.000E+05 1.629E+07 8.082E+04 7.751E+05
 1.36168925E+02   7615.7 1.355E+03 4.224E+13 9.689E-01 1.988E+00 2.000E+05 3.891E+08 2.248E+05 7.896E+05
 1.36899184E+02   8034.8 1.360E+03 7.153E+13 2.008E+00 2.985E+00 2.000E+05 1.484E+09 6.166E+05 8.127E+05
 1.37446259E+02   8306.8 1.364E+03 9.686E+13 3.138E+00 2.736E+00 2.000E+05 2.766E+09 7.770E+05 8.331E+05
 1.37957259E+02   8494.9 1.368E+03 1.174E+14 4.205E+00 2.237E+00 2.000E+05 3.587E+09 8.211E+05 8.498E+05
 1.38481871E+02   8654.7 1.372E+03 1.368E+14 5.332E+00 1.924E+00 2.000E+05 4.040E+09 8.576E+05 8.658E+05
 1.39043390E+02   8801.2 1.377E+03 1.560E+14 6.548E+00 1.682E+00 2.000E+05 4.308E+09 8.724E+05 8.818E+05
 1.39661901E+02   8936.9 1.382E+03 1.749E+14 7.836E+00 1.521E+00 2.000E+05 4.467E+09 8.880E+05 8.978E+05
 1.40353591E+02   9075.1 1.388E+03 1.949E+14 9.314E+00 1.408E+00 2.000E+05 4.573E+09 8.994E+05 9.154E+05
 1.41136064E+02   9209.5 1.395E+03 2.151E+14 1.090E+01 1.317E+00 2.000E+05 4.644E+09 9.111E+05 9.337E+05
 1.42028057E+02   9353.9 1.403E+03 2.372E+14 1.275E+01 1.266E+00 2.000E+05 4.697E+09 9.248E+05 9.545E+05
 1.43053494E+02   9500.8 1.412E+03 2.599E+14 1.468E+01 1.216E+00 2.000E+05 4.732E+09 9.376E+05 9.769E+05
 1.44241243E+02   9664.5 1.422E+03 2.847E+14 1.689E+01 1.208E+00 2.000E+05 4.765E+09 9.555E+05 1.003E+06
 1.45625775E+02   9840.1 1.434E+03 3.104E+14 1.924E+01 1.266E+00 2.000E+05 4.772E+09 9.759E+05 1.032E+06
PRADK 1.4611E+00
BEGIN                    ITERATION  15 COMPLETED
