TEFF   7500.  GRAVITY 4.50000 LTE 
TITLE  [-2.0a] N(He)/Ntot=0.0784 VTURB=2.0  L/H=1.25 ODFNEW                     
 OPACITY IFOP 1 1 1 1 1 1 1 1 1 1 1 1 1 0 1 0 0 0 0 0
 CONVECTION ON   1.25 TURBULENCE OFF  0.00  0.00  0.00  0.00
ABUNDANCE SCALE   0.01000 ABUNDANCE CHANGE 1 0.92130 2 0.07842
 ABUNDANCE CHANGE  3 -10.94  4 -10.64  5  -9.49  6  -3.52  7  -4.12  8  -2.81
 ABUNDANCE CHANGE  9  -7.48 10  -3.56 11  -5.71 12  -4.06 13  -5.57 14  -4.09
 ABUNDANCE CHANGE 15  -6.59 16  -4.31 17  -6.54 18  -5.24 19  -6.92 20  -5.28
 ABUNDANCE CHANGE 21  -8.87 22  -6.62 23  -8.04 24  -6.37 25  -6.65 26  -4.54
 ABUNDANCE CHANGE 27  -7.12 28  -5.79 29  -7.83 30  -7.44 31  -9.16 32  -8.63
 ABUNDANCE CHANGE 33  -9.67 34  -8.63 35  -9.41 36  -8.73 37  -9.44 38  -9.07
 ABUNDANCE CHANGE 39  -9.80 40  -9.44 41 -10.62 42 -10.12 43 -20.00 44 -10.20
 ABUNDANCE CHANGE 45 -10.92 46 -10.35 47 -11.10 48 -10.27 49 -10.38 50 -10.04
 ABUNDANCE CHANGE 51 -11.04 52  -9.80 53 -10.53 54  -9.87 55 -10.91 56  -9.91
 ABUNDANCE CHANGE 57 -10.87 58 -10.46 59 -11.33 60 -10.54 61 -20.00 62 -11.03
 ABUNDANCE CHANGE 63 -11.53 64 -10.92 65 -11.69 66 -10.90 67 -11.78 68 -11.11
 ABUNDANCE CHANGE 69 -12.04 70 -10.96 71 -11.98 72 -11.16 73 -12.17 74 -10.93
 ABUNDANCE CHANGE 75 -11.76 76 -10.59 77 -10.69 78 -10.24 79 -11.03 80 -10.91
 ABUNDANCE CHANGE 81 -11.14 82 -10.09 83 -11.33 84 -20.00 85 -20.00 86 -20.00
 ABUNDANCE CHANGE 87 -20.00 88 -20.00 89 -20.00 90 -11.95 91 -20.00 92 -12.54
 ABUNDANCE CHANGE 93 -20.00 94 -20.00 95 -20.00 96 -20.00 97 -20.00 98 -20.00
 ABUNDANCE CHANGE 99 -20.00
READ DECK6 72 RHOX,T,P,XNE,ABROSS,ACCRAD,VTURB, FLXCNV,VCONV,VELSND
 6.23000209E-05   5173.4 1.970E+00 1.132E+10 2.140E-03 1.215E-01 2.000E+05 0.000E+00 0.000E+00 1.159E+06
 8.34439473E-05   5187.4 2.639E+00 1.367E+10 2.066E-03 1.215E-01 2.000E+05 0.000E+00 0.000E+00 1.079E+06
 1.12782397E-04   5195.1 3.567E+00 1.627E+10 1.977E-03 1.212E-01 2.000E+05 0.000E+00 0.000E+00 1.011E+06
 1.52950542E-04   5211.1 4.837E+00 1.987E+10 1.961E-03 1.214E-01 2.000E+05 0.000E+00 0.000E+00 9.523E+05
 2.06616782E-04   5227.0 6.534E+00 2.421E+10 1.975E-03 1.216E-01 2.000E+05 0.000E+00 0.000E+00 9.047E+05
 2.76709796E-04   5247.0 8.750E+00 2.971E+10 2.042E-03 1.220E-01 2.000E+05 0.000E+00 0.000E+00 8.666E+05
 3.66248532E-04   5268.3 1.158E+01 3.638E+10 2.151E-03 1.225E-01 2.000E+05 0.000E+00 0.000E+00 8.373E+05
 4.78339940E-04   5293.0 1.513E+01 4.463E+10 2.313E-03 1.232E-01 2.000E+05 0.000E+00 0.000E+00 8.147E+05
 6.16433913E-04   5318.3 1.949E+01 5.447E+10 2.518E-03 1.240E-01 2.000E+05 0.000E+00 0.000E+00 7.979E+05
 7.84384680E-04   5345.6 2.480E+01 6.637E+10 2.778E-03 1.250E-01 2.000E+05 0.000E+00 0.000E+00 7.851E+05
 9.86469250E-04   5373.8 3.120E+01 8.053E+10 3.091E-03 1.262E-01 2.000E+05 0.000E+00 0.000E+00 7.757E+05
 1.22747248E-03   5403.7 3.882E+01 9.759E+10 3.472E-03 1.278E-01 2.000E+05 0.000E+00 0.000E+00 7.687E+05
 1.51345883E-03   5432.4 4.786E+01 1.172E+11 3.901E-03 1.295E-01 2.000E+05 0.000E+00 0.000E+00 7.637E+05
 1.85236236E-03   5461.1 5.858E+01 1.401E+11 4.396E-03 1.315E-01 2.000E+05 0.000E+00 0.000E+00 7.602E+05
 2.25297709E-03   5489.7 7.125E+01 1.669E+11 4.964E-03 1.340E-01 2.000E+05 0.000E+00 0.000E+00 7.578E+05
 2.72583517E-03   5518.0 8.620E+01 1.979E+11 5.611E-03 1.368E-01 2.000E+05 0.000E+00 0.000E+00 7.563E+05
 3.28351676E-03   5545.9 1.038E+02 2.337E+11 6.345E-03 1.403E-01 2.000E+05 0.000E+00 0.000E+00 7.555E+05
 3.94105997E-03   5573.4 1.246E+02 2.750E+11 7.177E-03 1.444E-01 2.000E+05 0.000E+00 0.000E+00 7.552E+05
 4.71631411E-03   5600.5 1.491E+02 3.225E+11 8.117E-03 1.492E-01 2.000E+05 0.000E+00 0.000E+00 7.554E+05
 5.63073020E-03   5627.0 1.781E+02 3.770E+11 9.174E-03 1.548E-01 2.000E+05 0.000E+00 0.000E+00 7.560E+05
 6.70968309E-03   5653.1 2.122E+02 4.396E+11 1.037E-02 1.611E-01 2.000E+05 0.000E+00 0.000E+00 7.570E+05
 7.98358962E-03   5678.5 2.525E+02 5.110E+11 1.170E-02 1.684E-01 2.000E+05 0.000E+00 0.000E+00 7.581E+05
 9.48826978E-03   5703.7 3.000E+02 5.931E+11 1.321E-02 1.766E-01 2.000E+05 0.000E+00 0.000E+00 7.595E+05
 1.12668181E-02   5728.1 3.563E+02 6.863E+11 1.490E-02 1.859E-01 2.000E+05 0.000E+00 0.000E+00 7.611E+05
 1.33702668E-02   5752.4 4.228E+02 7.933E+11 1.680E-02 1.965E-01 2.000E+05 0.000E+00 0.000E+00 7.628E+05
 1.58597668E-02   5775.8 5.015E+02 9.144E+11 1.891E-02 2.084E-01 2.000E+05 0.000E+00 0.000E+00 7.646E+05
 1.88083900E-02   5799.0 5.948E+02 1.053E+12 2.129E-02 2.217E-01 2.000E+05 0.000E+00 0.000E+00 7.665E+05
 2.23028641E-02   5821.6 7.053E+02 1.210E+12 2.395E-02 2.363E-01 2.000E+05 0.000E+00 0.000E+00 7.685E+05
 2.64478188E-02   5843.8 8.364E+02 1.389E+12 2.691E-02 2.526E-01 2.000E+05 0.000E+00 0.000E+00 7.706E+05
 3.13690876E-02   5865.3 9.920E+02 1.591E+12 3.021E-02 2.704E-01 2.000E+05 0.000E+00 0.000E+00 7.728E+05
 3.72212143E-02   5885.8 1.177E+03 1.818E+12 3.384E-02 2.902E-01 2.000E+05 0.000E+00 0.000E+00 7.750E+05
 4.41927818E-02   5905.2 1.397E+03 2.072E+12 3.785E-02 3.120E-01 2.000E+05 0.000E+00 0.000E+00 7.772E+05
 5.25111292E-02   5923.7 1.661E+03 2.357E+12 4.227E-02 3.362E-01 2.000E+05 0.000E+00 0.000E+00 7.795E+05
 6.24553650E-02   5941.0 1.975E+03 2.674E+12 4.711E-02 3.628E-01 2.000E+05 0.000E+00 0.000E+00 7.817E+05
 7.43585133E-02   5957.8 2.351E+03 3.032E+12 5.247E-02 3.926E-01 2.000E+05 0.000E+00 0.000E+00 7.840E+05
 8.86158907E-02   5974.0 2.802E+03 3.433E+12 5.841E-02 4.258E-01 2.000E+05 0.000E+00 0.000E+00 7.862E+05
 1.05687188E-01   5990.6 3.342E+03 3.893E+12 6.509E-02 4.638E-01 2.000E+05 0.000E+00 0.000E+00 7.885E+05
 1.26098154E-01   6007.9 3.988E+03 4.421E+12 7.266E-02 5.071E-01 2.000E+05 0.000E+00 0.000E+00 7.908E+05
 1.50450332E-01   6026.6 4.758E+03 5.034E+12 8.132E-02 5.570E-01 2.000E+05 0.000E+00 0.000E+00 7.930E+05
 1.79426524E-01   6046.9 5.674E+03 5.750E+12 9.127E-02 6.146E-01 2.000E+05 0.000E+00 0.000E+00 7.953E+05
 2.13788315E-01   6069.6 6.760E+03 6.597E+12 1.029E-01 6.821E-01 2.000E+05 0.000E+00 0.000E+00 7.976E+05
 2.54338634E-01   6095.6 8.043E+03 7.614E+12 1.165E-01 7.622E-01 2.000E+05 0.000E+00 0.000E+00 8.000E+05
 3.01926386E-01   6125.7 9.548E+03 8.852E+12 1.328E-01 8.586E-01 2.000E+05 0.000E+00 0.000E+00 8.024E+05
 3.57346940E-01   6161.6 1.130E+04 1.040E+13 1.528E-01 9.777E-01 2.000E+05 0.000E+00 0.000E+00 8.050E+05
 4.21238509E-01   6204.9 1.332E+04 1.237E+13 1.777E-01 1.127E+00 2.000E+05 0.000E+00 0.000E+00 8.077E+05
 4.94015984E-01   6257.4 1.562E+04 1.493E+13 2.094E-01 1.318E+00 2.000E+05 0.000E+00 0.000E+00 8.107E+05
 5.75725869E-01   6321.4 1.821E+04 1.836E+13 2.508E-01 1.568E+00 2.000E+05 0.000E+00 0.000E+00 8.139E+05
 6.65881192E-01   6399.5 2.106E+04 2.306E+13 3.060E-01 1.902E+00 2.000E+05 0.000E+00 0.000E+00 8.173E+05
 7.63330707E-01   6494.8 2.414E+04 2.970E+13 3.818E-01 2.363E+00 2.000E+05 0.000E+00 0.000E+00 8.210E+05
 8.66174662E-01   6610.8 2.739E+04 3.932E+13 4.888E-01 3.016E+00 2.000E+05 0.000E+00 0.000E+00 8.248E+05
 9.71682601E-01   6752.0 3.073E+04 5.372E+13 6.454E-01 3.975E+00 2.000E+05 0.000E+00 0.000E+00 8.287E+05
 1.07647532E+00   6922.3 3.404E+04 7.582E+13 8.816E-01 5.432E+00 2.000E+05 3.369E+01 0.000E+00 8.322E+05
 1.17681138E+00   7127.3 3.721E+04 1.108E+14 1.253E+00 7.744E+00 2.000E+05 3.027E+03 1.275E+03 8.353E+05
 1.26888890E+00   7373.1 4.012E+04 1.676E+14 1.864E+00 1.160E+01 2.000E+05 1.349E+05 5.451E+03 8.379E+05
 1.34906008E+00   7671.6 4.266E+04 2.642E+14 2.942E+00 1.855E+01 2.000E+05 5.485E+06 1.837E+04 8.404E+05
 1.41455560E+00   8032.7 4.473E+04 4.329E+14 4.971E+00 3.175E+01 2.000E+05 7.776E+07 6.004E+04 8.441E+05
 1.46357432E+00   8484.2 4.627E+04 7.470E+14 9.251E+00 5.816E+01 2.000E+05 5.437E+08 1.329E+05 8.525E+05
 1.49813035E+00   8966.7 4.736E+04 1.246E+15 1.725E+01 9.523E+01 2.000E+05 2.157E+09 2.295E+05 8.679E+05
 1.52502052E+00   9339.2 4.821E+04 1.775E+15 2.706E+01 1.105E+02 2.000E+05 4.873E+09 3.265E+05 8.847E+05
 1.54982304E+00   9614.2 4.899E+04 2.260E+15 3.679E+01 1.032E+02 2.000E+05 7.504E+09 3.657E+05 8.999E+05
 1.57498067E+00   9847.8 4.979E+04 2.740E+15 4.707E+01 9.176E+01 2.000E+05 9.474E+09 3.906E+05 9.146E+05
 1.60172652E+00  10058.9 5.063E+04 3.231E+15 5.810E+01 8.049E+01 2.000E+05 1.087E+10 4.042E+05 9.294E+05
 1.63101158E+00  10256.6 5.155E+04 3.743E+15 6.996E+01 7.130E+01 2.000E+05 1.179E+10 4.120E+05 9.444E+05
 1.66369510E+00  10448.7 5.259E+04 4.288E+15 8.305E+01 6.447E+01 2.000E+05 1.241E+10 4.170E+05 9.601E+05
 1.70062765E+00  10638.4 5.375E+04 4.875E+15 9.750E+01 5.916E+01 2.000E+05 1.282E+10 4.196E+05 9.767E+05
 1.74275951E+00  10829.3 5.508E+04 5.515E+15 1.136E+02 5.523E+01 2.000E+05 1.312E+10 4.224E+05 9.944E+05
 1.79113108E+00  11025.5 5.661E+04 6.221E+15 1.316E+02 5.184E+01 2.000E+05 1.333E+10 4.235E+05 1.014E+06
 1.84698805E+00  11226.4 5.837E+04 6.996E+15 1.514E+02 4.951E+01 2.000E+05 1.350E+10 4.261E+05 1.034E+06
 1.91201881E+00  11441.7 6.042E+04 7.878E+15 1.726E+02 4.707E+01 2.000E+05 1.362E+10 4.267E+05 1.057E+06
 1.98840040E+00  11663.6 6.284E+04 8.846E+15 1.955E+02 4.542E+01 2.000E+05 1.372E+10 4.299E+05 1.082E+06
 2.07829977E+00  11912.8 6.568E+04 9.979E+15 2.216E+02 4.407E+01 2.000E+05 1.380E+10 4.306E+05 1.111E+06
 2.18474260E+00  12166.2 6.904E+04 1.120E+16 2.484E+02 4.478E+01 2.000E+05 1.385E+10 4.344E+05 1.141E+06
PRADK 4.2463E+00
BEGIN                    ITERATION  15 COMPLETED
