TEFF   5500.  GRAVITY 0.00000 LTE 
TITLE  [-2.0a] N(He)/Ntot=0.0784 VTURB=2.0  L/H=1.25 ODFNEW                     
 OPACITY IFOP 1 1 1 1 1 1 1 1 1 1 1 1 1 0 1 0 0 0 0 0
 CONVECTION ON   1.25 TURBULENCE OFF  0.00  0.00  0.00  0.00
ABUNDANCE SCALE   0.01000 ABUNDANCE CHANGE 1 0.92130 2 0.07842
 ABUNDANCE CHANGE  3 -10.94  4 -10.64  5  -9.49  6  -3.52  7  -4.12  8  -2.81
 ABUNDANCE CHANGE  9  -7.48 10  -3.56 11  -5.71 12  -4.06 13  -5.57 14  -4.09
 ABUNDANCE CHANGE 15  -6.59 16  -4.31 17  -6.54 18  -5.24 19  -6.92 20  -5.28
 ABUNDANCE CHANGE 21  -8.87 22  -6.62 23  -8.04 24  -6.37 25  -6.65 26  -4.54
 ABUNDANCE CHANGE 27  -7.12 28  -5.79 29  -7.83 30  -7.44 31  -9.16 32  -8.63
 ABUNDANCE CHANGE 33  -9.67 34  -8.63 35  -9.41 36  -8.73 37  -9.44 38  -9.07
 ABUNDANCE CHANGE 39  -9.80 40  -9.44 41 -10.62 42 -10.12 43 -20.00 44 -10.20
 ABUNDANCE CHANGE 45 -10.92 46 -10.35 47 -11.10 48 -10.27 49 -10.38 50 -10.04
 ABUNDANCE CHANGE 51 -11.04 52  -9.80 53 -10.53 54  -9.87 55 -10.91 56  -9.91
 ABUNDANCE CHANGE 57 -10.87 58 -10.46 59 -11.33 60 -10.54 61 -20.00 62 -11.03
 ABUNDANCE CHANGE 63 -11.53 64 -10.92 65 -11.69 66 -10.90 67 -11.78 68 -11.11
 ABUNDANCE CHANGE 69 -12.04 70 -10.96 71 -11.98 72 -11.16 73 -12.17 74 -10.93
 ABUNDANCE CHANGE 75 -11.76 76 -10.59 77 -10.69 78 -10.24 79 -11.03 80 -10.91
 ABUNDANCE CHANGE 81 -11.14 82 -10.09 83 -11.33 84 -20.00 85 -20.00 86 -20.00
 ABUNDANCE CHANGE 87 -20.00 88 -20.00 89 -20.00 90 -11.95 91 -20.00 92 -12.54
 ABUNDANCE CHANGE 93 -20.00 94 -20.00 95 -20.00 96 -20.00 97 -20.00 98 -20.00
 ABUNDANCE CHANGE 99 -20.00
READ DECK6 72 RHOX,T,P,XNE,ABROSS,ACCRAD,VTURB, FLXCNV,VCONV,VELSND
 2.02743488E-03   3581.2 2.025E-03 3.835E+05 6.578E-05 1.022E-03 2.000E+05 0.000E+00 0.000E+00 1.907E+07
 2.71062419E-03   3593.8 2.712E-03 4.802E+05 6.350E-05 1.084E-03 2.000E+05 0.000E+00 0.000E+00 1.656E+07
 3.67280227E-03   3593.8 3.694E-03 5.618E+05 5.722E-05 1.005E-03 2.000E+05 0.000E+00 0.000E+00 1.428E+07
 5.10873903E-03   3593.8 5.153E-03 6.655E+05 5.112E-05 8.839E-04 2.000E+05 0.000E+00 0.000E+00 1.215E+07
 7.30068537E-03   3593.8 7.344E-03 7.978E+05 4.561E-05 8.126E-04 2.000E+05 0.000E+00 0.000E+00 1.020E+07
 1.05342430E-02   3598.4 1.059E-02 9.893E+05 4.157E-05 7.724E-04 2.000E+05 0.000E+00 1.377E+06 8.526E+06
 1.51930508E-02   3610.1 1.524E-02 1.280E+06 3.918E-05 7.643E-04 2.000E+05 0.000E+00 1.308E+06 7.130E+06
 2.17328437E-02   3624.3 2.178E-02 1.671E+06 3.742E-05 7.552E-04 2.000E+05 0.000E+00 9.384E+05 5.990E+06
 3.08060327E-02   3641.1 3.085E-02 2.205E+06 3.625E-05 7.523E-04 2.000E+05 0.000E+00 6.662E+05 5.059E+06
 4.31824713E-02   3661.1 4.322E-02 2.945E+06 3.572E-05 7.550E-04 2.000E+05 0.000E+00 4.566E+05 4.300E+06
 5.98172624E-02   3683.7 5.983E-02 3.964E+06 3.568E-05 7.591E-04 2.000E+05 0.000E+00 1.877E+05 3.682E+06
 8.18717840E-02   3708.7 8.187E-02 5.366E+06 3.609E-05 7.645E-04 2.000E+05 0.000E+00 7.796E+04 3.176E+06
 1.10790716E-01   3735.7 1.108E-01 7.284E+06 3.688E-05 7.715E-04 2.000E+05 0.000E+00 2.347E+04 2.759E+06
 1.48359220E-01   3764.0 1.483E-01 9.892E+06 3.800E-05 7.804E-04 2.000E+05 0.000E+00 0.000E+00 2.415E+06
 1.96867600E-01   3792.9 1.968E-01 1.337E+07 3.932E-05 7.917E-04 2.000E+05 0.000E+00 0.000E+00 2.129E+06
 2.59217800E-01   3822.7 2.591E-01 1.806E+07 4.089E-05 7.923E-04 2.000E+05 0.000E+00 0.000E+00 1.889E+06
 3.39045583E-01   3852.9 3.388E-01 2.429E+07 4.264E-05 7.869E-04 2.000E+05 0.000E+00 0.000E+00 1.688E+06
 4.41046315E-01   3883.0 4.407E-01 3.249E+07 4.453E-05 7.819E-04 2.000E+05 0.000E+00 0.000E+00 1.519E+06
 5.71192940E-01   3912.9 5.708E-01 4.322E+07 4.657E-05 7.773E-04 2.000E+05 0.000E+00 0.000E+00 1.376E+06
 7.37021780E-01   3942.7 7.364E-01 5.721E+07 4.877E-05 7.734E-04 2.000E+05 0.000E+00 0.000E+00 1.255E+06
 9.47964093E-01   3972.3 9.472E-01 7.540E+07 5.119E-05 7.706E-04 2.000E+05 0.000E+00 0.000E+00 1.154E+06
 1.21550379E+00   4002.1 1.215E+00 9.907E+07 5.392E-05 7.696E-04 2.000E+05 0.000E+00 0.000E+00 1.069E+06
 1.55324345E+00   4032.5 1.552E+00 1.300E+08 5.712E-05 7.701E-04 2.000E+05 0.000E+00 0.000E+00 9.991E+05
 1.97678218E+00   4063.7 1.975E+00 1.706E+08 6.097E-05 7.719E-04 2.000E+05 0.000E+00 0.000E+00 9.415E+05
 2.50365648E+00   4096.0 2.502E+00 2.239E+08 6.563E-05 7.747E-04 2.000E+05 0.000E+00 0.000E+00 8.946E+05
 3.15334767E+00   4129.2 3.151E+00 2.938E+08 7.128E-05 7.786E-04 2.000E+05 0.000E+00 0.000E+00 8.569E+05
 3.94745543E+00   4163.3 3.944E+00 3.846E+08 7.808E-05 7.842E-04 2.000E+05 0.000E+00 0.000E+00 8.268E+05
 4.91033003E+00   4197.8 4.906E+00 5.016E+08 8.617E-05 7.912E-04 2.000E+05 0.000E+00 0.000E+00 8.029E+05
 6.07003365E+00   4232.3 6.065E+00 6.506E+08 9.568E-05 7.998E-04 2.000E+05 0.000E+00 0.000E+00 7.840E+05
 7.45914954E+00   4266.5 7.453E+00 8.383E+08 1.068E-04 8.103E-04 2.000E+05 0.000E+00 0.000E+00 7.691E+05
 9.11636150E+00   4300.0 9.109E+00 1.072E+09 1.195E-04 8.230E-04 2.000E+05 0.000E+00 0.000E+00 7.574E+05
 1.10881383E+01   4332.7 1.108E+01 1.358E+09 1.341E-04 8.384E-04 2.000E+05 0.000E+00 0.000E+00 7.483E+05
 1.34291105E+01   4364.4 1.342E+01 1.708E+09 1.507E-04 8.566E-04 2.000E+05 0.000E+00 0.000E+00 7.412E+05
 1.62091865E+01   4393.9 1.620E+01 2.122E+09 1.691E-04 8.806E-04 2.000E+05 0.000E+00 0.000E+00 7.356E+05
 1.95076091E+01   4423.0 1.949E+01 2.623E+09 1.904E-04 9.094E-04 2.000E+05 0.000E+00 0.000E+00 7.313E+05
 2.34095300E+01   4451.6 2.339E+01 3.225E+09 2.149E-04 9.427E-04 2.000E+05 0.000E+00 0.000E+00 7.281E+05
 2.80160320E+01   4479.5 2.799E+01 3.945E+09 2.429E-04 9.812E-04 2.000E+05 0.000E+00 0.000E+00 7.257E+05
 3.34476868E+01   4506.5 3.342E+01 4.796E+09 2.748E-04 1.026E-03 2.000E+05 0.000E+00 0.000E+00 7.240E+05
 3.98504117E+01   4532.6 3.981E+01 5.796E+09 3.109E-04 1.078E-03 2.000E+05 0.000E+00 0.000E+00 7.229E+05
 4.73946983E+01   4558.0 4.735E+01 6.972E+09 3.521E-04 1.141E-03 2.000E+05 0.000E+00 0.000E+00 7.223E+05
 5.62646301E+01   4583.9 5.621E+01 8.387E+09 4.000E-04 1.213E-03 2.000E+05 0.000E+00 0.000E+00 7.221E+05
 6.66536741E+01   4610.7 6.658E+01 1.010E+10 4.563E-04 1.299E-03 2.000E+05 0.000E+00 0.000E+00 7.223E+05
 7.87657910E+01   4638.9 7.868E+01 1.220E+10 5.235E-04 1.404E-03 2.000E+05 0.000E+00 0.000E+00 7.229E+05
 9.27842319E+01   4669.9 9.267E+01 1.484E+10 6.060E-04 1.536E-03 2.000E+05 0.000E+00 0.000E+00 7.238E+05
 1.08839777E+02   4704.9 1.087E+02 1.825E+10 7.099E-04 1.705E-03 2.000E+05 0.000E+00 0.000E+00 7.252E+05
 1.26985068E+02   4745.3 1.268E+02 2.276E+10 8.438E-04 1.924E-03 2.000E+05 0.000E+00 0.000E+00 7.271E+05
 1.47169369E+02   4792.6 1.470E+02 2.892E+10 1.021E-03 2.216E-03 2.000E+05 0.000E+00 0.000E+00 7.295E+05
 1.69181270E+02   4848.9 1.689E+02 3.760E+10 1.262E-03 2.621E-03 2.000E+05 0.000E+00 0.000E+00 7.324E+05
 1.92639434E+02   4915.9 1.923E+02 5.020E+10 1.598E-03 3.185E-03 2.000E+05 0.000E+00 0.000E+00 7.359E+05
 2.17021272E+02   4995.8 2.166E+02 6.906E+10 2.078E-03 3.991E-03 2.000E+05 0.000E+00 0.000E+00 7.398E+05
 2.41659695E+02   5091.1 2.411E+02 9.825E+10 2.784E-03 5.180E-03 2.000E+05 0.000E+00 0.000E+00 7.441E+05
 2.65783300E+02   5204.3 2.651E+02 1.449E+11 3.856E-03 6.988E-03 2.000E+05 7.525E-10 0.000E+00 7.486E+05
 2.88597273E+02   5338.3 2.877E+02 2.221E+11 5.539E-03 9.826E-03 2.000E+05 2.100E-05 1.740E+00 7.527E+05
 3.09344085E+02   5496.6 3.082E+02 3.541E+11 8.295E-03 1.449E-02 2.000E+05 1.303E-03 5.135E+01 7.558E+05
 3.27405927E+02   5682.7 3.260E+02 5.870E+11 1.300E-02 2.250E-02 2.000E+05 5.889E-02 1.953E+02 7.571E+05
 3.42365279E+02   5901.6 3.405E+02 1.012E+12 2.151E-02 3.714E-02 2.000E+05 3.271E+00 6.690E+02 7.562E+05
 3.54040199E+02   6159.6 3.516E+02 1.816E+12 3.794E-02 6.586E-02 2.000E+05 3.121E+02 2.445E+03 7.535E+05
 3.62494638E+02   6465.5 3.593E+02 3.391E+12 7.268E-02 1.278E-01 2.000E+05 5.220E+04 1.056E+04 7.516E+05
 3.68060769E+02   6828.8 3.638E+02 6.560E+12 1.541E-01 2.776E-01 2.000E+05 1.686E+06 5.420E+04 7.552E+05
 3.71293826E+02   7266.6 3.656E+02 1.312E+13 3.724E-01 6.780E-01 2.000E+05 9.098E+07 1.574E+05 7.707E+05
 3.73009254E+02   7743.1 3.655E+02 2.491E+13 9.301E-01 1.423E+00 2.000E+05 7.119E+08 5.726E+05 8.020E+05
 3.74090255E+02   8079.0 3.649E+02 3.656E+13 1.690E+00 1.566E+00 2.000E+05 1.872E+09 1.037E+06 8.341E+05
 3.75010806E+02   8290.5 3.645E+02 4.520E+13 2.385E+00 1.264E+00 2.000E+05 2.791E+09 1.149E+06 8.591E+05
 3.75931285E+02   8453.1 3.644E+02 5.240E+13 3.051E+00 1.054E+00 2.000E+05 3.259E+09 1.216E+06 8.808E+05
 3.76908929E+02   8603.9 3.644E+02 5.937E+13 3.773E+00 9.275E-01 2.000E+05 3.531E+09 1.262E+06 9.030E+05
 3.77982371E+02   8741.7 3.645E+02 6.587E+13 4.510E+00 8.386E-01 2.000E+05 3.683E+09 1.293E+06 9.248E+05
 3.79188491E+02   8884.3 3.648E+02 7.256E+13 5.321E+00 7.901E-01 2.000E+05 3.771E+09 1.326E+06 9.490E+05
 3.80563870E+02   9027.5 3.651E+02 7.911E+13 6.173E+00 7.572E-01 2.000E+05 3.842E+09 1.355E+06 9.746E+05
 3.82150294E+02   9185.5 3.655E+02 8.593E+13 7.116E+00 7.649E-01 2.000E+05 3.872E+09 1.400E+06 1.004E+06
 3.83995801E+02   9361.7 3.659E+02 9.281E+13 8.101E+00 7.749E-01 2.000E+05 3.891E+09 1.422E+06 1.038E+06
 3.86184495E+02   9560.2 3.663E+02 9.940E+13 8.996E+00 8.808E-01 2.000E+05 3.916E+09 1.504E+06 1.077E+06
 3.88844107E+02   9848.2 3.664E+02 1.064E+14 9.814E+00 1.041E+00 2.000E+05 3.852E+09 1.559E+06 1.133E+06
PRADK 1.2205E+00
BEGIN                    ITERATION  15 COMPLETED
