TEFF   4250.  GRAVITY 3.50000 LTE 
TITLE  [-2.0a] N(He)/Ntot=0.0784 VTURB=2.0  L/H=1.25 ODFNEW                     
 OPACITY IFOP 1 1 1 1 1 1 1 1 1 1 1 1 1 0 1 0 0 0 0 0
 CONVECTION ON   1.25 TURBULENCE OFF  0.00  0.00  0.00  0.00
ABUNDANCE SCALE   0.01000 ABUNDANCE CHANGE 1 0.92156 2 0.07844
 ABUNDANCE CHANGE  3 -10.94  4 -10.64  5  -9.49  6  -3.52  7  -4.12  8  -2.81
 ABUNDANCE CHANGE  9  -7.48 10  -3.56 11  -5.71 12  -4.06 13  -5.57 14  -4.09
 ABUNDANCE CHANGE 15  -6.59 16  -4.31 17  -6.54 18  -5.24 19  -6.92 20  -5.28
 ABUNDANCE CHANGE 21  -8.87 22  -6.62 23  -8.04 24  -6.37 25  -6.65 26  -4.54
 ABUNDANCE CHANGE 27  -7.12 28  -5.79 29  -7.83 30  -7.44 31  -9.16 32  -8.63
 ABUNDANCE CHANGE 33  -9.67 34  -8.63 35  -9.41 36  -8.73 37  -9.44 38  -9.07
 ABUNDANCE CHANGE 39  -9.80 40  -9.44 41 -10.62 42 -10.12 43 -20.00 44 -10.20
 ABUNDANCE CHANGE 45 -10.92 46 -10.35 47 -11.10 48 -10.27 49 -10.38 50 -10.04
 ABUNDANCE CHANGE 51 -11.04 52  -9.80 53 -10.53 54  -9.87 55 -10.91 56  -9.91
 ABUNDANCE CHANGE 57 -10.87 58 -10.46 59 -11.33 60 -10.54 61 -20.00 62 -11.03
 ABUNDANCE CHANGE 63 -11.53 64 -10.92 65 -11.69 66 -10.90 67 -11.78 68 -11.11
 ABUNDANCE CHANGE 69 -12.04 70 -10.96 71 -11.98 72 -11.16 73 -12.17 74 -10.93
 ABUNDANCE CHANGE 75 -11.76 76 -10.59 77 -10.69 78 -10.24 79 -11.03 80 -10.91
 ABUNDANCE CHANGE 81 -11.14 82 -10.09 83 -11.33 84 -20.00 85 -20.00 86 -20.00
 ABUNDANCE CHANGE 87 -20.00 88 -20.00 89 -20.00 90 -11.95 91 -20.00 92 -12.54
 ABUNDANCE CHANGE 93 -20.00 94 -20.00 95 -20.00 96 -20.00 97 -20.00 98 -20.00
 ABUNDANCE CHANGE 99 -20.00
READ DECK6 72 RHOX,T,P,XNE,ABROSS,ACCRAD,VTURB, FLXCNV,VCONV,VELSND
 9.10452633E-03   2751.0 2.879E+01 3.123E+07 1.465E-05 3.384E-04 2.000E+05 0.000E+00 0.000E+00 5.018E+05
 1.19209227E-02   2768.3 3.770E+01 3.983E+07 1.694E-05 3.435E-04 2.000E+05 0.000E+00 0.000E+00 4.990E+05
 1.51840070E-02   2784.6 4.802E+01 4.978E+07 1.942E-05 3.474E-04 2.000E+05 0.000E+00 0.000E+00 4.969E+05
 1.90034129E-02   2801.4 6.009E+01 6.157E+07 2.200E-05 3.506E-04 2.000E+05 0.000E+00 0.000E+00 4.956E+05
 2.35122454E-02   2818.7 7.435E+01 7.569E+07 2.473E-05 3.534E-04 2.000E+05 0.000E+00 0.000E+00 4.949E+05
 2.88766169E-02   2836.5 9.132E+01 9.274E+07 2.766E-05 3.560E-04 2.000E+05 0.000E+00 0.000E+00 4.945E+05
 3.52833438E-02   2854.9 1.116E+02 1.134E+08 3.085E-05 3.587E-04 2.000E+05 0.000E+00 0.000E+00 4.944E+05
 4.29427354E-02   2873.7 1.358E+02 1.384E+08 3.442E-05 3.617E-04 2.000E+05 0.000E+00 0.000E+00 4.946E+05
 5.20867506E-02   2893.1 1.647E+02 1.687E+08 3.849E-05 3.648E-04 2.000E+05 0.000E+00 0.000E+00 4.950E+05
 6.29810723E-02   2912.8 1.992E+02 2.053E+08 4.311E-05 3.685E-04 2.000E+05 0.000E+00 0.000E+00 4.955E+05
 7.59623188E-02   2932.9 2.402E+02 2.497E+08 4.820E-05 3.729E-04 2.000E+05 0.000E+00 0.000E+00 4.962E+05
 9.14584322E-02   2953.6 2.892E+02 3.035E+08 5.381E-05 3.779E-04 2.000E+05 0.000E+00 0.000E+00 4.971E+05
 1.09977761E-01   2974.9 3.478E+02 3.691E+08 6.003E-05 3.840E-04 2.000E+05 0.000E+00 0.000E+00 4.981E+05
 1.32098575E-01   2997.0 4.177E+02 4.492E+08 6.706E-05 3.910E-04 2.000E+05 0.000E+00 0.000E+00 4.992E+05
 1.58498696E-01   3020.0 5.012E+02 5.474E+08 7.500E-05 3.983E-04 2.000E+05 0.000E+00 0.000E+00 5.006E+05
 1.89889024E-01   3043.6 6.005E+02 6.669E+08 8.432E-05 4.065E-04 2.000E+05 0.000E+00 0.000E+00 5.021E+05
 2.27132622E-01   3067.9 7.183E+02 8.126E+08 9.467E-05 4.158E-04 2.000E+05 0.000E+00 0.000E+00 5.037E+05
 2.71391235E-01   3092.9 8.582E+02 9.903E+08 1.062E-04 4.261E-04 2.000E+05 0.000E+00 0.000E+00 5.055E+05
 3.24046896E-01   3118.9 1.025E+03 1.208E+09 1.190E-04 4.376E-04 2.000E+05 0.000E+00 0.000E+00 5.075E+05
 3.86577989E-01   3145.0 1.222E+03 1.472E+09 1.339E-04 4.511E-04 2.000E+05 0.000E+00 0.000E+00 5.094E+05
 4.60544159E-01   3171.8 1.456E+03 1.792E+09 1.513E-04 4.659E-04 2.000E+05 0.000E+00 0.000E+00 5.115E+05
 5.47664754E-01   3198.4 1.732E+03 2.175E+09 1.716E-04 4.824E-04 2.000E+05 0.000E+00 0.000E+00 5.134E+05
 6.50012375E-01   3224.6 2.056E+03 2.630E+09 1.948E-04 5.012E-04 2.000E+05 0.000E+00 0.000E+00 5.153E+05
 7.70176437E-01   3250.4 2.436E+03 3.168E+09 2.214E-04 5.226E-04 2.000E+05 0.000E+00 0.000E+00 5.171E+05
 9.11138338E-01   3275.5 2.881E+03 3.800E+09 2.517E-04 5.469E-04 2.000E+05 0.000E+00 0.000E+00 5.187E+05
 1.07632691E+00   3299.7 3.404E+03 4.539E+09 2.867E-04 5.749E-04 2.000E+05 0.000E+00 0.000E+00 5.200E+05
 1.26926151E+00   3322.3 4.014E+03 5.387E+09 3.281E-04 6.072E-04 2.000E+05 0.000E+00 0.000E+00 5.211E+05
 1.49392890E+00   3343.7 4.724E+03 6.359E+09 3.759E-04 6.442E-04 2.000E+05 0.000E+00 0.000E+00 5.218E+05
 1.75539547E+00   3363.1 5.551E+03 7.456E+09 4.307E-04 6.867E-04 2.000E+05 0.000E+00 0.000E+00 5.222E+05
 2.05985274E+00   3381.4 6.514E+03 8.706E+09 4.930E-04 7.350E-04 2.000E+05 0.000E+00 0.000E+00 5.223E+05
 2.41453151E+00   3397.7 7.635E+03 1.010E+10 5.643E-04 7.900E-04 2.000E+05 0.000E+00 0.000E+00 5.221E+05
 2.82794108E+00   3413.3 8.943E+03 1.170E+10 6.453E-04 8.526E-04 2.000E+05 0.000E+00 0.000E+00 5.217E+05
 3.31017058E+00   3427.2 1.047E+04 1.347E+10 7.375E-04 9.240E-04 2.000E+05 0.000E+00 0.000E+00 5.210E+05
 3.87318443E+00   3440.3 1.225E+04 1.548E+10 8.420E-04 1.007E-03 2.000E+05 0.000E+00 0.000E+00 5.202E+05
 4.53058122E+00   3453.0 1.433E+04 1.776E+10 9.620E-04 1.100E-03 2.000E+05 0.000E+00 0.000E+00 5.192E+05
 5.29750423E+00   3464.1 1.675E+04 2.030E+10 1.100E-03 1.207E-03 2.000E+05 0.000E+00 0.000E+00 5.180E+05
 6.20657786E+00   3479.0 1.963E+04 2.343E+10 1.219E-03 1.302E-03 2.000E+05 0.000E+00 0.000E+00 5.174E+05
 7.29977215E+00   3491.8 2.308E+04 2.699E+10 1.353E-03 1.412E-03 2.000E+05 0.000E+00 0.000E+00 5.164E+05
 8.61212403E+00   3506.0 2.723E+04 3.124E+10 1.504E-03 1.540E-03 2.000E+05 0.000E+00 0.000E+00 5.155E+05
 1.01844860E+01   3520.5 3.221E+04 3.623E+10 1.675E-03 1.690E-03 2.000E+05 0.000E+00 0.000E+00 5.146E+05
 1.20746339E+01   3538.8 3.818E+04 4.248E+10 1.853E-03 1.860E-03 2.000E+05 0.000E+00 0.000E+00 5.143E+05
 1.43468966E+01   3559.3 4.537E+04 5.011E+10 2.062E-03 2.060E-03 2.000E+05 0.000E+00 0.000E+00 5.142E+05
 1.70609645E+01   3582.7 5.395E+04 5.952E+10 2.309E-03 2.297E-03 2.000E+05 0.000E+00 0.000E+00 5.147E+05
 2.02790823E+01   3611.5 6.413E+04 7.148E+10 2.609E-03 2.583E-03 2.000E+05 0.000E+00 0.000E+00 5.160E+05
 2.40087404E+01   3647.2 7.592E+04 8.685E+10 3.070E-03 2.978E-03 2.000E+05 0.000E+00 0.000E+00 5.186E+05
 2.81456005E+01   3689.0 8.900E+04 1.060E+11 3.767E-03 3.523E-03 2.000E+05 0.000E+00 0.000E+00 5.225E+05
 3.25556159E+01   3750.1 1.029E+05 1.327E+11 4.758E-03 4.274E-03 2.000E+05 1.461E-05 2.855E+03 5.299E+05
 3.72510685E+01   3817.1 1.178E+05 1.657E+11 5.893E-03 5.131E-03 2.000E+05 3.946E-03 1.811E+04 5.384E+05
 4.24455337E+01   3887.0 1.342E+05 2.058E+11 6.949E-03 5.907E-03 2.000E+05 6.361E-03 2.088E+04 5.475E+05
 4.82820828E+01   3964.8 1.527E+05 2.563E+11 8.324E-03 6.831E-03 2.000E+05 1.308E-02 2.624E+04 5.578E+05
 5.47402247E+01   4051.8 1.731E+05 3.200E+11 1.009E-02 7.895E-03 2.000E+05 2.081E-02 3.044E+04 5.696E+05
 6.18222199E+01   4149.6 1.955E+05 4.010E+11 1.231E-02 9.124E-03 2.000E+05 3.091E-02 3.472E+04 5.833E+05
 6.95188884E+01   4262.4 2.198E+05 5.090E+11 1.520E-02 1.059E-02 2.000E+05 4.399E-02 3.934E+04 5.996E+05
 7.77432126E+01   4392.2 2.458E+05 6.647E+11 1.922E-02 1.248E-02 2.000E+05 6.168E-02 4.465E+04 6.189E+05
 8.62243074E+01   4538.4 2.727E+05 9.172E+11 2.548E-02 1.530E-02 2.000E+05 9.076E-02 5.175E+04 6.411E+05
 9.45376110E+01   4694.7 2.990E+05 1.357E+12 3.553E-02 1.927E-02 2.000E+05 1.390E-01 6.082E+04 6.647E+05
 1.02316668E+02   4853.8 3.236E+05 2.113E+12 5.157E-02 2.469E-02 2.000E+05 2.132E-01 7.136E+04 6.879E+05
 1.09405614E+02   5011.8 3.460E+05 3.350E+12 7.580E-02 3.111E-02 2.000E+05 3.136E-01 8.240E+04 7.094E+05
 1.15850538E+02   5168.0 3.663E+05 5.292E+12 1.106E-01 3.761E-02 2.000E+05 4.227E-01 9.185E+04 7.290E+05
 1.21798821E+02   5320.3 3.852E+05 8.191E+12 1.580E-01 4.281E-02 2.000E+05 5.427E-01 1.008E+05 7.463E+05
 1.27433605E+02   5466.0 4.030E+05 1.228E+13 2.193E-01 4.613E-02 2.000E+05 6.464E-01 1.072E+05 7.614E+05
 1.32908048E+02   5607.7 4.203E+05 1.796E+13 2.977E-01 4.817E-02 2.000E+05 7.319E-01 1.119E+05 7.749E+05
 1.38344764E+02   5745.8 4.375E+05 2.566E+13 3.958E-01 4.952E-02 2.000E+05 7.952E-01 1.149E+05 7.870E+05
 1.43838538E+02   5882.1 4.549E+05 3.599E+13 5.188E-01 5.091E-02 2.000E+05 8.404E-01 1.167E+05 7.981E+05
 1.49466204E+02   6017.6 4.726E+05 4.973E+13 6.712E-01 5.246E-02 2.000E+05 8.735E-01 1.179E+05 8.084E+05
 1.55293511E+02   6154.0 4.911E+05 6.801E+13 8.609E-01 5.439E-02 2.000E+05 8.978E-01 1.185E+05 8.181E+05
 1.61373043E+02   6291.6 5.103E+05 9.212E+13 1.097E+00 5.614E-02 2.000E+05 9.169E-01 1.185E+05 8.273E+05
 1.67752764E+02   6431.5 5.305E+05 1.239E+14 1.391E+00 5.811E-02 2.000E+05 9.329E-01 1.190E+05 8.360E+05
 1.74474280E+02   6574.8 5.517E+05 1.659E+14 1.757E+00 5.979E-02 2.000E+05 9.442E-01 1.178E+05 8.444E+05
 1.81588524E+02   6719.2 5.742E+05 2.202E+14 2.209E+00 6.174E-02 2.000E+05 9.554E-01 1.184E+05 8.523E+05
 1.89122368E+02   6870.3 5.980E+05 2.925E+14 2.784E+00 6.338E-02 2.000E+05 9.627E-01 1.166E+05 8.599E+05
 1.97116444E+02   7019.0 6.233E+05 3.829E+14 3.473E+00 6.998E-02 2.000E+05 9.676E-01 1.162E+05 8.669E+05
PRADK 4.3225E-01
BEGIN                    ITERATION  15 COMPLETED
