TEFF   5250.  GRAVITY 3.50000 LTE 
TITLE  [-2.0a] N(He)/Ntot=0.0784 VTURB=2.0  L/H=1.25 ODFNEW                     
 OPACITY IFOP 1 1 1 1 1 1 1 1 1 1 1 1 1 0 1 0 0 0 0 0
 CONVECTION ON   1.25 TURBULENCE OFF  0.00  0.00  0.00  0.00
ABUNDANCE SCALE   0.01000 ABUNDANCE CHANGE 1 0.92130 2 0.07842
 ABUNDANCE CHANGE  3 -10.94  4 -10.64  5  -9.49  6  -3.52  7  -4.12  8  -2.81
 ABUNDANCE CHANGE  9  -7.48 10  -3.56 11  -5.71 12  -4.06 13  -5.57 14  -4.09
 ABUNDANCE CHANGE 15  -6.59 16  -4.31 17  -6.54 18  -5.24 19  -6.92 20  -5.28
 ABUNDANCE CHANGE 21  -8.87 22  -6.62 23  -8.04 24  -6.37 25  -6.65 26  -4.54
 ABUNDANCE CHANGE 27  -7.12 28  -5.79 29  -7.83 30  -7.44 31  -9.16 32  -8.63
 ABUNDANCE CHANGE 33  -9.67 34  -8.63 35  -9.41 36  -8.73 37  -9.44 38  -9.07
 ABUNDANCE CHANGE 39  -9.80 40  -9.44 41 -10.62 42 -10.12 43 -20.00 44 -10.20
 ABUNDANCE CHANGE 45 -10.92 46 -10.35 47 -11.10 48 -10.27 49 -10.38 50 -10.04
 ABUNDANCE CHANGE 51 -11.04 52  -9.80 53 -10.53 54  -9.87 55 -10.91 56  -9.91
 ABUNDANCE CHANGE 57 -10.87 58 -10.46 59 -11.33 60 -10.54 61 -20.00 62 -11.03
 ABUNDANCE CHANGE 63 -11.53 64 -10.92 65 -11.69 66 -10.90 67 -11.78 68 -11.11
 ABUNDANCE CHANGE 69 -12.04 70 -10.96 71 -11.98 72 -11.16 73 -12.17 74 -10.93
 ABUNDANCE CHANGE 75 -11.76 76 -10.59 77 -10.69 78 -10.24 79 -11.03 80 -10.91
 ABUNDANCE CHANGE 81 -11.14 82 -10.09 83 -11.33 84 -20.00 85 -20.00 86 -20.00
 ABUNDANCE CHANGE 87 -20.00 88 -20.00 89 -20.00 90 -11.95 91 -20.00 92 -12.54
 ABUNDANCE CHANGE 93 -20.00 94 -20.00 95 -20.00 96 -20.00 97 -20.00 98 -20.00
 ABUNDANCE CHANGE 99 -20.00
READ DECK6 72 RHOX,T,P,XNE,ABROSS,ACCRAD,VTURB, FLXCNV,VCONV,VELSND
 7.12908105E-03   3669.5 2.254E+01 1.280E+08 1.871E-05 1.106E-03 2.000E+05 0.000E+00 0.000E+00 6.616E+05
 9.39764252E-03   3680.6 2.972E+01 1.631E+08 2.051E-05 1.139E-03 2.000E+05 0.000E+00 0.000E+00 6.572E+05
 1.21499321E-02   3691.8 3.842E+01 2.048E+08 2.259E-05 1.174E-03 2.000E+05 0.000E+00 0.000E+00 6.542E+05
 1.54686227E-02   3704.4 4.891E+01 2.550E+08 2.507E-05 1.212E-03 2.000E+05 0.000E+00 0.000E+00 6.523E+05
 1.94432114E-02   3718.3 6.148E+01 3.153E+08 2.799E-05 1.251E-03 2.000E+05 0.000E+00 0.000E+00 6.513E+05
 2.41771630E-02   3733.2 7.645E+01 3.871E+08 3.142E-05 1.291E-03 2.000E+05 0.000E+00 0.000E+00 6.508E+05
 2.97870269E-02   3749.2 9.419E+01 4.727E+08 3.544E-05 1.333E-03 2.000E+05 0.000E+00 0.000E+00 6.508E+05
 3.64058121E-02   3766.0 1.151E+02 5.741E+08 4.013E-05 1.382E-03 2.000E+05 0.000E+00 0.000E+00 6.511E+05
 4.41835105E-02   3783.6 1.397E+02 6.943E+08 4.563E-05 1.438E-03 2.000E+05 0.000E+00 0.000E+00 6.517E+05
 5.32854357E-02   3802.3 1.685E+02 8.369E+08 5.210E-05 1.497E-03 2.000E+05 0.000E+00 0.000E+00 6.525E+05
 6.39371692E-02   3820.8 2.022E+02 1.004E+09 5.926E-05 1.528E-03 2.000E+05 0.000E+00 0.000E+00 6.535E+05
 7.64028642E-02   3840.3 2.416E+02 1.202E+09 6.763E-05 1.556E-03 2.000E+05 0.000E+00 0.000E+00 6.545E+05
 9.09456491E-02   3860.6 2.876E+02 1.438E+09 7.742E-05 1.580E-03 2.000E+05 0.000E+00 0.000E+00 6.558E+05
 1.07864062E-01   3881.9 3.411E+02 1.718E+09 8.886E-05 1.604E-03 2.000E+05 0.000E+00 0.000E+00 6.571E+05
 1.27497648E-01   3903.8 4.032E+02 2.049E+09 1.022E-04 1.630E-03 2.000E+05 0.000E+00 0.000E+00 6.586E+05
 1.50227988E-01   3926.6 4.751E+02 2.444E+09 1.179E-04 1.652E-03 2.000E+05 0.000E+00 0.000E+00 6.601E+05
 1.76496516E-01   3949.6 5.581E+02 2.910E+09 1.361E-04 1.672E-03 2.000E+05 0.000E+00 0.000E+00 6.617E+05
 2.06815102E-01   3972.9 6.540E+02 3.460E+09 1.573E-04 1.690E-03 2.000E+05 0.000E+00 0.000E+00 6.633E+05
 2.41802587E-01   3995.6 7.646E+02 4.103E+09 1.817E-04 1.718E-03 2.000E+05 0.000E+00 0.000E+00 6.649E+05
 2.82183961E-01   4018.2 8.923E+02 4.856E+09 2.100E-04 1.754E-03 2.000E+05 0.000E+00 0.000E+00 6.665E+05
 3.28790806E-01   4040.7 1.040E+03 5.740E+09 2.426E-04 1.794E-03 2.000E+05 0.000E+00 0.000E+00 6.681E+05
 3.82613602E-01   4062.6 1.210E+03 6.767E+09 2.800E-04 1.845E-03 2.000E+05 0.000E+00 0.000E+00 6.696E+05
 4.44828929E-01   4084.1 1.407E+03 7.964E+09 3.229E-04 1.901E-03 2.000E+05 0.000E+00 0.000E+00 6.710E+05
 5.16832635E-01   4104.7 1.634E+03 9.346E+09 3.717E-04 1.965E-03 2.000E+05 0.000E+00 0.000E+00 6.724E+05
 6.00318538E-01   4124.5 1.898E+03 1.094E+10 4.271E-04 2.038E-03 2.000E+05 0.000E+00 0.000E+00 6.737E+05
 6.97319788E-01   4143.2 2.205E+03 1.276E+10 4.896E-04 2.124E-03 2.000E+05 0.000E+00 0.000E+00 6.748E+05
 8.10262934E-01   4160.8 2.562E+03 1.484E+10 5.602E-04 2.223E-03 2.000E+05 0.000E+00 0.000E+00 6.758E+05
 9.42051880E-01   4177.2 2.979E+03 1.721E+10 6.395E-04 2.342E-03 2.000E+05 0.000E+00 0.000E+00 6.766E+05
 1.09615160E+00   4192.6 3.466E+03 1.989E+10 7.288E-04 2.488E-03 2.000E+05 0.000E+00 0.000E+00 6.773E+05
 1.27659055E+00   4207.2 4.037E+03 2.296E+10 8.297E-04 2.660E-03 2.000E+05 0.000E+00 0.000E+00 6.778E+05
 1.48792765E+00   4221.6 4.705E+03 2.650E+10 9.447E-04 2.855E-03 2.000E+05 0.000E+00 0.000E+00 6.783E+05
 1.73553660E+00   4235.5 5.488E+03 3.055E+10 1.075E-03 3.076E-03 2.000E+05 0.000E+00 0.000E+00 6.786E+05
 2.02567525E+00   4249.3 6.406E+03 3.521E+10 1.223E-03 3.327E-03 2.000E+05 0.000E+00 0.000E+00 6.788E+05
 2.36568271E+00   4262.8 7.481E+03 4.056E+10 1.392E-03 3.611E-03 2.000E+05 0.000E+00 0.000E+00 6.789E+05
 2.76405545E+00   4276.4 8.741E+03 4.673E+10 1.585E-03 3.933E-03 2.000E+05 0.000E+00 0.000E+00 6.789E+05
 3.23075106E+00   4289.8 1.022E+04 5.382E+10 1.804E-03 4.299E-03 2.000E+05 0.000E+00 0.000E+00 6.788E+05
 3.77712938E+00   4303.8 1.194E+04 6.204E+10 2.056E-03 4.727E-03 2.000E+05 0.000E+00 0.000E+00 6.787E+05
 4.41612079E+00   4318.1 1.396E+04 7.157E+10 2.345E-03 5.217E-03 2.000E+05 0.000E+00 0.000E+00 6.785E+05
 5.16238014E+00   4333.4 1.632E+04 8.273E+10 2.681E-03 5.780E-03 2.000E+05 0.000E+00 0.000E+00 6.782E+05
 6.03252109E+00   4349.6 1.908E+04 9.577E+10 3.068E-03 6.428E-03 2.000E+05 0.000E+00 0.000E+00 6.780E+05
 7.04476110E+00   4367.6 2.228E+04 1.113E+11 3.523E-03 7.185E-03 2.000E+05 0.000E+00 0.000E+00 6.780E+05
 8.21760816E+00   4388.2 2.599E+04 1.299E+11 4.065E-03 8.093E-03 2.000E+05 0.000E+00 0.000E+00 6.782E+05
 9.56960119E+00   4412.0 3.026E+04 1.526E+11 4.715E-03 9.169E-03 2.000E+05 0.000E+00 0.000E+00 6.788E+05
 1.11178577E+01   4440.3 3.516E+04 1.808E+11 5.513E-03 1.048E-02 2.000E+05 0.000E+00 0.000E+00 6.799E+05
 1.28756427E+01   4474.0 4.072E+04 2.167E+11 6.505E-03 1.208E-02 2.000E+05 0.000E+00 0.000E+00 6.818E+05
 1.48517686E+01   4513.6 4.697E+04 2.631E+11 7.758E-03 1.407E-02 2.000E+05 0.000E+00 0.000E+00 6.846E+05
 1.70443726E+01   4561.2 5.390E+04 3.254E+11 9.394E-03 1.662E-02 2.000E+05 0.000E+00 0.000E+00 6.885E+05
 1.94449465E+01   4616.1 6.149E+04 4.096E+11 1.151E-02 1.980E-02 2.000E+05 0.000E+00 0.000E+00 6.935E+05
 2.20318255E+01   4681.2 6.967E+04 5.294E+11 1.440E-02 2.405E-02 2.000E+05 0.000E+00 0.000E+00 6.997E+05
 2.47575913E+01   4758.2 7.829E+04 7.062E+11 1.846E-02 2.995E-02 2.000E+05 0.000E+00 0.000E+00 7.075E+05
 2.75429131E+01   4851.6 8.710E+04 9.841E+11 2.453E-02 3.876E-02 2.000E+05 0.000E+00 0.000E+00 7.170E+05
 3.02939536E+01   4961.2 9.580E+04 1.429E+12 3.366E-02 5.194E-02 2.000E+05 6.710E+02 0.000E+00 7.280E+05
 3.29060429E+01   5096.2 1.041E+05 2.210E+12 4.850E-02 7.334E-02 2.000E+05 4.821E+05 2.347E+03 7.411E+05
 3.52487109E+01   5266.5 1.115E+05 3.707E+12 7.429E-02 1.102E-01 2.000E+05 8.829E+06 2.087E+04 7.565E+05
 3.72555813E+01   5463.8 1.178E+05 6.495E+12 1.173E-01 1.703E-01 2.000E+05 4.512E+07 5.286E+04 7.728E+05
 3.89153647E+01   5697.9 1.231E+05 1.201E+13 1.928E-01 2.707E-01 2.000E+05 1.360E+08 8.168E+04 7.902E+05
 4.02430244E+01   5963.3 1.273E+05 2.276E+13 3.227E-01 4.214E-01 2.000E+05 3.602E+08 1.102E+05 8.077E+05
 4.13291322E+01   6217.5 1.307E+05 3.992E+13 5.088E-01 5.728E-01 2.000E+05 7.730E+08 1.540E+05 8.224E+05
 4.22894146E+01   6437.4 1.337E+05 6.277E+13 7.379E-01 6.666E-01 2.000E+05 1.285E+09 1.830E+05 8.333E+05
 4.31929087E+01   6640.9 1.366E+05 9.302E+13 1.025E+00 7.107E-01 2.000E+05 1.777E+09 2.044E+05 8.419E+05
 4.40767714E+01   6829.3 1.394E+05 1.313E+14 1.374E+00 7.153E-01 2.000E+05 2.185E+09 2.174E+05 8.486E+05
 4.49662778E+01   7008.6 1.422E+05 1.793E+14 1.801E+00 7.064E-01 2.000E+05 2.491E+09 2.254E+05 8.539E+05
 4.58793203E+01   7180.7 1.451E+05 2.387E+14 2.321E+00 6.944E-01 2.000E+05 2.713E+09 2.293E+05 8.580E+05
 4.68307381E+01   7347.7 1.481E+05 3.112E+14 2.953E+00 6.872E-01 2.000E+05 2.873E+09 2.315E+05 8.613E+05
 4.78320498E+01   7512.3 1.513E+05 4.001E+14 3.727E+00 6.768E-01 2.000E+05 2.992E+09 2.311E+05 8.639E+05
 4.88957047E+01   7672.8 1.546E+05 5.064E+14 4.657E+00 6.726E-01 2.000E+05 3.085E+09 2.308E+05 8.661E+05
 5.00313106E+01   7835.1 1.582E+05 6.368E+14 5.810E+00 6.623E-01 2.000E+05 3.154E+09 2.281E+05 8.680E+05
 5.12521594E+01   7991.6 1.621E+05 7.885E+14 7.173E+00 6.480E-01 2.000E+05 3.212E+09 2.263E+05 8.698E+05
 5.25671683E+01   8153.9 1.662E+05 9.760E+14 8.892E+00 6.367E-01 2.000E+05 3.258E+09 2.226E+05 8.717E+05
 5.39926992E+01   8308.0 1.707E+05 1.188E+15 1.087E+01 6.165E-01 2.000E+05 3.291E+09 2.196E+05 8.737E+05
 5.55395176E+01   8471.2 1.756E+05 1.452E+15 1.340E+01 6.030E-01 2.000E+05 3.321E+09 2.151E+05 8.762E+05
 5.72268509E+01   8623.1 1.810E+05 1.742E+15 1.624E+01 6.236E-01 2.000E+05 3.336E+09 2.120E+05 8.788E+05
PRADK 1.0124E+00
BEGIN                    ITERATION  15 COMPLETED
