TEFF   7000.  GRAVITY 2.50000 LTE 
TITLE  [-2.0a] N(He)/Ntot=0.0784 VTURB=2.0  L/H=1.25 ODFNEW                     
 OPACITY IFOP 1 1 1 1 1 1 1 1 1 1 1 1 1 0 1 0 0 0 0 0
 CONVECTION ON   1.25 TURBULENCE OFF  0.00  0.00  0.00  0.00
ABUNDANCE SCALE   0.01000 ABUNDANCE CHANGE 1 0.92130 2 0.07842
 ABUNDANCE CHANGE  3 -10.94  4 -10.64  5  -9.49  6  -3.52  7  -4.12  8  -2.81
 ABUNDANCE CHANGE  9  -7.48 10  -3.56 11  -5.71 12  -4.06 13  -5.57 14  -4.09
 ABUNDANCE CHANGE 15  -6.59 16  -4.31 17  -6.54 18  -5.24 19  -6.92 20  -5.28
 ABUNDANCE CHANGE 21  -8.87 22  -6.62 23  -8.04 24  -6.37 25  -6.65 26  -4.54
 ABUNDANCE CHANGE 27  -7.12 28  -5.79 29  -7.83 30  -7.44 31  -9.16 32  -8.63
 ABUNDANCE CHANGE 33  -9.67 34  -8.63 35  -9.41 36  -8.73 37  -9.44 38  -9.07
 ABUNDANCE CHANGE 39  -9.80 40  -9.44 41 -10.62 42 -10.12 43 -20.00 44 -10.20
 ABUNDANCE CHANGE 45 -10.92 46 -10.35 47 -11.10 48 -10.27 49 -10.38 50 -10.04
 ABUNDANCE CHANGE 51 -11.04 52  -9.80 53 -10.53 54  -9.87 55 -10.91 56  -9.91
 ABUNDANCE CHANGE 57 -10.87 58 -10.46 59 -11.33 60 -10.54 61 -20.00 62 -11.03
 ABUNDANCE CHANGE 63 -11.53 64 -10.92 65 -11.69 66 -10.90 67 -11.78 68 -11.11
 ABUNDANCE CHANGE 69 -12.04 70 -10.96 71 -11.98 72 -11.16 73 -12.17 74 -10.93
 ABUNDANCE CHANGE 75 -11.76 76 -10.59 77 -10.69 78 -10.24 79 -11.03 80 -10.91
 ABUNDANCE CHANGE 81 -11.14 82 -10.09 83 -11.33 84 -20.00 85 -20.00 86 -20.00
 ABUNDANCE CHANGE 87 -20.00 88 -20.00 89 -20.00 90 -11.95 91 -20.00 92 -12.54
 ABUNDANCE CHANGE 93 -20.00 94 -20.00 95 -20.00 96 -20.00 97 -20.00 98 -20.00
 ABUNDANCE CHANGE 99 -20.00
READ DECK6 72 RHOX,T,P,XNE,ABROSS,ACCRAD,VTURB, FLXCNV,VCONV,VELSND
 7.29049575E-05   4590.5 2.305E-02 1.712E+08 1.829E-03 3.659E-02 2.000E+05 0.000E+00 0.000E+00 6.457E+06
 9.83525350E-05   4600.8 3.110E-02 2.070E+08 1.666E-03 3.585E-02 2.000E+05 0.000E+00 0.000E+00 5.756E+06
 1.35882857E-04   4609.4 4.296E-02 2.514E+08 1.494E-03 3.502E-02 2.000E+05 0.000E+00 0.000E+00 5.092E+06
 1.91421921E-04   4622.7 6.053E-02 3.139E+08 1.354E-03 3.426E-02 2.000E+05 0.000E+00 8.917E+05 4.453E+06
 2.73293922E-04   4638.7 8.641E-02 3.982E+08 1.233E-03 3.350E-02 2.000E+05 0.000E+00 6.139E+05 3.865E+06
 3.92223025E-04   4659.0 1.240E-01 5.147E+08 1.141E-03 3.275E-02 2.000E+05 0.000E+00 3.929E+05 3.338E+06
 5.62337726E-04   4683.1 1.778E-01 6.732E+08 1.071E-03 3.197E-02 2.000E+05 0.000E+00 1.505E+05 2.880E+06
 8.01804924E-04   4710.7 2.535E-01 8.889E+08 1.023E-03 3.115E-02 2.000E+05 0.000E+00 0.000E+00 2.489E+06
 1.13342112E-03   4741.2 3.584E-01 1.179E+09 9.924E-04 3.030E-02 2.000E+05 0.000E+00 0.000E+00 2.160E+06
 1.58588286E-03   4773.9 5.014E-01 1.566E+09 9.763E-04 2.942E-02 2.000E+05 0.000E+00 0.000E+00 1.888E+06
 2.19508176E-03   4808.1 6.941E-01 2.076E+09 9.726E-04 2.869E-02 2.000E+05 0.000E+00 0.000E+00 1.664E+06
 3.00610764E-03   4842.8 9.505E-01 2.738E+09 9.789E-04 2.808E-02 2.000E+05 0.000E+00 0.000E+00 1.480E+06
 4.07562657E-03   4877.6 1.289E+00 3.588E+09 9.941E-04 2.755E-02 2.000E+05 0.000E+00 0.000E+00 1.331E+06
 5.47398223E-03   4912.3 1.731E+00 4.670E+09 1.018E-03 2.711E-02 2.000E+05 0.000E+00 0.000E+00 1.210E+06
 7.28667001E-03   4946.6 2.304E+00 6.035E+09 1.052E-03 2.675E-02 2.000E+05 0.000E+00 0.000E+00 1.112E+06
 9.61575801E-03   4980.7 3.040E+00 7.745E+09 1.096E-03 2.648E-02 2.000E+05 0.000E+00 0.000E+00 1.033E+06
 1.25819772E-02   5014.3 3.978E+00 9.869E+09 1.153E-03 2.631E-02 2.000E+05 0.000E+00 0.000E+00 9.702E+05
 1.63270615E-02   5047.2 5.163E+00 1.248E+10 1.222E-03 2.627E-02 2.000E+05 0.000E+00 0.000E+00 9.203E+05
 2.10192502E-02   5079.3 6.646E+00 1.565E+10 1.305E-03 2.636E-02 2.000E+05 0.000E+00 0.000E+00 8.810E+05
 2.68534969E-02   5110.7 8.491E+00 1.949E+10 1.405E-03 2.660E-02 2.000E+05 0.000E+00 0.000E+00 8.500E+05
 3.40516927E-02   5141.7 1.077E+01 2.413E+10 1.525E-03 2.700E-02 2.000E+05 0.000E+00 0.000E+00 8.258E+05
 4.28591310E-02   5172.9 1.355E+01 2.975E+10 1.669E-03 2.758E-02 2.000E+05 0.000E+00 0.000E+00 8.069E+05
 5.35450824E-02   5204.5 1.693E+01 3.653E+10 1.841E-03 2.832E-02 2.000E+05 0.000E+00 0.000E+00 7.922E+05
 6.64045231E-02   5236.7 2.100E+01 4.472E+10 2.048E-03 2.923E-02 2.000E+05 0.000E+00 0.000E+00 7.809E+05
 8.17638158E-02   5269.6 2.585E+01 5.461E+10 2.294E-03 3.030E-02 2.000E+05 0.000E+00 0.000E+00 7.722E+05
 9.99911605E-02   5303.1 3.162E+01 6.649E+10 2.585E-03 3.154E-02 2.000E+05 0.000E+00 0.000E+00 7.657E+05
 1.21509399E-01   5337.1 3.842E+01 8.070E+10 2.927E-03 3.299E-02 2.000E+05 0.000E+00 0.000E+00 7.608E+05
 1.46811514E-01   5371.3 4.642E+01 9.762E+10 3.324E-03 3.461E-02 2.000E+05 0.000E+00 0.000E+00 7.572E+05
 1.76495296E-01   5405.1 5.581E+01 1.175E+11 3.780E-03 3.645E-02 2.000E+05 0.000E+00 0.000E+00 7.547E+05
 2.11302865E-01   5438.1 6.681E+01 1.407E+11 4.298E-03 3.847E-02 2.000E+05 0.000E+00 0.000E+00 7.531E+05
 2.52141324E-01   5470.0 7.973E+01 1.675E+11 4.882E-03 4.070E-02 2.000E+05 0.000E+00 0.000E+00 7.521E+05
 3.00163728E-01   5499.9 9.491E+01 1.980E+11 5.527E-03 4.312E-02 2.000E+05 0.000E+00 0.000E+00 7.517E+05
 3.56824516E-01   5527.8 1.128E+02 2.324E+11 6.236E-03 4.581E-02 2.000E+05 0.000E+00 0.000E+00 7.518E+05
 4.23955204E-01   5553.1 1.341E+02 2.706E+11 7.004E-03 4.877E-02 2.000E+05 0.000E+00 0.000E+00 7.524E+05
 5.03765375E-01   5576.6 1.593E+02 3.135E+11 7.847E-03 5.209E-02 2.000E+05 0.000E+00 0.000E+00 7.532E+05
 5.98905912E-01   5598.2 1.894E+02 3.614E+11 8.768E-03 5.579E-02 2.000E+05 0.000E+00 0.000E+00 7.543E+05
 7.12463403E-01   5619.1 2.253E+02 4.159E+11 9.797E-03 6.001E-02 2.000E+05 0.000E+00 0.000E+00 7.557E+05
 8.48009047E-01   5639.4 2.681E+02 4.777E+11 1.095E-02 6.479E-02 2.000E+05 0.000E+00 0.000E+00 7.572E+05
 1.00960046E+00   5660.2 3.192E+02 5.493E+11 1.226E-02 7.034E-02 2.000E+05 0.000E+00 0.000E+00 7.589E+05
 1.20179173E+00   5681.8 3.800E+02 6.324E+11 1.376E-02 7.681E-02 2.000E+05 0.000E+00 0.000E+00 7.607E+05
 1.42952058E+00   5705.2 4.520E+02 7.311E+11 1.553E-02 8.446E-02 2.000E+05 0.000E+00 0.000E+00 7.626E+05
 1.69794029E+00   5731.2 5.368E+02 8.494E+11 1.761E-02 9.361E-02 2.000E+05 0.000E+00 0.000E+00 7.645E+05
 2.01236565E+00   5760.8 6.362E+02 9.938E+11 2.013E-02 1.047E-01 2.000E+05 0.000E+00 0.000E+00 7.666E+05
 2.37759158E+00   5795.4 7.517E+02 1.174E+12 2.322E-02 1.185E-01 2.000E+05 0.000E+00 0.000E+00 7.687E+05
 2.79742596E+00   5836.2 8.844E+02 1.403E+12 2.709E-02 1.358E-01 2.000E+05 0.000E+00 0.000E+00 7.708E+05
 3.27396964E+00   5885.1 1.035E+03 1.702E+12 3.206E-02 1.582E-01 2.000E+05 0.000E+00 0.000E+00 7.730E+05
 3.80647699E+00   5944.2 1.203E+03 2.101E+12 3.859E-02 1.878E-01 2.000E+05 0.000E+00 0.000E+00 7.751E+05
 4.39061721E+00   6015.5 1.388E+03 2.648E+12 4.738E-02 2.278E-01 2.000E+05 0.000E+00 0.000E+00 7.772E+05
 5.01765258E+00   6101.8 1.586E+03 3.420E+12 5.957E-02 2.836E-01 2.000E+05 0.000E+00 0.000E+00 7.792E+05
 5.67365121E+00   6206.3 1.793E+03 4.538E+12 7.703E-02 3.639E-01 2.000E+05 0.000E+00 0.000E+00 7.809E+05
 6.33920352E+00   6333.0 2.003E+03 6.214E+12 1.030E-01 4.844E-01 2.000E+05 6.619E-06 0.000E+00 7.822E+05
 6.99067619E+00   6486.0 2.209E+03 8.799E+12 1.431E-01 6.728E-01 2.000E+05 1.888E-02 1.783E+01 7.829E+05
 7.60190160E+00   6671.1 2.402E+03 1.293E+13 2.083E-01 9.834E-01 2.000E+05 1.039E+00 2.411E+02 7.832E+05
 8.14663860E+00   6894.6 2.573E+03 1.976E+13 3.207E-01 1.527E+00 2.000E+05 5.625E+01 8.608E+02 7.836E+05
 8.60321791E+00   7163.8 2.717E+03 3.137E+13 5.274E-01 2.549E+00 2.000E+05 4.310E+03 3.078E+03 7.855E+05
 8.95905070E+00   7486.1 2.828E+03 5.159E+13 9.366E-01 4.594E+00 2.000E+05 4.692E+05 1.234E+04 7.913E+05
 9.21629760E+00   7863.9 2.908E+03 8.661E+13 1.790E+00 8.914E+00 2.000E+05 1.767E+07 5.565E+04 8.039E+05
 9.38437432E+00   8334.0 2.959E+03 1.515E+14 3.833E+00 1.904E+01 2.000E+05 2.294E+08 1.753E+05 8.291E+05
 9.48728321E+00   8849.5 2.989E+03 2.536E+14 8.171E+00 3.532E+01 2.000E+05 1.421E+09 3.890E+05 8.696E+05
 9.56035328E+00   9240.8 3.009E+03 3.519E+14 1.350E+01 4.081E+01 2.000E+05 3.716E+09 6.765E+05 9.102E+05
 9.62654075E+00   9519.5 3.027E+03 4.298E+14 1.837E+01 3.659E+01 2.000E+05 5.852E+09 7.802E+05 9.444E+05
 9.69452601E+00   9750.6 3.046E+03 4.972E+14 2.296E+01 3.270E+01 2.000E+05 7.268E+09 8.514E+05 9.761E+05
 9.76839082E+00   9978.5 3.067E+03 5.634E+14 2.777E+01 3.009E+01 2.000E+05 8.147E+09 9.017E+05 1.010E+06
 9.85166868E+00  10200.3 3.091E+03 6.255E+14 3.216E+01 2.825E+01 2.000E+05 8.708E+09 9.335E+05 1.045E+06
 9.94861102E+00  10445.6 3.119E+03 6.890E+14 3.650E+01 2.956E+01 2.000E+05 8.891E+09 9.865E+05 1.084E+06
 1.00637691E+01  10741.5 3.152E+03 7.544E+14 4.049E+01 3.063E+01 2.000E+05 9.009E+09 9.846E+05 1.133E+06
 1.02051008E+01  11067.2 3.192E+03 8.109E+14 4.284E+01 4.507E+01 2.000E+05 8.416E+09 1.101E+06 1.186E+06
 1.03983715E+01  11905.8 3.240E+03 8.710E+14 3.812E+01 9.064E+01 2.000E+05 5.097E+09 1.014E+06 1.310E+06
 1.07723440E+01  13764.0 3.327E+03 8.293E+14 1.830E+01 7.478E+01 2.000E+05 1.285E+09 1.087E+05 1.566E+06
 1.18473833E+01  15711.8 3.606E+03 8.018E+14 9.347E+00 4.227E+01 2.000E+05 6.520E+05 2.358E+04 1.649E+06
 1.42861815E+01  17576.7 4.292E+03 8.712E+14 6.530E+00 2.933E+01 2.000E+05 7.535E+03 6.542E+03 1.788E+06
 1.84881026E+01  19346.2 5.508E+03 1.025E+15 5.375E+00 2.430E+01 2.000E+05 7.388E+03 2.080E+03 1.991E+06
PRADK 3.2179E+00
BEGIN                    ITERATION  15 COMPLETED
