TEFF   8500.  GRAVITY 4.50000 LTE 
TITLE  [-2.0a] N(He)/Ntot=0.0784 VTURB=2.0  L/H=1.25 ODFNEW                     
 OPACITY IFOP 1 1 1 1 1 1 1 1 1 1 1 1 1 0 1 0 0 0 0 0
 CONVECTION ON   1.25 TURBULENCE OFF  0.00  0.00  0.00  0.00
ABUNDANCE SCALE   0.01000 ABUNDANCE CHANGE 1 0.92130 2 0.07842
 ABUNDANCE CHANGE  3 -10.94  4 -10.64  5  -9.49  6  -3.52  7  -4.12  8  -2.81
 ABUNDANCE CHANGE  9  -7.48 10  -3.56 11  -5.71 12  -4.06 13  -5.57 14  -4.09
 ABUNDANCE CHANGE 15  -6.59 16  -4.31 17  -6.54 18  -5.24 19  -6.92 20  -5.28
 ABUNDANCE CHANGE 21  -8.87 22  -6.62 23  -8.04 24  -6.37 25  -6.65 26  -4.54
 ABUNDANCE CHANGE 27  -7.12 28  -5.79 29  -7.83 30  -7.44 31  -9.16 32  -8.63
 ABUNDANCE CHANGE 33  -9.67 34  -8.63 35  -9.41 36  -8.73 37  -9.44 38  -9.07
 ABUNDANCE CHANGE 39  -9.80 40  -9.44 41 -10.62 42 -10.12 43 -20.00 44 -10.20
 ABUNDANCE CHANGE 45 -10.92 46 -10.35 47 -11.10 48 -10.27 49 -10.38 50 -10.04
 ABUNDANCE CHANGE 51 -11.04 52  -9.80 53 -10.53 54  -9.87 55 -10.91 56  -9.91
 ABUNDANCE CHANGE 57 -10.87 58 -10.46 59 -11.33 60 -10.54 61 -20.00 62 -11.03
 ABUNDANCE CHANGE 63 -11.53 64 -10.92 65 -11.69 66 -10.90 67 -11.78 68 -11.11
 ABUNDANCE CHANGE 69 -12.04 70 -10.96 71 -11.98 72 -11.16 73 -12.17 74 -10.93
 ABUNDANCE CHANGE 75 -11.76 76 -10.59 77 -10.69 78 -10.24 79 -11.03 80 -10.91
 ABUNDANCE CHANGE 81 -11.14 82 -10.09 83 -11.33 84 -20.00 85 -20.00 86 -20.00
 ABUNDANCE CHANGE 87 -20.00 88 -20.00 89 -20.00 90 -11.95 91 -20.00 92 -12.54
 ABUNDANCE CHANGE 93 -20.00 94 -20.00 95 -20.00 96 -20.00 97 -20.00 98 -20.00
 ABUNDANCE CHANGE 99 -20.00
READ DECK6 72 RHOX,T,P,XNE,ABROSS,ACCRAD,VTURB, FLXCNV,VCONV,VELSND
 2.50823981E-06   5868.8 7.963E-02 1.234E+10 5.289E-02 9.713E-01 2.000E+05 0.000E+00 0.000E+00 3.032E+06
 3.40130615E-06   5868.8 1.080E-01 1.468E+10 4.638E-02 9.141E-01 2.000E+05 0.000E+00 0.000E+00 2.658E+06
 4.76815109E-06   5868.8 1.513E-01 1.774E+10 4.013E-02 8.594E-01 2.000E+05 0.000E+00 0.000E+00 2.311E+06
 6.88764505E-06   5869.5 2.184E-01 2.174E+10 3.441E-02 8.102E-01 2.000E+05 0.000E+00 0.000E+00 2.001E+06
 1.02105978E-05   5872.2 3.236E-01 2.706E+10 2.943E-02 7.689E-01 2.000E+05 0.000E+00 0.000E+00 1.732E+06
 1.53772966E-05   5878.4 4.871E-01 3.412E+10 2.536E-02 7.362E-01 2.000E+05 0.000E+00 0.000E+00 1.507E+06
 2.33302036E-05   5887.7 7.388E-01 4.340E+10 2.210E-02 7.121E-01 2.000E+05 0.000E+00 0.000E+00 1.324E+06
 3.53963978E-05   5900.4 1.120E+00 5.551E+10 1.961E-02 6.960E-01 2.000E+05 0.000E+00 0.000E+00 1.179E+06
 5.32244146E-05   5919.6 1.684E+00 7.159E+10 1.796E-02 6.892E-01 2.000E+05 0.000E+00 0.000E+00 1.065E+06
 7.90577352E-05   5936.1 2.501E+00 9.110E+10 1.661E-02 6.842E-01 2.000E+05 0.000E+00 0.000E+00 9.799E+05
 1.15803364E-04   5955.6 3.663E+00 1.157E+11 1.579E-02 6.847E-01 2.000E+05 0.000E+00 0.000E+00 9.148E+05
 1.66535920E-04   5978.9 5.268E+00 1.468E+11 1.548E-02 6.907E-01 2.000E+05 0.000E+00 0.000E+00 8.662E+05
 2.34408153E-04   6006.0 7.414E+00 1.855E+11 1.565E-02 7.020E-01 2.000E+05 0.000E+00 0.000E+00 8.302E+05
 3.23047743E-04   6033.6 1.022E+01 2.320E+11 1.613E-02 7.159E-01 2.000E+05 0.000E+00 0.000E+00 8.040E+05
 4.35957544E-04   6065.7 1.379E+01 2.895E+11 1.710E-02 7.361E-01 2.000E+05 0.000E+00 0.000E+00 7.849E+05
 5.76962743E-04   6097.9 1.825E+01 3.577E+11 1.838E-02 7.590E-01 2.000E+05 0.000E+00 0.000E+00 7.711E+05
 7.50380281E-04   6132.4 2.373E+01 4.397E+11 2.008E-02 7.868E-01 2.000E+05 0.000E+00 0.000E+00 7.612E+05
 9.61176216E-04   6166.9 3.040E+01 5.359E+11 2.212E-02 8.181E-01 2.000E+05 0.000E+00 0.000E+00 7.542E+05
 1.21497470E-03   6203.1 3.842E+01 6.506E+11 2.462E-02 8.548E-01 2.000E+05 0.000E+00 0.000E+00 7.494E+05
 1.51832099E-03   6238.9 4.801E+01 7.840E+11 2.751E-02 8.954E-01 2.000E+05 0.000E+00 0.000E+00 7.461E+05
 1.87938922E-03   6275.3 5.943E+01 9.403E+11 3.089E-02 9.413E-01 2.000E+05 0.000E+00 0.000E+00 7.441E+05
 2.30770337E-03   6311.4 7.297E+01 1.122E+12 3.476E-02 9.916E-01 2.000E+05 0.000E+00 0.000E+00 7.430E+05
 2.81477245E-03   6347.6 8.901E+01 1.333E+12 3.919E-02 1.047E+00 2.000E+05 0.000E+00 0.000E+00 7.427E+05
 3.41443033E-03   6383.1 1.080E+02 1.576E+12 4.419E-02 1.107E+00 2.000E+05 0.000E+00 0.000E+00 7.429E+05
 4.12349328E-03   6418.2 1.304E+02 1.855E+12 4.983E-02 1.171E+00 2.000E+05 0.000E+00 0.000E+00 7.435E+05
 4.96283688E-03   6451.8 1.569E+02 2.174E+12 5.607E-02 1.239E+00 2.000E+05 0.000E+00 0.000E+00 7.446E+05
 5.95889792E-03   6483.7 1.884E+02 2.534E+12 6.291E-02 1.311E+00 2.000E+05 0.000E+00 0.000E+00 7.459E+05
 7.14547330E-03   6513.0 2.260E+02 2.935E+12 7.027E-02 1.386E+00 2.000E+05 0.000E+00 0.000E+00 7.475E+05
 8.56533629E-03   6539.7 2.709E+02 3.382E+12 7.815E-02 1.466E+00 2.000E+05 0.000E+00 0.000E+00 7.493E+05
 1.02714268E-02   6564.1 3.248E+02 3.878E+12 8.658E-02 1.553E+00 2.000E+05 0.000E+00 0.000E+00 7.514E+05
 1.23261786E-02   6587.3 3.898E+02 4.439E+12 9.584E-02 1.649E+00 2.000E+05 0.000E+00 0.000E+00 7.536E+05
 1.48015882E-02   6610.1 4.680E+02 5.077E+12 1.061E-01 1.756E+00 2.000E+05 0.000E+00 0.000E+00 7.560E+05
 1.77786550E-02   6633.8 5.622E+02 5.814E+12 1.178E-01 1.876E+00 2.000E+05 0.000E+00 0.000E+00 7.586E+05
 2.13493912E-02   6658.5 6.751E+02 6.668E+12 1.312E-01 2.011E+00 2.000E+05 0.000E+00 0.000E+00 7.613E+05
 2.56211968E-02   6684.3 8.102E+02 7.657E+12 1.464E-01 2.163E+00 2.000E+05 0.000E+00 0.000E+00 7.641E+05
 3.07217764E-02   6710.8 9.715E+02 8.798E+12 1.636E-01 2.332E+00 2.000E+05 0.000E+00 0.000E+00 7.670E+05
 3.67988257E-02   6738.8 1.164E+03 1.013E+13 1.833E-01 2.524E+00 2.000E+05 0.000E+00 0.000E+00 7.699E+05
 4.40301013E-02   6767.0 1.392E+03 1.165E+13 2.055E-01 2.739E+00 2.000E+05 0.000E+00 0.000E+00 7.730E+05
 5.26318811E-02   6795.8 1.664E+03 1.340E+13 2.304E-01 2.983E+00 2.000E+05 0.000E+00 0.000E+00 7.760E+05
 6.28541097E-02   6825.6 1.987E+03 1.542E+13 2.588E-01 3.263E+00 2.000E+05 0.000E+00 0.000E+00 7.792E+05
 7.49738756E-02   6857.7 2.371E+03 1.781E+13 2.916E-01 3.594E+00 2.000E+05 0.000E+00 0.000E+00 7.823E+05
 8.92778395E-02   6893.1 2.823E+03 2.065E+13 3.303E-01 3.990E+00 2.000E+05 0.000E+00 0.000E+00 7.855E+05
 1.06057163E-01   6933.7 3.354E+03 2.410E+13 3.770E-01 4.475E+00 2.000E+05 0.000E+00 0.000E+00 7.887E+05
 1.25561189E-01   6981.4 3.970E+03 2.840E+13 4.347E-01 5.082E+00 2.000E+05 0.000E+00 0.000E+00 7.918E+05
 1.47984890E-01   7037.4 4.679E+03 3.379E+13 5.072E-01 5.852E+00 2.000E+05 0.000E+00 0.000E+00 7.949E+05
 1.73428270E-01   7104.2 5.484E+03 4.074E+13 6.007E-01 6.853E+00 2.000E+05 0.000E+00 0.000E+00 7.980E+05
 2.01817781E-01   7184.8 6.381E+03 4.990E+13 7.246E-01 8.188E+00 2.000E+05 0.000E+00 0.000E+00 8.010E+05
 2.32889946E-01   7280.9 7.363E+03 6.214E+13 8.919E-01 1.000E+01 2.000E+05 0.000E+00 0.000E+00 8.039E+05
 2.66136135E-01   7396.6 8.414E+03 7.893E+13 1.126E+00 1.257E+01 2.000E+05 0.000E+00 0.000E+00 8.070E+05
 3.00747841E-01   7535.7 9.508E+03 1.025E+14 1.464E+00 1.630E+01 2.000E+05 3.300E-01 0.000E+00 8.104E+05
 3.35613307E-01   7704.1 1.061E+04 1.365E+14 1.975E+00 2.192E+01 2.000E+05 1.406E+01 3.639E+02 8.143E+05
 3.69417131E-01   7905.8 1.168E+04 1.865E+14 2.772E+00 3.070E+01 2.000E+05 2.907E+02 1.188E+03 8.194E+05
 4.00822300E-01   8146.4 1.267E+04 2.613E+14 4.072E+00 4.500E+01 2.000E+05 7.568E+03 3.047E+03 8.266E+05
 4.28606165E-01   8435.0 1.355E+04 3.760E+14 6.297E+00 6.925E+01 2.000E+05 2.930E+05 8.667E+03 8.373E+05
 4.51968782E-01   8775.4 1.428E+04 5.517E+14 1.023E+01 1.119E+02 2.000E+05 1.041E+07 2.828E+04 8.533E+05
 4.70712273E-01   9178.7 1.487E+04 8.226E+14 1.736E+01 1.883E+02 2.000E+05 1.319E+08 8.964E+04 8.775E+05
 4.85101759E-01   9665.2 1.533E+04 1.242E+15 3.054E+01 3.227E+02 2.000E+05 7.486E+08 1.981E+05 9.150E+05
 4.96146756E-01  10189.6 1.567E+04 1.794E+15 5.092E+01 4.817E+02 2.000E+05 2.762E+09 3.313E+05 9.666E+05
 5.05795153E-01  10632.2 1.597E+04 2.313E+15 7.202E+01 5.454E+02 2.000E+05 6.098E+09 4.954E+05 1.019E+06
 5.15446208E-01  11017.1 1.627E+04 2.772E+15 9.149E+01 5.409E+02 2.000E+05 9.192E+09 5.748E+05 1.070E+06
 5.26000356E-01  11375.2 1.660E+04 3.180E+15 1.075E+02 5.522E+02 2.000E+05 1.096E+10 6.347E+05 1.121E+06
 5.38278582E-01  11807.5 1.698E+04 3.607E+15 1.205E+02 5.898E+02 2.000E+05 1.122E+10 6.584E+05 1.185E+06
 5.53356642E-01  12286.4 1.745E+04 3.979E+15 1.262E+02 7.671E+02 2.000E+05 8.458E+09 6.766E+05 1.253E+06
 5.74423626E-01  13236.4 1.809E+04 4.334E+15 1.105E+02 9.408E+02 2.000E+05 3.296E+09 3.809E+05 1.380E+06
 6.09698271E-01  14406.8 1.918E+04 4.466E+15 7.864E+01 7.701E+02 2.000E+05 3.299E+08 9.182E+04 1.524E+06
 6.78982491E-01  15743.5 2.133E+04 4.645E+15 5.327E+01 5.292E+02 2.000E+05 2.858E+06 1.576E+04 1.654E+06
 8.06218284E-01  17022.2 2.529E+04 5.155E+15 4.171E+01 4.086E+02 2.000E+05 1.463E+04 7.347E+03 1.707E+06
 1.01330206E+00  18457.2 3.176E+04 6.053E+15 3.569E+01 3.508E+02 2.000E+05 2.882E+03 5.621E+03 1.773E+06
 1.31895969E+00  19882.7 4.133E+04 7.394E+15 3.360E+01 3.276E+02 2.000E+05 8.846E+02 2.569E+03 1.881E+06
 1.74727820E+00  21477.1 5.473E+04 9.132E+15 3.230E+01 3.161E+02 2.000E+05 7.445E+01 0.000E+00 2.028E+06
 2.32967680E+00  23111.7 7.297E+04 1.135E+16 3.219E+01 3.126E+02 2.000E+05 0.000E+00 0.000E+00 2.173E+06
 3.10190674E+00  24889.3 9.715E+04 1.406E+16 3.259E+01 3.047E+02 2.000E+05 0.000E+00 0.000E+00 2.302E+06
PRADK 6.9985E+00
BEGIN                    ITERATION  15 COMPLETED
