TEFF   6750.  GRAVITY 4.50000 LTE 
TITLE  [-2.0a] N(He)/Ntot=0.0784 VTURB=2.0  L/H=1.25 ODFNEW                     
 OPACITY IFOP 1 1 1 1 1 1 1 1 1 1 1 1 1 0 1 0 0 0 0 0
 CONVECTION ON   1.25 TURBULENCE OFF  0.00  0.00  0.00  0.00
ABUNDANCE SCALE   0.01000 ABUNDANCE CHANGE 1 0.92130 2 0.07842
 ABUNDANCE CHANGE  3 -10.94  4 -10.64  5  -9.49  6  -3.52  7  -4.12  8  -2.81
 ABUNDANCE CHANGE  9  -7.48 10  -3.56 11  -5.71 12  -4.06 13  -5.57 14  -4.09
 ABUNDANCE CHANGE 15  -6.59 16  -4.31 17  -6.54 18  -5.24 19  -6.92 20  -5.28
 ABUNDANCE CHANGE 21  -8.87 22  -6.62 23  -8.04 24  -6.37 25  -6.65 26  -4.54
 ABUNDANCE CHANGE 27  -7.12 28  -5.79 29  -7.83 30  -7.44 31  -9.16 32  -8.63
 ABUNDANCE CHANGE 33  -9.67 34  -8.63 35  -9.41 36  -8.73 37  -9.44 38  -9.07
 ABUNDANCE CHANGE 39  -9.80 40  -9.44 41 -10.62 42 -10.12 43 -20.00 44 -10.20
 ABUNDANCE CHANGE 45 -10.92 46 -10.35 47 -11.10 48 -10.27 49 -10.38 50 -10.04
 ABUNDANCE CHANGE 51 -11.04 52  -9.80 53 -10.53 54  -9.87 55 -10.91 56  -9.91
 ABUNDANCE CHANGE 57 -10.87 58 -10.46 59 -11.33 60 -10.54 61 -20.00 62 -11.03
 ABUNDANCE CHANGE 63 -11.53 64 -10.92 65 -11.69 66 -10.90 67 -11.78 68 -11.11
 ABUNDANCE CHANGE 69 -12.04 70 -10.96 71 -11.98 72 -11.16 73 -12.17 74 -10.93
 ABUNDANCE CHANGE 75 -11.76 76 -10.59 77 -10.69 78 -10.24 79 -11.03 80 -10.91
 ABUNDANCE CHANGE 81 -11.14 82 -10.09 83 -11.33 84 -20.00 85 -20.00 86 -20.00
 ABUNDANCE CHANGE 87 -20.00 88 -20.00 89 -20.00 90 -11.95 91 -20.00 92 -12.54
 ABUNDANCE CHANGE 93 -20.00 94 -20.00 95 -20.00 96 -20.00 97 -20.00 98 -20.00
 ABUNDANCE CHANGE 99 -20.00
READ DECK6 72 RHOX,T,P,XNE,ABROSS,ACCRAD,VTURB, FLXCNV,VCONV,VELSND
 2.99637007E-04   4710.4 9.475E+00 5.455E+09 4.450E-04 3.459E-02 2.000E+05 0.000E+00 0.000E+00 8.460E+05
 3.95937090E-04   4731.3 1.252E+01 6.760E+09 4.786E-04 3.450E-02 2.000E+05 0.000E+00 0.000E+00 8.179E+05
 5.15730984E-04   4746.4 1.631E+01 8.145E+09 5.115E-04 3.435E-02 2.000E+05 0.000E+00 0.000E+00 7.971E+05
 6.63092433E-04   4767.8 2.097E+01 9.966E+09 5.619E-04 3.418E-02 2.000E+05 0.000E+00 0.000E+00 7.818E+05
 8.42134010E-04   4786.4 2.663E+01 1.199E+10 6.163E-04 3.398E-02 2.000E+05 0.000E+00 0.000E+00 7.704E+05
 1.05782865E-03   4808.8 3.345E+01 1.453E+10 6.878E-04 3.397E-02 2.000E+05 0.000E+00 0.000E+00 7.621E+05
 1.31554175E-03   4829.9 4.160E+01 1.743E+10 7.678E-04 3.398E-02 2.000E+05 0.000E+00 0.000E+00 7.561E+05
 1.62213870E-03   4852.6 5.130E+01 2.091E+10 8.637E-04 3.403E-02 2.000E+05 0.000E+00 0.000E+00 7.517E+05
 1.98514746E-03   4875.0 6.278E+01 2.496E+10 9.733E-04 3.411E-02 2.000E+05 0.000E+00 0.000E+00 7.486E+05
 2.41411494E-03   4897.6 7.634E+01 2.970E+10 1.100E-03 3.424E-02 2.000E+05 0.000E+00 0.000E+00 7.465E+05
 2.91995220E-03   4920.4 9.234E+01 3.523E+10 1.244E-03 3.444E-02 2.000E+05 0.000E+00 0.000E+00 7.451E+05
 3.51594308E-03   4942.7 1.112E+02 4.162E+10 1.409E-03 3.473E-02 2.000E+05 0.000E+00 0.000E+00 7.443E+05
 4.21809371E-03   4964.8 1.334E+02 4.899E+10 1.594E-03 3.514E-02 2.000E+05 0.000E+00 0.000E+00 7.440E+05
 5.04512199E-03   4986.7 1.595E+02 5.752E+10 1.805E-03 3.565E-02 2.000E+05 0.000E+00 0.000E+00 7.440E+05
 6.01882262E-03   5008.6 1.903E+02 6.740E+10 2.045E-03 3.627E-02 2.000E+05 0.000E+00 0.000E+00 7.443E+05
 7.16498473E-03   5030.2 2.266E+02 7.879E+10 2.317E-03 3.705E-02 2.000E+05 0.000E+00 0.000E+00 7.448E+05
 8.51412480E-03   5051.8 2.692E+02 9.193E+10 2.625E-03 3.797E-02 2.000E+05 0.000E+00 0.000E+00 7.456E+05
 1.01020873E-02   5073.2 3.195E+02 1.071E+11 2.974E-03 3.905E-02 2.000E+05 0.000E+00 0.000E+00 7.464E+05
 1.19717647E-02   5094.2 3.786E+02 1.244E+11 3.367E-03 4.037E-02 2.000E+05 0.000E+00 0.000E+00 7.475E+05
 1.41743045E-02   5115.0 4.482E+02 1.443E+11 3.811E-03 4.189E-02 2.000E+05 0.000E+00 0.000E+00 7.486E+05
 1.67702250E-02   5135.4 5.303E+02 1.671E+11 4.311E-03 4.363E-02 2.000E+05 0.000E+00 0.000E+00 7.497E+05
 1.98318911E-02   5155.4 6.271E+02 1.931E+11 4.872E-03 4.562E-02 2.000E+05 0.000E+00 0.000E+00 7.510E+05
 2.34456519E-02   5175.1 7.414E+02 2.228E+11 5.503E-03 4.789E-02 2.000E+05 0.000E+00 0.000E+00 7.523E+05
 2.77142792E-02   5194.3 8.764E+02 2.565E+11 6.210E-03 5.046E-02 2.000E+05 0.000E+00 0.000E+00 7.536E+05
 3.27604861E-02   5213.1 1.036E+03 2.949E+11 7.002E-03 5.339E-02 2.000E+05 0.000E+00 0.000E+00 7.549E+05
 3.87304318E-02   5231.4 1.225E+03 3.385E+11 7.890E-03 5.677E-02 2.000E+05 0.000E+00 0.000E+00 7.563E+05
 4.57979304E-02   5249.5 1.448E+03 3.880E+11 8.885E-03 6.056E-02 2.000E+05 0.000E+00 0.000E+00 7.576E+05
 5.41664213E-02   5267.4 1.713E+03 4.446E+11 1.001E-02 6.483E-02 2.000E+05 0.000E+00 0.000E+00 7.590E+05
 6.40785908E-02   5285.0 2.026E+03 5.088E+11 1.126E-02 6.958E-02 2.000E+05 0.000E+00 0.000E+00 7.604E+05
 7.58232014E-02   5302.5 2.398E+03 5.821E+11 1.267E-02 7.489E-02 2.000E+05 0.000E+00 0.000E+00 7.618E+05
 8.97445555E-02   5319.7 2.838E+03 6.650E+11 1.425E-02 8.081E-02 2.000E+05 0.000E+00 0.000E+00 7.632E+05
 1.06254631E-01   5336.6 3.360E+03 7.592E+11 1.603E-02 8.745E-02 2.000E+05 0.000E+00 0.000E+00 7.645E+05
 1.25848590E-01   5352.9 3.980E+03 8.653E+11 1.800E-02 9.491E-02 2.000E+05 0.000E+00 0.000E+00 7.659E+05
 1.49110420E-01   5369.3 4.715E+03 9.861E+11 2.022E-02 1.033E-01 2.000E+05 0.000E+00 0.000E+00 7.672E+05
 1.76743018E-01   5385.0 5.589E+03 1.122E+12 2.268E-02 1.126E-01 2.000E+05 0.000E+00 0.000E+00 7.685E+05
 2.09580150E-01   5400.8 6.627E+03 1.277E+12 2.546E-02 1.230E-01 2.000E+05 0.000E+00 0.000E+00 7.698E+05
 2.48610334E-01   5416.3 7.862E+03 1.451E+12 2.856E-02 1.348E-01 2.000E+05 0.000E+00 0.000E+00 7.711E+05
 2.95000736E-01   5432.1 9.329E+03 1.650E+12 3.205E-02 1.481E-01 2.000E+05 0.000E+00 0.000E+00 7.723E+05
 3.50093280E-01   5448.2 1.107E+04 1.879E+12 3.601E-02 1.635E-01 2.000E+05 0.000E+00 0.000E+00 7.736E+05
 4.15383994E-01   5465.7 1.314E+04 2.146E+12 4.058E-02 1.814E-01 2.000E+05 0.000E+00 0.000E+00 7.750E+05
 4.92519515E-01   5485.0 1.557E+04 2.462E+12 4.589E-02 2.024E-01 2.000E+05 0.000E+00 0.000E+00 7.764E+05
 5.83232635E-01   5507.2 1.844E+04 2.842E+12 5.218E-02 2.273E-01 2.000E+05 0.000E+00 0.000E+00 7.780E+05
 6.89269408E-01   5533.3 2.180E+04 3.310E+12 5.974E-02 2.575E-01 2.000E+05 0.000E+00 0.000E+00 7.798E+05
 8.12224242E-01   5564.6 2.568E+04 3.898E+12 6.902E-02 2.944E-01 2.000E+05 0.000E+00 0.000E+00 7.819E+05
 9.53385252E-01   5602.4 3.015E+04 4.655E+12 8.061E-02 3.407E-01 2.000E+05 0.000E+00 0.000E+00 7.845E+05
 1.11340132E+00   5649.0 3.521E+04 5.660E+12 9.553E-02 4.002E-01 2.000E+05 0.000E+00 0.000E+00 7.875E+05
 1.29203438E+00   5706.0 4.086E+04 7.024E+12 1.150E-01 4.780E-01 2.000E+05 0.000E+00 0.000E+00 7.911E+05
 1.48803146E+00   5775.7 4.706E+04 8.926E+12 1.411E-01 5.820E-01 2.000E+05 0.000E+00 0.000E+00 7.955E+05
 1.69874683E+00   5860.7 5.372E+04 1.166E+13 1.770E-01 7.250E-01 2.000E+05 0.000E+00 0.000E+00 8.007E+05
 1.92004162E+00   5964.4 6.072E+04 1.572E+13 2.276E-01 9.265E-01 2.000E+05 0.000E+00 0.000E+00 8.068E+05
 2.14657374E+00   6089.6 6.788E+04 2.191E+13 3.005E-01 1.217E+00 2.000E+05 0.000E+00 0.000E+00 8.137E+05
 2.37176908E+00   6241.3 7.500E+04 3.173E+13 4.097E-01 1.653E+00 2.000E+05 3.504E+00 0.000E+00 8.215E+05
 2.58864944E+00   6422.3 8.186E+04 4.765E+13 5.766E-01 2.321E+00 2.000E+05 1.447E+04 4.760E+02 8.299E+05
 2.79001293E+00   6641.3 8.823E+04 7.477E+13 8.458E-01 3.403E+00 2.000E+05 6.263E+05 7.468E+03 8.384E+05
 2.96916246E+00   6903.5 9.389E+04 1.222E+14 1.297E+00 5.220E+00 2.000E+05 1.248E+07 2.528E+04 8.464E+05
 3.12081816E+00   7220.0 9.869E+04 2.090E+14 2.101E+00 8.453E+00 2.000E+05 8.797E+07 6.575E+04 8.530E+05
 3.24066041E+00   7607.7 1.025E+05 3.763E+14 3.667E+00 1.441E+01 2.000E+05 4.228E+08 1.143E+05 8.577E+05
 3.33132807E+00   8017.4 1.053E+05 6.552E+14 6.409E+00 2.251E+01 2.000E+05 1.411E+09 1.797E+05 8.612E+05
 3.40428720E+00   8359.4 1.076E+05 9.980E+14 1.004E+01 2.745E+01 2.000E+05 3.053E+09 2.436E+05 8.650E+05
 3.47000190E+00   8629.3 1.097E+05 1.359E+15 1.415E+01 2.758E+01 2.000E+05 4.741E+09 2.733E+05 8.696E+05
 3.53423128E+00   8857.8 1.117E+05 1.741E+15 1.878E+01 2.557E+01 2.000E+05 6.075E+09 2.892E+05 8.748E+05
 3.60005743E+00   9062.4 1.138E+05 2.152E+15 2.402E+01 2.309E+01 2.000E+05 7.031E+09 2.962E+05 8.805E+05
 3.66965652E+00   9249.4 1.160E+05 2.591E+15 2.993E+01 2.087E+01 2.000E+05 7.678E+09 2.984E+05 8.867E+05
 3.74484260E+00   9427.5 1.184E+05 3.074E+15 3.664E+01 1.910E+01 2.000E+05 8.114E+09 2.983E+05 8.934E+05
 3.82740406E+00   9598.8 1.210E+05 3.603E+15 4.419E+01 1.760E+01 2.000E+05 8.413E+09 2.962E+05 9.007E+05
 3.91911844E+00   9767.6 1.239E+05 4.193E+15 5.284E+01 1.644E+01 2.000E+05 8.624E+09 2.943E+05 9.085E+05
 4.02175171E+00   9935.8 1.272E+05 4.855E+15 6.276E+01 1.533E+01 2.000E+05 8.784E+09 2.908E+05 9.170E+05
 4.13739941E+00  10103.2 1.308E+05 5.595E+15 7.405E+01 1.444E+01 2.000E+05 8.902E+09 2.887E+05 9.261E+05
 4.26813033E+00  10275.9 1.349E+05 6.447E+15 8.731E+01 1.352E+01 2.000E+05 8.995E+09 2.843E+05 9.361E+05
 4.41666830E+00  10445.3 1.396E+05 7.385E+15 1.021E+02 1.276E+01 2.000E+05 9.072E+09 2.826E+05 9.465E+05
 4.58557999E+00  10628.0 1.450E+05 8.504E+15 1.200E+02 1.202E+01 2.000E+05 9.123E+09 2.779E+05 9.585E+05
 4.77864586E+00  10800.3 1.511E+05 9.696E+15 1.391E+02 1.196E+01 2.000E+05 9.168E+09 2.761E+05 9.703E+05
PRADK 2.7856E+00
BEGIN                    ITERATION  15 COMPLETED
