TEFF   6000.  GRAVITY 5.00000 LTE 
TITLE  [-2.0a] N(He)/Ntot=0.0784 VTURB=2.0  L/H=1.25 ODFNEW                     
 OPACITY IFOP 1 1 1 1 1 1 1 1 1 1 1 1 1 0 1 0 0 0 0 0
 CONVECTION ON   1.25 TURBULENCE OFF  0.00  0.00  0.00  0.00
ABUNDANCE SCALE   0.01000 ABUNDANCE CHANGE 1 0.92156 2 0.07844
 ABUNDANCE CHANGE  3 -10.94  4 -10.64  5  -9.49  6  -3.52  7  -4.12  8  -2.81
 ABUNDANCE CHANGE  9  -7.48 10  -3.56 11  -5.71 12  -4.06 13  -5.57 14  -4.09
 ABUNDANCE CHANGE 15  -6.59 16  -4.31 17  -6.54 18  -5.24 19  -6.92 20  -5.28
 ABUNDANCE CHANGE 21  -8.87 22  -6.62 23  -8.04 24  -6.37 25  -6.65 26  -4.54
 ABUNDANCE CHANGE 27  -7.12 28  -5.79 29  -7.83 30  -7.44 31  -9.16 32  -8.63
 ABUNDANCE CHANGE 33  -9.67 34  -8.63 35  -9.41 36  -8.73 37  -9.44 38  -9.07
 ABUNDANCE CHANGE 39  -9.80 40  -9.44 41 -10.62 42 -10.12 43 -20.00 44 -10.20
 ABUNDANCE CHANGE 45 -10.92 46 -10.35 47 -11.10 48 -10.27 49 -10.38 50 -10.04
 ABUNDANCE CHANGE 51 -11.04 52  -9.80 53 -10.53 54  -9.87 55 -10.91 56  -9.91
 ABUNDANCE CHANGE 57 -10.87 58 -10.46 59 -11.33 60 -10.54 61 -20.00 62 -11.03
 ABUNDANCE CHANGE 63 -11.53 64 -10.92 65 -11.69 66 -10.90 67 -11.78 68 -11.11
 ABUNDANCE CHANGE 69 -12.04 70 -10.96 71 -11.98 72 -11.16 73 -12.17 74 -10.93
 ABUNDANCE CHANGE 75 -11.76 76 -10.59 77 -10.69 78 -10.24 79 -11.03 80 -10.91
 ABUNDANCE CHANGE 81 -11.14 82 -10.09 83 -11.33 84 -20.00 85 -20.00 86 -20.00
 ABUNDANCE CHANGE 87 -20.00 88 -20.00 89 -20.00 90 -11.95 91 -20.00 92 -12.54
 ABUNDANCE CHANGE 93 -20.00 94 -20.00 95 -20.00 96 -20.00 97 -20.00 98 -20.00
 ABUNDANCE CHANGE 99 -20.00
READ DECK6 72 RHOX,T,P,XNE,ABROSS,ACCRAD,VTURB, FLXCNV,VCONV,VELSND
 8.34776892E-04   4273.3 8.348E+01 2.996E+09 1.597E-04 8.936E-03 2.000E+05 0.000E+00 0.000E+00 7.001E+05
 1.09032957E-03   4295.2 1.090E+02 3.773E+09 1.883E-04 8.996E-03 2.000E+05 0.000E+00 0.000E+00 6.993E+05
 1.38439034E-03   4309.0 1.384E+02 4.525E+09 2.151E-04 9.054E-03 2.000E+05 0.000E+00 0.000E+00 6.986E+05
 1.72694886E-03   4324.8 1.727E+02 5.420E+09 2.467E-04 9.121E-03 2.000E+05 0.000E+00 0.000E+00 6.986E+05
 2.12582613E-03   4340.0 2.126E+02 6.429E+09 2.819E-04 9.193E-03 2.000E+05 0.000E+00 0.000E+00 6.988E+05
 2.59168326E-03   4355.2 2.592E+02 7.585E+09 3.217E-04 9.276E-03 2.000E+05 0.000E+00 0.000E+00 6.992E+05
 3.13643457E-03   4370.4 3.136E+02 8.910E+09 3.667E-04 9.389E-03 2.000E+05 0.000E+00 0.000E+00 6.998E+05
 3.77382509E-03   4385.7 3.774E+02 1.043E+10 4.179E-04 9.580E-03 2.000E+05 0.000E+00 0.000E+00 7.005E+05
 4.52003192E-03   4401.0 4.520E+02 1.218E+10 4.758E-04 9.794E-03 2.000E+05 0.000E+00 0.000E+00 7.012E+05
 5.39387954E-03   4416.6 5.394E+02 1.421E+10 5.418E-04 1.003E-02 2.000E+05 0.000E+00 0.000E+00 7.021E+05
 6.41773349E-03   4432.0 6.418E+02 1.653E+10 6.164E-04 1.029E-02 2.000E+05 0.000E+00 0.000E+00 7.030E+05
 7.61785855E-03   4447.6 7.618E+02 1.921E+10 7.013E-04 1.058E-02 2.000E+05 0.000E+00 0.000E+00 7.040E+05
 9.02394420E-03   4463.6 9.024E+02 2.232E+10 7.985E-04 1.090E-02 2.000E+05 0.000E+00 0.000E+00 7.050E+05
 1.06704979E-02   4479.8 1.067E+03 2.592E+10 9.094E-04 1.126E-02 2.000E+05 0.000E+00 0.000E+00 7.060E+05
 1.25980378E-02   4496.2 1.260E+03 3.009E+10 1.036E-03 1.170E-02 2.000E+05 0.000E+00 0.000E+00 7.071E+05
 1.48535481E-02   4513.0 1.485E+03 3.493E+10 1.181E-03 1.218E-02 2.000E+05 0.000E+00 0.000E+00 7.082E+05
 1.74917515E-02   4529.9 1.749E+03 4.054E+10 1.347E-03 1.271E-02 2.000E+05 0.000E+00 0.000E+00 7.093E+05
 2.05769652E-02   4547.1 2.058E+03 4.704E+10 1.536E-03 1.331E-02 2.000E+05 0.000E+00 0.000E+00 7.105E+05
 2.41845010E-02   4564.5 2.418E+03 5.455E+10 1.751E-03 1.397E-02 2.000E+05 0.000E+00 0.000E+00 7.117E+05
 2.84029755E-02   4582.1 2.840E+03 6.328E+10 1.997E-03 1.465E-02 2.000E+05 0.000E+00 0.000E+00 7.128E+05
 3.33364257E-02   4599.9 3.334E+03 7.339E+10 2.277E-03 1.540E-02 2.000E+05 0.000E+00 0.000E+00 7.140E+05
 3.91052296E-02   4617.9 3.910E+03 8.510E+10 2.598E-03 1.629E-02 2.000E+05 0.000E+00 0.000E+00 7.152E+05
 4.58479058E-02   4636.2 4.585E+03 9.871E+10 2.965E-03 1.728E-02 2.000E+05 0.000E+00 0.000E+00 7.164E+05
 5.37212328E-02   4655.1 5.372E+03 1.146E+11 3.387E-03 1.839E-02 2.000E+05 0.000E+00 0.000E+00 7.176E+05
 6.29116541E-02   4674.1 6.291E+03 1.330E+11 3.869E-03 1.961E-02 2.000E+05 0.000E+00 0.000E+00 7.188E+05
 7.36386189E-02   4693.4 7.364E+03 1.545E+11 4.421E-03 2.097E-02 2.000E+05 0.000E+00 0.000E+00 7.200E+05
 8.61647004E-02   4712.4 8.616E+03 1.790E+11 5.046E-03 2.248E-02 2.000E+05 0.000E+00 0.000E+00 7.212E+05
 1.00802688E-01   4731.4 1.008E+04 2.074E+11 5.757E-03 2.417E-02 2.000E+05 0.000E+00 0.000E+00 7.223E+05
 1.17936742E-01   4749.4 1.179E+04 2.393E+11 6.550E-03 2.611E-02 2.000E+05 0.000E+00 0.000E+00 7.234E+05
 1.38017995E-01   4767.4 1.380E+04 2.761E+11 7.452E-03 2.829E-02 2.000E+05 0.000E+00 0.000E+00 7.243E+05
 1.61597167E-01   4784.1 1.616E+04 3.171E+11 8.448E-03 3.069E-02 2.000E+05 0.000E+00 0.000E+00 7.252E+05
 1.89345428E-01   4800.2 1.893E+04 3.635E+11 9.568E-03 3.346E-02 2.000E+05 0.000E+00 0.000E+00 7.259E+05
 2.22075227E-01   4814.8 2.221E+04 4.150E+11 1.080E-02 3.654E-02 2.000E+05 0.000E+00 0.000E+00 7.264E+05
 2.60747337E-01   4829.1 2.607E+04 4.734E+11 1.219E-02 4.003E-02 2.000E+05 0.000E+00 0.000E+00 7.268E+05
 3.06522158E-01   4842.2 3.065E+04 5.381E+11 1.371E-02 4.391E-02 2.000E+05 0.000E+00 0.000E+00 7.270E+05
 3.60732777E-01   4855.4 3.607E+04 6.122E+11 1.545E-02 4.846E-02 2.000E+05 0.000E+00 0.000E+00 7.271E+05
 4.24897618E-01   4868.4 4.249E+04 6.963E+11 1.741E-02 5.364E-02 2.000E+05 0.000E+00 0.000E+00 7.271E+05
 5.00747700E-01   4882.3 5.007E+04 7.941E+11 1.966E-02 5.960E-02 2.000E+05 0.000E+00 0.000E+00 7.270E+05
 5.90235415E-01   4896.9 5.902E+04 9.075E+11 2.225E-02 6.644E-02 2.000E+05 0.000E+00 0.000E+00 7.269E+05
 6.95502022E-01   4913.1 6.955E+04 1.042E+12 2.527E-02 7.440E-02 2.000E+05 0.000E+00 0.000E+00 7.268E+05
 8.18824590E-01   4931.5 8.188E+04 1.202E+12 2.882E-02 8.370E-02 2.000E+05 0.000E+00 0.000E+00 7.268E+05
 9.62650931E-01   4952.3 9.627E+04 1.396E+12 3.304E-02 9.469E-02 2.000E+05 0.000E+00 0.000E+00 7.270E+05
 1.12926772E+00   4977.3 1.129E+05 1.638E+12 3.820E-02 1.081E-01 2.000E+05 0.000E+00 0.000E+00 7.276E+05
 1.32070300E+00   5006.5 1.321E+05 1.941E+12 4.451E-02 1.244E-01 2.000E+05 0.000E+00 0.000E+00 7.285E+05
 1.53858740E+00   5041.7 1.539E+05 2.331E+12 5.245E-02 1.449E-01 2.000E+05 0.000E+00 0.000E+00 7.302E+05
 1.78371628E+00   5083.7 1.784E+05 2.845E+12 6.254E-02 1.707E-01 2.000E+05 0.000E+00 0.000E+00 7.326E+05
 2.05580808E+00   5134.5 2.056E+05 3.540E+12 7.571E-02 2.041E-01 2.000E+05 0.000E+00 0.000E+00 7.361E+05
 2.35303479E+00   5195.6 2.353E+05 4.507E+12 9.324E-02 2.482E-01 2.000E+05 0.000E+00 0.000E+00 7.408E+05
 2.67123683E+00   5270.6 2.671E+05 5.915E+12 1.175E-01 3.089E-01 2.000E+05 0.000E+00 0.000E+00 7.470E+05
 3.00453468E+00   5359.8 3.005E+05 7.991E+12 1.512E-01 3.931E-01 2.000E+05 0.000E+00 0.000E+00 7.547E+05
 3.34538498E+00   5467.8 3.345E+05 1.121E+13 2.003E-01 5.166E-01 2.000E+05 0.000E+00 0.000E+00 7.642E+05
 3.67756096E+00   5617.8 3.678E+05 1.721E+13 2.841E-01 7.280E-01 2.000E+05 4.072E+06 0.000E+00 7.774E+05
 3.97914807E+00   5814.7 3.979E+05 2.879E+13 4.297E-01 1.088E+00 2.000E+05 4.268E+07 2.870E+04 7.936E+05
 4.24293175E+00   6034.8 4.243E+05 4.893E+13 6.562E-01 1.622E+00 2.000E+05 1.748E+08 5.818E+04 8.102E+05
 4.47506449E+00   6264.8 4.475E+05 8.170E+13 9.871E-01 2.332E+00 2.000E+05 4.225E+08 8.303E+04 8.258E+05
 4.68047673E+00   6513.7 4.680E+05 1.363E+14 1.486E+00 3.247E+00 2.000E+05 8.283E+08 1.009E+05 8.409E+05
 4.86489476E+00   6758.9 4.865E+05 2.175E+14 2.167E+00 4.149E+00 2.000E+05 1.436E+09 1.253E+05 8.538E+05
 5.03808368E+00   6981.5 5.038E+05 3.236E+14 3.004E+00 4.759E+00 2.000E+05 2.165E+09 1.426E+05 8.641E+05
 5.20720546E+00   7193.5 5.207E+05 4.625E+14 4.048E+00 5.090E+00 2.000E+05 2.902E+09 1.571E+05 8.725E+05
 5.37657355E+00   7395.6 5.377E+05 6.388E+14 5.332E+00 5.166E+00 2.000E+05 3.557E+09 1.663E+05 8.794E+05
 5.54963162E+00   7590.5 5.550E+05 8.592E+14 6.902E+00 5.116E+00 2.000E+05 4.083E+09 1.723E+05 8.851E+05
 5.72912130E+00   7780.5 5.729E+05 1.132E+15 8.818E+00 5.024E+00 2.000E+05 4.487E+09 1.753E+05 8.899E+05
 5.91754673E+00   7965.8 5.917E+05 1.466E+15 1.114E+01 4.939E+00 2.000E+05 4.789E+09 1.765E+05 8.939E+05
 6.11712212E+00   8149.0 6.117E+05 1.873E+15 1.398E+01 4.862E+00 2.000E+05 5.016E+09 1.764E+05 8.974E+05
 6.33021321E+00   8329.3 6.330E+05 2.362E+15 1.739E+01 4.781E+00 2.000E+05 5.192E+09 1.753E+05 9.006E+05
 6.55910696E+00   8509.4 6.559E+05 2.953E+15 2.155E+01 4.707E+00 2.000E+05 5.323E+09 1.735E+05 9.037E+05
 6.80622951E+00   8687.4 6.806E+05 3.655E+15 2.654E+01 4.606E+00 2.000E+05 5.436E+09 1.710E+05 9.067E+05
 7.07441923E+00   8865.8 7.074E+05 4.495E+15 3.254E+01 4.504E+00 2.000E+05 5.516E+09 1.690E+05 9.099E+05
 7.36651101E+00   9044.6 7.366E+05 5.492E+15 3.977E+01 4.353E+00 2.000E+05 5.584E+09 1.647E+05 9.133E+05
 7.68637568E+00   9220.5 7.686E+05 6.653E+15 4.829E+01 4.242E+00 2.000E+05 5.645E+09 1.634E+05 9.169E+05
 8.03664163E+00   9403.6 8.036E+05 8.067E+15 5.880E+01 4.078E+00 2.000E+05 5.669E+09 1.579E+05 9.211E+05
 8.42374262E+00   9575.4 8.424E+05 9.633E+15 7.042E+01 4.179E+00 2.000E+05 5.721E+09 1.561E+05 9.253E+05
PRADK 1.7283E+00
BEGIN                    ITERATION  15 COMPLETED
