TEFF   5500.  GRAVITY 0.50000 LTE 
TITLE  [-2.0a] N(He)/Ntot=0.0784 VTURB=2.0  L/H=1.25 ODFNEW                     
 OPACITY IFOP 1 1 1 1 1 1 1 1 1 1 1 1 1 0 1 0 0 0 0 0
 CONVECTION ON   1.25 TURBULENCE OFF  0.00  0.00  0.00  0.00
ABUNDANCE SCALE   0.01000 ABUNDANCE CHANGE 1 0.92130 2 0.07842
 ABUNDANCE CHANGE  3 -10.94  4 -10.64  5  -9.49  6  -3.52  7  -4.12  8  -2.81
 ABUNDANCE CHANGE  9  -7.48 10  -3.56 11  -5.71 12  -4.06 13  -5.57 14  -4.09
 ABUNDANCE CHANGE 15  -6.59 16  -4.31 17  -6.54 18  -5.24 19  -6.92 20  -5.28
 ABUNDANCE CHANGE 21  -8.87 22  -6.62 23  -8.04 24  -6.37 25  -6.65 26  -4.54
 ABUNDANCE CHANGE 27  -7.12 28  -5.79 29  -7.83 30  -7.44 31  -9.16 32  -8.63
 ABUNDANCE CHANGE 33  -9.67 34  -8.63 35  -9.41 36  -8.73 37  -9.44 38  -9.07
 ABUNDANCE CHANGE 39  -9.80 40  -9.44 41 -10.62 42 -10.12 43 -20.00 44 -10.20
 ABUNDANCE CHANGE 45 -10.92 46 -10.35 47 -11.10 48 -10.27 49 -10.38 50 -10.04
 ABUNDANCE CHANGE 51 -11.04 52  -9.80 53 -10.53 54  -9.87 55 -10.91 56  -9.91
 ABUNDANCE CHANGE 57 -10.87 58 -10.46 59 -11.33 60 -10.54 61 -20.00 62 -11.03
 ABUNDANCE CHANGE 63 -11.53 64 -10.92 65 -11.69 66 -10.90 67 -11.78 68 -11.11
 ABUNDANCE CHANGE 69 -12.04 70 -10.96 71 -11.98 72 -11.16 73 -12.17 74 -10.93
 ABUNDANCE CHANGE 75 -11.76 76 -10.59 77 -10.69 78 -10.24 79 -11.03 80 -10.91
 ABUNDANCE CHANGE 81 -11.14 82 -10.09 83 -11.33 84 -20.00 85 -20.00 86 -20.00
 ABUNDANCE CHANGE 87 -20.00 88 -20.00 89 -20.00 90 -11.95 91 -20.00 92 -12.54
 ABUNDANCE CHANGE 93 -20.00 94 -20.00 95 -20.00 96 -20.00 97 -20.00 98 -20.00
 ABUNDANCE CHANGE 99 -20.00
READ DECK6 72 RHOX,T,P,XNE,ABROSS,ACCRAD,VTURB, FLXCNV,VCONV,VELSND
 3.34088502E-03   3589.0 1.056E-02 9.335E+05 3.992E-05 8.802E-04 2.000E+05 0.000E+00 0.000E+00 8.509E+06
 4.48267673E-03   3598.0 1.417E-02 1.145E+06 3.799E-05 8.711E-04 2.000E+05 0.000E+00 0.000E+00 7.371E+06
 6.08329526E-03   3607.3 1.923E-02 1.417E+06 3.612E-05 8.613E-04 2.000E+05 0.000E+00 0.000E+00 6.351E+06
 8.32566865E-03   3617.5 2.632E-02 1.770E+06 3.443E-05 8.517E-04 2.000E+05 0.000E+00 6.272E+05 5.452E+06
 1.14602400E-02   3629.4 3.623E-02 2.238E+06 3.300E-05 8.428E-04 2.000E+05 0.000E+00 4.152E+05 4.670E+06
 1.57999663E-02   3643.5 4.994E-02 2.868E+06 3.194E-05 8.433E-04 2.000E+05 0.000E+00 2.256E+05 4.002E+06
 2.17453754E-02   3660.1 6.874E-02 3.724E+06 3.125E-05 8.459E-04 2.000E+05 0.000E+00 8.295E+04 3.437E+06
 2.98027778E-02   3679.0 9.421E-02 4.883E+06 3.090E-05 8.496E-04 2.000E+05 0.000E+00 0.000E+00 2.963E+06
 4.06078833E-02   3700.1 1.284E-01 6.456E+06 3.088E-05 8.550E-04 2.000E+05 0.000E+00 0.000E+00 2.568E+06
 5.49547062E-02   3723.1 1.737E-01 8.585E+06 3.116E-05 8.621E-04 2.000E+05 0.000E+00 0.000E+00 2.239E+06
 7.38281875E-02   3747.9 2.334E-01 1.146E+07 3.172E-05 8.711E-04 2.000E+05 0.000E+00 0.000E+00 1.965E+06
 9.84420636E-02   3774.3 3.112E-01 1.535E+07 3.255E-05 8.822E-04 2.000E+05 0.000E+00 0.000E+00 1.738E+06
 1.30323466E-01   3801.5 4.120E-01 2.052E+07 3.361E-05 8.970E-04 2.000E+05 0.000E+00 0.000E+00 1.550E+06
 1.71395747E-01   3829.6 5.418E-01 2.742E+07 3.487E-05 8.926E-04 2.000E+05 0.000E+00 0.000E+00 1.393E+06
 2.24085844E-01   3858.0 7.084E-01 3.652E+07 3.631E-05 8.876E-04 2.000E+05 0.000E+00 0.000E+00 1.263E+06
 2.91373712E-01   3887.0 9.211E-01 4.854E+07 3.801E-05 8.824E-04 2.000E+05 0.000E+00 0.000E+00 1.156E+06
 3.76873646E-01   3916.5 1.191E+00 6.432E+07 3.998E-05 8.778E-04 2.000E+05 0.000E+00 0.000E+00 1.067E+06
 4.85008585E-01   3946.1 1.533E+00 8.491E+07 4.225E-05 8.735E-04 2.000E+05 0.000E+00 0.000E+00 9.945E+05
 6.21175396E-01   3975.6 1.964E+00 1.115E+08 4.483E-05 8.700E-04 2.000E+05 0.000E+00 0.000E+00 9.351E+05
 7.91882188E-01   4005.1 2.503E+00 1.458E+08 4.780E-05 8.679E-04 2.000E+05 0.000E+00 0.000E+00 8.869E+05
 1.00479484E+00   4034.6 3.176E+00 1.898E+08 5.125E-05 8.673E-04 2.000E+05 0.000E+00 0.000E+00 8.480E+05
 1.26874743E+00   4064.3 4.011E+00 2.461E+08 5.531E-05 8.691E-04 2.000E+05 0.000E+00 0.000E+00 8.168E+05
 1.59356599E+00   4094.4 5.037E+00 3.183E+08 6.017E-05 8.725E-04 2.000E+05 0.000E+00 0.000E+00 7.921E+05
 1.98996532E+00   4125.1 6.291E+00 4.108E+08 6.602E-05 8.773E-04 2.000E+05 0.000E+00 0.000E+00 7.727E+05
 2.46967309E+00   4156.3 7.807E+00 5.285E+08 7.304E-05 8.834E-04 2.000E+05 0.000E+00 0.000E+00 7.576E+05
 3.04559106E+00   4187.8 9.628E+00 6.773E+08 8.142E-05 8.914E-04 2.000E+05 0.000E+00 0.000E+00 7.460E+05
 3.73220442E+00   4219.3 1.180E+01 8.635E+08 9.134E-05 9.019E-04 2.000E+05 0.000E+00 0.000E+00 7.371E+05
 4.54612651E+00   4250.7 1.437E+01 1.095E+09 1.030E-04 9.145E-04 2.000E+05 0.000E+00 0.000E+00 7.304E+05
 5.50670892E+00   4281.6 1.741E+01 1.378E+09 1.166E-04 9.294E-04 2.000E+05 0.000E+00 0.000E+00 7.253E+05
 6.63742716E+00   4311.7 2.098E+01 1.722E+09 1.321E-04 9.467E-04 2.000E+05 0.000E+00 0.000E+00 7.215E+05
 7.96685816E+00   4340.7 2.518E+01 2.134E+09 1.499E-04 9.673E-04 2.000E+05 0.000E+00 0.000E+00 7.188E+05
 9.52902584E+00   4368.7 3.012E+01 2.624E+09 1.701E-04 9.914E-04 2.000E+05 0.000E+00 0.000E+00 7.168E+05
 1.13677202E+01   4394.5 3.593E+01 3.189E+09 1.925E-04 1.023E-03 2.000E+05 0.000E+00 0.000E+00 7.154E+05
 1.35329645E+01   4419.8 4.278E+01 3.860E+09 2.182E-04 1.060E-03 2.000E+05 0.000E+00 0.000E+00 7.145E+05
 1.60795875E+01   4444.4 5.083E+01 4.649E+09 2.475E-04 1.103E-03 2.000E+05 0.000E+00 0.000E+00 7.140E+05
 1.90722747E+01   4468.5 6.029E+01 5.578E+09 2.809E-04 1.152E-03 2.000E+05 0.000E+00 0.000E+00 7.138E+05
 2.25877055E+01   4491.9 7.140E+01 6.662E+09 3.190E-04 1.208E-03 2.000E+05 0.000E+00 0.000E+00 7.140E+05
 2.67155068E+01   4514.9 8.445E+01 7.929E+09 3.623E-04 1.274E-03 2.000E+05 0.000E+00 0.000E+00 7.143E+05
 3.15621935E+01   4537.2 9.977E+01 9.403E+09 4.115E-04 1.350E-03 2.000E+05 0.000E+00 0.000E+00 7.149E+05
 3.72498437E+01   4559.5 1.177E+02 1.113E+10 4.680E-04 1.441E-03 2.000E+05 0.000E+00 0.000E+00 7.156E+05
 4.39074588E+01   4582.7 1.388E+02 1.320E+10 5.340E-04 1.547E-03 2.000E+05 0.000E+00 0.000E+00 7.165E+05
 5.16728850E+01   4607.1 1.633E+02 1.571E+10 6.117E-04 1.672E-03 2.000E+05 0.000E+00 0.000E+00 7.176E+05
 6.06870692E+01   4633.4 1.918E+02 1.878E+10 7.050E-04 1.825E-03 2.000E+05 0.000E+00 0.000E+00 7.190E+05
 7.10735988E+01   4662.8 2.246E+02 2.265E+10 8.196E-04 2.016E-03 2.000E+05 0.000E+00 0.000E+00 7.207E+05
 8.29183999E+01   4696.6 2.621E+02 2.765E+10 9.642E-04 2.258E-03 2.000E+05 0.000E+00 0.000E+00 7.227E+05
 9.62522559E+01   4736.0 3.042E+02 3.430E+10 1.150E-03 2.573E-03 2.000E+05 0.000E+00 0.000E+00 7.252E+05
 1.11027763E+02   4782.7 3.509E+02 4.338E+10 1.397E-03 2.989E-03 2.000E+05 0.000E+00 0.000E+00 7.281E+05
 1.27078121E+02   4838.8 4.016E+02 5.626E+10 1.734E-03 3.568E-03 2.000E+05 0.000E+00 0.000E+00 7.316E+05
 1.44108533E+02   4906.1 4.554E+02 7.504E+10 2.206E-03 4.376E-03 2.000E+05 0.000E+00 0.000E+00 7.358E+05
 1.61733157E+02   4986.5 5.110E+02 1.033E+11 2.881E-03 5.529E-03 2.000E+05 0.000E+00 0.000E+00 7.405E+05
 1.79466469E+02   5082.7 5.670E+02 1.472E+11 3.877E-03 7.229E-03 2.000E+05 0.000E+00 0.000E+00 7.459E+05
 1.96757629E+02   5197.3 6.215E+02 2.178E+11 5.391E-03 9.808E-03 2.000E+05 7.075E-08 0.000E+00 7.517E+05
 2.13047527E+02   5333.4 6.728E+02 3.355E+11 7.770E-03 1.385E-02 2.000E+05 5.465E-04 6.034E+00 7.575E+05
 2.27824609E+02   5494.1 7.193E+02 5.381E+11 1.165E-02 2.045E-02 2.000E+05 2.866E-02 1.167E+02 7.629E+05
 2.40690727E+02   5682.7 7.596E+02 8.971E+11 1.823E-02 3.164E-02 2.000E+05 1.035E+00 4.215E+02 7.669E+05
 2.51397925E+02   5903.6 7.931E+02 1.554E+12 2.993E-02 5.170E-02 2.000E+05 4.168E+01 1.349E+03 7.686E+05
 2.59861100E+02   6162.0 8.192E+02 2.792E+12 5.188E-02 8.983E-02 2.000E+05 2.559E+03 4.473E+03 7.676E+05
 2.66143243E+02   6465.9 8.383E+02 5.205E+12 9.643E-02 1.686E-01 2.000E+05 1.793E+05 1.689E+04 7.651E+05
 2.70444703E+02   6825.5 8.509E+02 1.005E+13 1.959E-01 3.495E-01 2.000E+05 1.952E+06 6.520E+04 7.650E+05
 2.73061940E+02   7262.4 8.577E+02 2.028E+13 4.525E-01 8.038E-01 2.000E+05 1.411E+08 1.262E+05 7.735E+05
 2.74535053E+02   7720.4 8.607E+02 3.827E+13 1.056E+00 1.532E+00 2.000E+05 8.442E+08 5.231E+05 7.944E+05
 2.75513881E+02   8036.6 8.622E+02 5.615E+13 1.841E+00 1.606E+00 2.000E+05 2.000E+09 8.174E+05 8.162E+05
 2.76362604E+02   8239.7 8.636E+02 7.021E+13 2.582E+00 1.299E+00 2.000E+05 2.863E+09 8.812E+05 8.336E+05
 2.77210221E+02   8398.4 8.653E+02 8.260E+13 3.323E+00 1.088E+00 2.000E+05 3.308E+09 9.219E+05 8.490E+05
 2.78104469E+02   8543.1 8.672E+02 9.489E+13 4.139E+00 9.475E-01 2.000E+05 3.573E+09 9.451E+05 8.646E+05
 2.79078056E+02   8673.1 8.694E+02 1.067E+14 4.999E+00 8.434E-01 2.000E+05 3.722E+09 9.590E+05 8.798E+05
 2.80159741E+02   8803.4 8.720E+02 1.191E+14 5.970E+00 7.767E-01 2.000E+05 3.818E+09 9.729E+05 8.963E+05
 2.81377666E+02   8930.1 8.749E+02 1.317E+14 7.019E+00 7.213E-01 2.000E+05 3.883E+09 9.851E+05 9.134E+05
 2.82760808E+02   9063.4 8.783E+02 1.452E+14 8.233E+00 6.851E-01 2.000E+05 3.929E+09 9.979E+05 9.327E+05
 2.84341830E+02   9198.4 8.823E+02 1.591E+14 9.559E+00 6.562E-01 2.000E+05 3.964E+09 1.013E+06 9.533E+05
 2.86158265E+02   9346.9 8.868E+02 1.742E+14 1.109E+01 6.444E-01 2.000E+05 3.991E+09 1.029E+06 9.772E+05
 2.88262704E+02   9502.6 8.921E+02 1.897E+14 1.268E+01 6.657E-01 2.000E+05 4.001E+09 1.051E+06 1.003E+06
PRADK 1.2210E+00
BEGIN                    ITERATION  15 COMPLETED
