TEFF   6250.  GRAVITY 3.50000 LTE 
TITLE  [-2.0a] N(He)/Ntot=0.0784 VTURB=2.0  L/H=1.25 ODFNEW                     
 OPACITY IFOP 1 1 1 1 1 1 1 1 1 1 1 1 1 0 1 0 0 0 0 0
 CONVECTION ON   1.25 TURBULENCE OFF  0.00  0.00  0.00  0.00
ABUNDANCE SCALE   0.01000 ABUNDANCE CHANGE 1 0.92130 2 0.07842
 ABUNDANCE CHANGE  3 -10.94  4 -10.64  5  -9.49  6  -3.52  7  -4.12  8  -2.81
 ABUNDANCE CHANGE  9  -7.48 10  -3.56 11  -5.71 12  -4.06 13  -5.57 14  -4.09
 ABUNDANCE CHANGE 15  -6.59 16  -4.31 17  -6.54 18  -5.24 19  -6.92 20  -5.28
 ABUNDANCE CHANGE 21  -8.87 22  -6.62 23  -8.04 24  -6.37 25  -6.65 26  -4.54
 ABUNDANCE CHANGE 27  -7.12 28  -5.79 29  -7.83 30  -7.44 31  -9.16 32  -8.63
 ABUNDANCE CHANGE 33  -9.67 34  -8.63 35  -9.41 36  -8.73 37  -9.44 38  -9.07
 ABUNDANCE CHANGE 39  -9.80 40  -9.44 41 -10.62 42 -10.12 43 -20.00 44 -10.20
 ABUNDANCE CHANGE 45 -10.92 46 -10.35 47 -11.10 48 -10.27 49 -10.38 50 -10.04
 ABUNDANCE CHANGE 51 -11.04 52  -9.80 53 -10.53 54  -9.87 55 -10.91 56  -9.91
 ABUNDANCE CHANGE 57 -10.87 58 -10.46 59 -11.33 60 -10.54 61 -20.00 62 -11.03
 ABUNDANCE CHANGE 63 -11.53 64 -10.92 65 -11.69 66 -10.90 67 -11.78 68 -11.11
 ABUNDANCE CHANGE 69 -12.04 70 -10.96 71 -11.98 72 -11.16 73 -12.17 74 -10.93
 ABUNDANCE CHANGE 75 -11.76 76 -10.59 77 -10.69 78 -10.24 79 -11.03 80 -10.91
 ABUNDANCE CHANGE 81 -11.14 82 -10.09 83 -11.33 84 -20.00 85 -20.00 86 -20.00
 ABUNDANCE CHANGE 87 -20.00 88 -20.00 89 -20.00 90 -11.95 91 -20.00 92 -12.54
 ABUNDANCE CHANGE 93 -20.00 94 -20.00 95 -20.00 96 -20.00 97 -20.00 98 -20.00
 ABUNDANCE CHANGE 99 -20.00
READ DECK6 72 RHOX,T,P,XNE,ABROSS,ACCRAD,VTURB, FLXCNV,VCONV,VELSND
 9.18201296E-04   4333.8 2.904E+00 6.936E+08 1.452E-04 1.041E-02 2.000E+05 0.000E+00 0.000E+00 9.916E+05
 1.21905936E-03   4355.2 3.855E+00 8.756E+08 1.504E-04 1.032E-02 2.000E+05 0.000E+00 0.000E+00 9.291E+05
 1.60584230E-03   4374.3 5.078E+00 1.089E+09 1.563E-04 1.022E-02 2.000E+05 0.000E+00 0.000E+00 8.801E+05
 2.09863906E-03   4394.6 6.636E+00 1.355E+09 1.647E-04 1.014E-02 2.000E+05 0.000E+00 0.000E+00 8.422E+05
 2.71800244E-03   4415.5 8.595E+00 1.682E+09 1.758E-04 1.007E-02 2.000E+05 0.000E+00 0.000E+00 8.131E+05
 3.48777632E-03   4436.6 1.103E+01 2.077E+09 1.896E-04 1.003E-02 2.000E+05 0.000E+00 0.000E+00 7.908E+05
 4.43564790E-03   4457.5 1.403E+01 2.550E+09 2.061E-04 1.001E-02 2.000E+05 0.000E+00 0.000E+00 7.739E+05
 5.59357717E-03   4478.4 1.769E+01 3.114E+09 2.258E-04 1.001E-02 2.000E+05 0.000E+00 0.000E+00 7.610E+05
 6.99827232E-03   4499.2 2.213E+01 3.784E+09 2.490E-04 1.003E-02 2.000E+05 0.000E+00 0.000E+00 7.512E+05
 8.69184402E-03   4519.9 2.749E+01 4.576E+09 2.761E-04 1.006E-02 2.000E+05 0.000E+00 0.000E+00 7.439E+05
 1.07230568E-02   4540.5 3.391E+01 5.509E+09 3.077E-04 1.011E-02 2.000E+05 0.000E+00 0.000E+00 7.384E+05
 1.31492448E-02   4560.9 4.158E+01 6.601E+09 3.440E-04 1.019E-02 2.000E+05 0.000E+00 0.000E+00 7.343E+05
 1.60398730E-02   4580.9 5.072E+01 7.873E+09 3.854E-04 1.025E-02 2.000E+05 0.000E+00 0.000E+00 7.313E+05
 1.94782753E-02   4600.7 6.159E+01 9.355E+09 4.324E-04 1.029E-02 2.000E+05 0.000E+00 0.000E+00 7.292E+05
 2.35607689E-02   4620.3 7.450E+01 1.108E+10 4.861E-04 1.036E-02 2.000E+05 0.000E+00 0.000E+00 7.278E+05
 2.83984783E-02   4639.8 8.980E+01 1.308E+10 5.476E-04 1.046E-02 2.000E+05 0.000E+00 0.000E+00 7.269E+05
 3.41199569E-02   4659.4 1.079E+02 1.542E+10 6.180E-04 1.060E-02 2.000E+05 0.000E+00 0.000E+00 7.264E+05
 4.08726755E-02   4679.3 1.292E+02 1.816E+10 6.990E-04 1.078E-02 2.000E+05 0.000E+00 0.000E+00 7.263E+05
 4.88261412E-02   4699.5 1.544E+02 2.137E+10 7.921E-04 1.100E-02 2.000E+05 0.000E+00 0.000E+00 7.265E+05
 5.81747953E-02   4720.2 1.840E+02 2.514E+10 8.995E-04 1.125E-02 2.000E+05 0.000E+00 0.000E+00 7.270E+05
 6.91437693E-02   4741.3 2.186E+02 2.955E+10 1.023E-03 1.154E-02 2.000E+05 0.000E+00 0.000E+00 7.277E+05
 8.19963827E-02   4762.7 2.593E+02 3.473E+10 1.165E-03 1.188E-02 2.000E+05 0.000E+00 0.000E+00 7.286E+05
 9.70319925E-02   4784.8 3.068E+02 4.082E+10 1.329E-03 1.226E-02 2.000E+05 0.000E+00 0.000E+00 7.296E+05
 1.14621375E-01   4806.1 3.625E+02 4.780E+10 1.514E-03 1.275E-02 2.000E+05 0.000E+00 0.000E+00 7.307E+05
 1.35203426E-01   4827.8 4.275E+02 5.595E+10 1.726E-03 1.333E-02 2.000E+05 0.000E+00 0.000E+00 7.319E+05
 1.59272511E-01   4849.6 5.037E+02 6.543E+10 1.968E-03 1.397E-02 2.000E+05 0.000E+00 0.000E+00 7.332E+05
 1.87429700E-01   4871.2 5.927E+02 7.638E+10 2.243E-03 1.469E-02 2.000E+05 0.000E+00 0.000E+00 7.345E+05
 2.20393562E-01   4892.6 6.969E+02 8.899E+10 2.554E-03 1.550E-02 2.000E+05 0.000E+00 0.000E+00 7.359E+05
 2.59038152E-01   4913.3 8.191E+02 1.034E+11 2.902E-03 1.639E-02 2.000E+05 0.000E+00 0.000E+00 7.372E+05
 3.04409103E-01   4933.5 9.626E+02 1.198E+11 3.294E-03 1.740E-02 2.000E+05 0.000E+00 0.000E+00 7.386E+05
 3.57789770E-01   4952.6 1.131E+03 1.383E+11 3.729E-03 1.854E-02 2.000E+05 0.000E+00 0.000E+00 7.399E+05
 4.20717828E-01   4971.1 1.330E+03 1.593E+11 4.216E-03 1.983E-02 2.000E+05 0.000E+00 0.000E+00 7.412E+05
 4.95043422E-01   4988.5 1.565E+03 1.829E+11 4.754E-03 2.126E-02 2.000E+05 0.000E+00 0.000E+00 7.424E+05
 5.82995718E-01   5005.2 1.844E+03 2.095E+11 5.354E-03 2.287E-02 2.000E+05 0.000E+00 0.000E+00 7.436E+05
 6.87260588E-01   5020.8 2.173E+03 2.391E+11 6.016E-03 2.467E-02 2.000E+05 0.000E+00 0.000E+00 7.448E+05
 8.11011653E-01   5036.1 2.565E+03 2.728E+11 6.759E-03 2.672E-02 2.000E+05 0.000E+00 0.000E+00 7.459E+05
 9.58005592E-01   5050.8 3.029E+03 3.107E+11 7.585E-03 2.903E-02 2.000E+05 0.000E+00 0.000E+00 7.470E+05
 1.13253950E+00   5065.8 3.581E+03 3.542E+11 8.525E-03 3.171E-02 2.000E+05 0.000E+00 0.000E+00 7.481E+05
 1.33950952E+00   5081.2 4.236E+03 4.043E+11 9.594E-03 3.480E-02 2.000E+05 0.000E+00 0.000E+00 7.493E+05
 1.58434615E+00   5097.9 5.010E+03 4.633E+11 1.083E-02 3.840E-02 2.000E+05 0.000E+00 0.000E+00 7.505E+05
 1.87293210E+00   5116.3 5.923E+03 5.332E+11 1.228E-02 4.263E-02 2.000E+05 0.000E+00 0.000E+00 7.518E+05
 2.21144813E+00   5137.3 6.993E+03 6.179E+11 1.400E-02 4.767E-02 2.000E+05 0.000E+00 0.000E+00 7.533E+05
 2.60591192E+00   5161.9 8.240E+03 7.224E+11 1.608E-02 5.378E-02 2.000E+05 0.000E+00 0.000E+00 7.550E+05
 3.06185859E+00   5190.9 9.682E+03 8.540E+11 1.864E-02 6.129E-02 2.000E+05 0.000E+00 0.000E+00 7.571E+05
 3.58319344E+00   5226.3 1.133E+04 1.025E+12 2.188E-02 7.083E-02 2.000E+05 0.000E+00 0.000E+00 7.595E+05
 4.17143528E+00   5269.0 1.319E+04 1.252E+12 2.604E-02 8.305E-02 2.000E+05 0.000E+00 0.000E+00 7.624E+05
 4.82534226E+00   5321.0 1.526E+04 1.560E+12 3.150E-02 9.904E-02 2.000E+05 0.000E+00 0.000E+00 7.659E+05
 5.53946656E+00   5384.2 1.752E+04 1.992E+12 3.884E-02 1.205E-01 2.000E+05 0.000E+00 0.000E+00 7.702E+05
 6.30296418E+00   5461.3 1.993E+04 2.618E+12 4.901E-02 1.502E-01 2.000E+05 0.000E+00 0.000E+00 7.752E+05
 7.09962446E+00   5555.0 2.245E+04 3.554E+12 6.345E-02 1.922E-01 2.000E+05 0.000E+00 0.000E+00 7.812E+05
 7.90889281E+00   5668.4 2.501E+04 4.999E+12 8.449E-02 2.533E-01 2.000E+05 0.000E+00 0.000E+00 7.881E+05
 8.70678323E+00   5805.0 2.753E+04 7.310E+12 1.161E-01 3.450E-01 2.000E+05 2.961E-02 0.000E+00 7.959E+05
 9.46795375E+00   5968.6 2.994E+04 1.113E+13 1.651E-01 4.871E-01 2.000E+05 4.359E+02 1.332E+02 8.045E+05
 1.01694405E+01   6162.9 3.216E+04 1.762E+13 2.432E-01 7.140E-01 2.000E+05 1.861E+04 3.203E+03 8.134E+05
 1.07910317E+01   6394.8 3.412E+04 2.911E+13 3.739E-01 1.095E+00 2.000E+05 4.889E+05 1.083E+04 8.220E+05
 1.13199700E+01   6665.3 3.579E+04 4.967E+13 5.977E-01 1.750E+00 2.000E+05 7.052E+06 3.130E+04 8.293E+05
 1.17492728E+01   6988.4 3.715E+04 8.843E+13 1.012E+00 2.968E+00 2.000E+05 3.754E+07 7.286E+04 8.343E+05
 1.20707616E+01   7389.7 3.817E+04 1.675E+14 1.876E+00 5.371E+00 2.000E+05 3.024E+08 1.122E+05 8.370E+05
 1.23007875E+01   7802.5 3.889E+04 3.005E+14 3.440E+00 8.532E+00 2.000E+05 1.204E+09 2.308E+05 8.393E+05
 1.24798385E+01   8132.4 3.946E+04 4.589E+14 5.496E+00 9.974E+00 2.000E+05 2.625E+09 3.122E+05 8.431E+05
 1.26395867E+01   8383.5 3.996E+04 6.194E+14 7.769E+00 9.500E+00 2.000E+05 3.935E+09 3.440E+05 8.480E+05
 1.27956070E+01   8592.9 4.045E+04 7.847E+14 1.030E+01 8.552E+00 2.000E+05 4.861E+09 3.593E+05 8.536E+05
 1.29558336E+01   8777.7 4.096E+04 9.578E+14 1.314E+01 7.631E+00 2.000E+05 5.480E+09 3.653E+05 8.596E+05
 1.31257933E+01   8947.1 4.149E+04 1.142E+15 1.632E+01 6.890E+00 2.000E+05 5.873E+09 3.667E+05 8.661E+05
 1.33098554E+01   9107.6 4.207E+04 1.340E+15 1.995E+01 6.294E+00 2.000E+05 6.129E+09 3.653E+05 8.731E+05
 1.35120143E+01   9262.0 4.271E+04 1.555E+15 2.408E+01 5.835E+00 2.000E+05 6.303E+09 3.636E+05 8.805E+05
 1.37362573E+01   9415.2 4.342E+04 1.794E+15 2.883E+01 5.422E+00 2.000E+05 6.433E+09 3.604E+05 8.886E+05
 1.39873945E+01   9565.7 4.421E+04 2.056E+15 3.417E+01 5.082E+00 2.000E+05 6.531E+09 3.587E+05 8.972E+05
 1.42699622E+01   9721.0 4.510E+04 2.355E+15 4.048E+01 4.766E+00 2.000E+05 6.604E+09 3.547E+05 9.069E+05
 1.45896433E+01   9872.7 4.611E+04 2.678E+15 4.751E+01 4.490E+00 2.000E+05 6.661E+09 3.534E+05 9.169E+05
 1.49518341E+01  10036.3 4.726E+04 3.060E+15 5.606E+01 4.245E+00 2.000E+05 6.702E+09 3.492E+05 9.285E+05
 1.53645733E+01  10191.3 4.856E+04 3.463E+15 6.514E+01 4.233E+00 2.000E+05 6.732E+09 3.481E+05 9.401E+05
PRADK 2.0458E+00
BEGIN                    ITERATION  15 COMPLETED
