TEFF   5250.  GRAVITY 2.50000 LTE 
TITLE  [-2.0a] N(He)/Ntot=0.0784 VTURB=2.0  L/H=1.25 ODFNEW                     
 OPACITY IFOP 1 1 1 1 1 1 1 1 1 1 1 1 1 0 1 0 0 0 0 0
 CONVECTION ON   1.25 TURBULENCE OFF  0.00  0.00  0.00  0.00
ABUNDANCE SCALE   0.01000 ABUNDANCE CHANGE 1 0.92130 2 0.07842
 ABUNDANCE CHANGE  3 -10.94  4 -10.64  5  -9.49  6  -3.52  7  -4.12  8  -2.81
 ABUNDANCE CHANGE  9  -7.48 10  -3.56 11  -5.71 12  -4.06 13  -5.57 14  -4.09
 ABUNDANCE CHANGE 15  -6.59 16  -4.31 17  -6.54 18  -5.24 19  -6.92 20  -5.28
 ABUNDANCE CHANGE 21  -8.87 22  -6.62 23  -8.04 24  -6.37 25  -6.65 26  -4.54
 ABUNDANCE CHANGE 27  -7.12 28  -5.79 29  -7.83 30  -7.44 31  -9.16 32  -8.63
 ABUNDANCE CHANGE 33  -9.67 34  -8.63 35  -9.41 36  -8.73 37  -9.44 38  -9.07
 ABUNDANCE CHANGE 39  -9.80 40  -9.44 41 -10.62 42 -10.12 43 -20.00 44 -10.20
 ABUNDANCE CHANGE 45 -10.92 46 -10.35 47 -11.10 48 -10.27 49 -10.38 50 -10.04
 ABUNDANCE CHANGE 51 -11.04 52  -9.80 53 -10.53 54  -9.87 55 -10.91 56  -9.91
 ABUNDANCE CHANGE 57 -10.87 58 -10.46 59 -11.33 60 -10.54 61 -20.00 62 -11.03
 ABUNDANCE CHANGE 63 -11.53 64 -10.92 65 -11.69 66 -10.90 67 -11.78 68 -11.11
 ABUNDANCE CHANGE 69 -12.04 70 -10.96 71 -11.98 72 -11.16 73 -12.17 74 -10.93
 ABUNDANCE CHANGE 75 -11.76 76 -10.59 77 -10.69 78 -10.24 79 -11.03 80 -10.91
 ABUNDANCE CHANGE 81 -11.14 82 -10.09 83 -11.33 84 -20.00 85 -20.00 86 -20.00
 ABUNDANCE CHANGE 87 -20.00 88 -20.00 89 -20.00 90 -11.95 91 -20.00 92 -12.54
 ABUNDANCE CHANGE 93 -20.00 94 -20.00 95 -20.00 96 -20.00 97 -20.00 98 -20.00
 ABUNDANCE CHANGE 99 -20.00
READ DECK6 72 RHOX,T,P,XNE,ABROSS,ACCRAD,VTURB, FLXCNV,VCONV,VELSND
 9.82569317E-03   3610.4 3.107E+00 2.546E+07 1.357E-05 8.654E-04 2.000E+05 0.000E+00 0.000E+00 7.821E+05
 1.30698208E-02   3620.0 4.133E+00 3.204E+07 1.385E-05 8.682E-04 2.000E+05 0.000E+00 0.000E+00 7.491E+05
 1.72887551E-02   3630.8 5.467E+00 4.038E+07 1.427E-05 8.678E-04 2.000E+05 0.000E+00 0.000E+00 7.240E+05
 2.27076154E-02   3643.8 7.181E+00 5.113E+07 1.492E-05 8.794E-04 2.000E+05 0.000E+00 0.000E+00 7.052E+05
 2.95755202E-02   3659.0 9.353E+00 6.483E+07 1.579E-05 8.918E-04 2.000E+05 0.000E+00 0.000E+00 6.914E+05
 3.81839790E-02   3675.7 1.207E+01 8.213E+07 1.688E-05 9.080E-04 2.000E+05 0.000E+00 0.000E+00 6.813E+05
 4.88647233E-02   3694.0 1.545E+01 1.039E+08 1.823E-05 9.263E-04 2.000E+05 0.000E+00 0.000E+00 6.741E+05
 6.19891561E-02   3713.8 1.960E+01 1.311E+08 1.988E-05 9.457E-04 2.000E+05 0.000E+00 0.000E+00 6.690E+05
 7.79723260E-02   3734.7 2.466E+01 1.649E+08 2.186E-05 9.663E-04 2.000E+05 0.000E+00 0.000E+00 6.656E+05
 9.72733639E-02   3756.6 3.076E+01 2.068E+08 2.423E-05 9.881E-04 2.000E+05 0.000E+00 0.000E+00 6.634E+05
 1.20402828E-01   3779.2 3.807E+01 2.584E+08 2.705E-05 1.016E-03 2.000E+05 0.000E+00 0.000E+00 6.622E+05
 1.47928577E-01   3802.4 4.678E+01 3.214E+08 3.041E-05 1.046E-03 2.000E+05 0.000E+00 0.000E+00 6.616E+05
 1.80549936E-01   3826.1 5.710E+01 3.985E+08 3.425E-05 1.054E-03 2.000E+05 0.000E+00 0.000E+00 6.616E+05
 2.19076234E-01   3850.0 6.928E+01 4.921E+08 3.876E-05 1.062E-03 2.000E+05 0.000E+00 0.000E+00 6.620E+05
 2.64347777E-01   3874.3 8.359E+01 6.059E+08 4.410E-05 1.067E-03 2.000E+05 0.000E+00 0.000E+00 6.628E+05
 3.17290025E-01   3898.9 1.003E+02 7.437E+08 5.039E-05 1.072E-03 2.000E+05 0.000E+00 0.000E+00 6.638E+05
 3.78971833E-01   3923.3 1.198E+02 9.091E+08 5.776E-05 1.081E-03 2.000E+05 0.000E+00 0.000E+00 6.649E+05
 4.50601288E-01   3947.9 1.425E+02 1.108E+09 6.643E-05 1.089E-03 2.000E+05 0.000E+00 0.000E+00 6.662E+05
 5.33562995E-01   3972.3 1.687E+02 1.345E+09 7.655E-05 1.096E-03 2.000E+05 0.000E+00 0.000E+00 6.677E+05
 6.29537647E-01   3996.0 1.991E+02 1.626E+09 8.827E-05 1.108E-03 2.000E+05 0.000E+00 0.000E+00 6.691E+05
 7.40500537E-01   4019.3 2.342E+02 1.956E+09 1.018E-04 1.124E-03 2.000E+05 0.000E+00 0.000E+00 6.706E+05
 8.68744884E-01   4042.2 2.747E+02 2.345E+09 1.175E-04 1.141E-03 2.000E+05 0.000E+00 0.000E+00 6.721E+05
 1.01696889E+00   4064.7 3.216E+02 2.802E+09 1.355E-04 1.161E-03 2.000E+05 0.000E+00 0.000E+00 6.736E+05
 1.18845195E+00   4086.3 3.758E+02 3.333E+09 1.561E-04 1.188E-03 2.000E+05 0.000E+00 0.000E+00 6.751E+05
 1.38705196E+00   4107.4 4.386E+02 3.952E+09 1.797E-04 1.218E-03 2.000E+05 0.000E+00 0.000E+00 6.765E+05
 1.61731699E+00   4127.9 5.114E+02 4.669E+09 2.065E-04 1.253E-03 2.000E+05 0.000E+00 0.000E+00 6.779E+05
 1.88473644E+00   4147.5 5.960E+02 5.497E+09 2.369E-04 1.292E-03 2.000E+05 0.000E+00 0.000E+00 6.793E+05
 2.19583878E+00   4166.4 6.944E+02 6.449E+09 2.713E-04 1.337E-03 2.000E+05 0.000E+00 0.000E+00 6.806E+05
 2.55853078E+00   4184.2 8.091E+02 7.534E+09 3.100E-04 1.392E-03 2.000E+05 0.000E+00 0.000E+00 6.818E+05
 2.98209235E+00   4201.5 9.430E+02 8.781E+09 3.538E-04 1.455E-03 2.000E+05 0.000E+00 0.000E+00 6.829E+05
 3.47736237E+00   4218.0 1.100E+03 1.021E+10 4.032E-04 1.529E-03 2.000E+05 0.000E+00 0.000E+00 6.840E+05
 4.05727596E+00   4233.9 1.283E+03 1.184E+10 4.590E-04 1.614E-03 2.000E+05 0.000E+00 0.000E+00 6.851E+05
 4.73666859E+00   4249.5 1.498E+03 1.372E+10 5.225E-04 1.711E-03 2.000E+05 0.000E+00 0.000E+00 6.861E+05
 5.53306073E+00   4264.7 1.750E+03 1.587E+10 5.940E-04 1.820E-03 2.000E+05 0.000E+00 0.000E+00 6.870E+05
 6.46717663E+00   4279.6 2.045E+03 1.835E+10 6.753E-04 1.945E-03 2.000E+05 0.000E+00 0.000E+00 6.879E+05
 7.56350701E+00   4294.0 2.392E+03 2.117E+10 7.670E-04 2.087E-03 2.000E+05 0.000E+00 0.000E+00 6.887E+05
 8.85028683E+00   4308.5 2.799E+03 2.444E+10 8.718E-04 2.250E-03 2.000E+05 0.000E+00 0.000E+00 6.895E+05
 1.03600736E+01   4323.0 3.276E+03 2.821E+10 9.911E-04 2.437E-03 2.000E+05 0.000E+00 0.000E+00 6.902E+05
 1.21285900E+01   4338.4 3.835E+03 3.264E+10 1.130E-03 2.660E-03 2.000E+05 0.000E+00 0.000E+00 6.910E+05
 1.41945121E+01   4354.7 4.489E+03 3.787E+10 1.291E-03 2.920E-03 2.000E+05 0.000E+00 0.000E+00 6.919E+05
 1.65993972E+01   4372.9 5.249E+03 4.414E+10 1.483E-03 3.230E-03 2.000E+05 0.000E+00 0.000E+00 6.928E+05
 1.93838449E+01   4393.4 6.130E+03 5.176E+10 1.713E-03 3.605E-03 2.000E+05 0.000E+00 0.000E+00 6.940E+05
 2.25862034E+01   4417.2 7.142E+03 6.120E+10 1.994E-03 4.058E-03 2.000E+05 0.000E+00 0.000E+00 6.955E+05
 2.62393931E+01   4445.0 8.298E+03 7.310E+10 2.341E-03 4.612E-03 2.000E+05 0.000E+00 0.000E+00 6.973E+05
 3.03667690E+01   4477.7 9.603E+03 8.840E+10 2.779E-03 5.302E-03 2.000E+05 0.000E+00 0.000E+00 6.996E+05
 3.49732735E+01   4516.6 1.106E+04 1.086E+11 3.344E-03 6.187E-03 2.000E+05 0.000E+00 0.000E+00 7.025E+05
 4.00324534E+01   4563.4 1.266E+04 1.364E+11 4.095E-03 7.349E-03 2.000E+05 0.000E+00 0.000E+00 7.062E+05
 4.55057314E+01   4617.6 1.439E+04 1.743E+11 5.081E-03 8.825E-03 2.000E+05 0.000E+00 0.000E+00 7.106E+05
 5.13270817E+01   4681.9 1.623E+04 2.292E+11 6.442E-03 1.083E-02 2.000E+05 0.000E+00 0.000E+00 7.160E+05
 5.73774942E+01   4758.1 1.814E+04 3.108E+11 8.372E-03 1.364E-02 2.000E+05 0.000E+00 0.000E+00 7.223E+05
 6.34800009E+01   4850.6 2.007E+04 4.399E+11 1.127E-02 1.785E-02 2.000E+05 0.000E+00 0.000E+00 7.300E+05
 6.94217094E+01   4960.9 2.195E+04 6.507E+11 1.570E-02 2.424E-02 2.000E+05 3.867E-02 0.000E+00 7.389E+05
 7.50044507E+01   5092.5 2.372E+04 1.010E+12 2.270E-02 3.427E-02 2.000E+05 8.647E+02 1.506E+02 7.492E+05
 8.00637811E+01   5248.0 2.532E+04 1.643E+12 3.401E-02 5.045E-02 2.000E+05 3.513E+04 4.195E+03 7.607E+05
 8.44690302E+01   5434.6 2.671E+04 2.827E+12 5.320E-02 7.785E-02 2.000E+05 6.821E+05 1.409E+04 7.736E+05
 8.81655726E+01   5651.0 2.788E+04 5.057E+12 8.584E-02 1.243E-01 2.000E+05 5.428E+06 3.705E+04 7.872E+05
 9.11651264E+01   5905.1 2.883E+04 9.450E+12 1.439E-01 2.070E-01 2.000E+05 1.878E+07 7.002E+04 8.012E+05
 9.34669084E+01   6216.9 2.955E+04 1.891E+13 2.578E-01 3.619E-01 2.000E+05 1.052E+08 9.307E+04 8.149E+05
 9.51631386E+01   6555.8 3.009E+04 3.722E+13 4.643E-01 5.895E-01 2.000E+05 4.320E+08 1.868E+05 8.249E+05
 9.64770012E+01   6857.3 3.050E+04 6.427E+13 7.616E-01 7.706E-01 2.000E+05 1.035E+09 2.713E+05 8.298E+05
 9.76010498E+01   7107.7 3.086E+04 9.774E+13 1.132E+00 8.257E-01 2.000E+05 1.690E+09 3.164E+05 8.318E+05
 9.86496871E+01   7317.5 3.119E+04 1.359E+14 1.565E+00 7.975E-01 2.000E+05 2.206E+09 3.383E+05 8.327E+05
 9.96824333E+01   7505.0 3.152E+04 1.798E+14 2.080E+00 7.498E-01 2.000E+05 2.562E+09 3.478E+05 8.335E+05
 1.00737758E+02   7673.1 3.185E+04 2.284E+14 2.672E+00 7.014E-01 2.000E+05 2.799E+09 3.505E+05 8.345E+05
 1.01842436E+02   7832.3 3.220E+04 2.840E+14 3.378E+00 6.619E-01 2.000E+05 2.959E+09 3.497E+05 8.358E+05
 1.03018639E+02   7981.7 3.257E+04 3.459E+14 4.198E+00 6.266E-01 2.000E+05 3.071E+09 3.471E+05 8.376E+05
 1.04284722E+02   8128.5 3.297E+04 4.169E+14 5.184E+00 5.953E-01 2.000E+05 3.154E+09 3.430E+05 8.400E+05
 1.05660838E+02   8269.4 3.340E+04 4.959E+14 6.326E+00 5.641E-01 2.000E+05 3.215E+09 3.392E+05 8.428E+05
 1.07164168E+02   8412.1 3.388E+04 5.878E+14 7.719E+00 5.360E-01 2.000E+05 3.261E+09 3.334E+05 8.463E+05
 1.08817002E+02   8548.8 3.440E+04 6.885E+14 9.317E+00 5.089E-01 2.000E+05 3.298E+09 3.298E+05 8.503E+05
 1.10634981E+02   8692.4 3.497E+04 8.085E+14 1.132E+01 4.852E-01 2.000E+05 3.324E+09 3.230E+05 8.551E+05
 1.12649669E+02   8826.3 3.561E+04 9.357E+14 1.351E+01 4.921E-01 2.000E+05 3.342E+09 3.199E+05 8.601E+05
PRADK 1.0135E+00
BEGIN                    ITERATION  15 COMPLETED
