TEFF   5000.  GRAVITY 1.00000 LTE 
TITLE  [-2.0a] N(He)/Ntot=0.0784 VTURB=2.0  L/H=1.25 ODFNEW                     
 OPACITY IFOP 1 1 1 1 1 1 1 1 1 1 1 1 1 0 1 0 0 0 0 0
 CONVECTION ON   1.25 TURBULENCE OFF  0.00  0.00  0.00  0.00
ABUNDANCE SCALE   0.01000 ABUNDANCE CHANGE 1 0.92130 2 0.07842
 ABUNDANCE CHANGE  3 -10.94  4 -10.64  5  -9.49  6  -3.52  7  -4.12  8  -2.81
 ABUNDANCE CHANGE  9  -7.48 10  -3.56 11  -5.71 12  -4.06 13  -5.57 14  -4.09
 ABUNDANCE CHANGE 15  -6.59 16  -4.31 17  -6.54 18  -5.24 19  -6.92 20  -5.28
 ABUNDANCE CHANGE 21  -8.87 22  -6.62 23  -8.04 24  -6.37 25  -6.65 26  -4.54
 ABUNDANCE CHANGE 27  -7.12 28  -5.79 29  -7.83 30  -7.44 31  -9.16 32  -8.63
 ABUNDANCE CHANGE 33  -9.67 34  -8.63 35  -9.41 36  -8.73 37  -9.44 38  -9.07
 ABUNDANCE CHANGE 39  -9.80 40  -9.44 41 -10.62 42 -10.12 43 -20.00 44 -10.20
 ABUNDANCE CHANGE 45 -10.92 46 -10.35 47 -11.10 48 -10.27 49 -10.38 50 -10.04
 ABUNDANCE CHANGE 51 -11.04 52  -9.80 53 -10.53 54  -9.87 55 -10.91 56  -9.91
 ABUNDANCE CHANGE 57 -10.87 58 -10.46 59 -11.33 60 -10.54 61 -20.00 62 -11.03
 ABUNDANCE CHANGE 63 -11.53 64 -10.92 65 -11.69 66 -10.90 67 -11.78 68 -11.11
 ABUNDANCE CHANGE 69 -12.04 70 -10.96 71 -11.98 72 -11.16 73 -12.17 74 -10.93
 ABUNDANCE CHANGE 75 -11.76 76 -10.59 77 -10.69 78 -10.24 79 -11.03 80 -10.91
 ABUNDANCE CHANGE 81 -11.14 82 -10.09 83 -11.33 84 -20.00 85 -20.00 86 -20.00
 ABUNDANCE CHANGE 87 -20.00 88 -20.00 89 -20.00 90 -11.95 91 -20.00 92 -12.54
 ABUNDANCE CHANGE 93 -20.00 94 -20.00 95 -20.00 96 -20.00 97 -20.00 98 -20.00
 ABUNDANCE CHANGE 99 -20.00
READ DECK6 72 RHOX,T,P,XNE,ABROSS,ACCRAD,VTURB, FLXCNV,VCONV,VELSND
 1.44415960E-02   3340.3 1.444E-01 1.055E+06 9.234E-06 3.873E-04 2.000E+05 0.000E+00 0.000E+00 1.949E+06
 1.92655496E-02   3350.6 1.926E-01 1.352E+06 9.206E-06 3.888E-04 2.000E+05 0.000E+00 0.000E+00 1.717E+06
 2.57113352E-02   3360.8 2.571E-01 1.735E+06 9.197E-06 3.895E-04 2.000E+05 0.000E+00 0.000E+00 1.520E+06
 3.42932689E-02   3372.5 3.429E-01 2.239E+06 9.235E-06 3.904E-04 2.000E+05 0.000E+00 0.000E+00 1.354E+06
 4.56636580E-02   3385.5 4.566E-01 2.901E+06 9.320E-06 3.920E-04 2.000E+05 0.000E+00 0.000E+00 1.215E+06
 6.06471554E-02   3400.0 6.064E-01 3.769E+06 9.455E-06 3.932E-04 2.000E+05 0.000E+00 0.000E+00 1.100E+06
 8.02894247E-02   3415.9 8.029E-01 4.906E+06 9.642E-06 3.936E-04 2.000E+05 0.000E+00 0.000E+00 1.005E+06
 1.05906186E-01   3433.4 1.059E+00 6.394E+06 9.885E-06 3.937E-04 2.000E+05 0.000E+00 0.000E+00 9.288E+05
 1.39134783E-01   3452.3 1.391E+00 8.334E+06 1.019E-05 3.939E-04 2.000E+05 0.000E+00 0.000E+00 8.672E+05
 1.82040673E-01   3472.3 1.820E+00 1.085E+07 1.054E-05 3.919E-04 2.000E+05 0.000E+00 0.000E+00 8.181E+05
 2.37344336E-01   3493.1 2.373E+00 1.412E+07 1.091E-05 3.852E-04 2.000E+05 0.000E+00 0.000E+00 7.791E+05
 3.08404048E-01   3514.9 3.084E+00 1.836E+07 1.135E-05 3.783E-04 2.000E+05 0.000E+00 0.000E+00 7.485E+05
 3.99209121E-01   3537.3 3.992E+00 2.382E+07 1.188E-05 3.725E-04 2.000E+05 0.000E+00 0.000E+00 7.247E+05
 5.14556251E-01   3560.4 5.145E+00 3.085E+07 1.250E-05 3.667E-04 2.000E+05 0.000E+00 0.000E+00 7.064E+05
 6.60180224E-01   3583.8 6.602E+00 3.982E+07 1.325E-05 3.611E-04 2.000E+05 0.000E+00 0.000E+00 6.925E+05
 8.42976762E-01   3607.2 8.429E+00 5.117E+07 1.411E-05 3.560E-04 2.000E+05 0.000E+00 0.000E+00 6.819E+05
 1.07099994E+00   3630.9 1.071E+01 6.555E+07 1.513E-05 3.512E-04 2.000E+05 0.000E+00 0.000E+00 6.742E+05
 1.35372267E+00   3651.7 1.354E+01 8.289E+07 1.633E-05 3.551E-04 2.000E+05 0.000E+00 0.000E+00 6.682E+05
 1.70140769E+00   3674.4 1.701E+01 1.049E+08 1.779E-05 3.601E-04 2.000E+05 0.000E+00 0.000E+00 6.641E+05
 2.12500191E+00   3698.6 2.125E+01 1.326E+08 1.955E-05 3.658E-04 2.000E+05 0.000E+00 0.000E+00 6.614E+05
 2.63672269E+00   3723.8 2.637E+01 1.673E+08 2.167E-05 3.725E-04 2.000E+05 0.000E+00 0.000E+00 6.598E+05
 3.25021955E+00   3749.6 3.250E+01 2.104E+08 2.418E-05 3.805E-04 2.000E+05 0.000E+00 0.000E+00 6.591E+05
 3.98022540E+00   3776.3 3.980E+01 2.641E+08 2.721E-05 3.913E-04 2.000E+05 0.000E+00 0.000E+00 6.590E+05
 4.84149726E+00   3804.8 4.841E+01 3.317E+08 3.090E-05 4.047E-04 2.000E+05 0.000E+00 0.000E+00 6.595E+05
 5.84413448E+00   3839.3 5.844E+01 4.230E+08 3.563E-05 4.094E-04 2.000E+05 0.000E+00 0.000E+00 6.610E+05
 7.00399289E+00   3871.5 7.004E+01 5.331E+08 4.107E-05 4.134E-04 2.000E+05 0.000E+00 0.000E+00 6.625E+05
 8.34491043E+00   3902.2 8.345E+01 6.660E+08 4.740E-05 4.183E-04 2.000E+05 0.000E+00 0.000E+00 6.641E+05
 9.89414577E+00   3931.3 9.894E+01 8.249E+08 5.471E-05 4.239E-04 2.000E+05 0.000E+00 0.000E+00 6.657E+05
 1.16849611E+01   3958.5 1.168E+02 1.012E+09 6.307E-05 4.314E-04 2.000E+05 0.000E+00 0.000E+00 6.671E+05
 1.37573532E+01   3984.3 1.376E+02 1.233E+09 7.264E-05 4.401E-04 2.000E+05 0.000E+00 0.000E+00 6.688E+05
 1.61599482E+01   4008.0 1.616E+02 1.487E+09 8.344E-05 4.511E-04 2.000E+05 0.000E+00 0.000E+00 6.703E+05
 1.89511335E+01   4030.5 1.895E+02 1.782E+09 9.572E-05 4.639E-04 2.000E+05 0.000E+00 0.000E+00 6.717E+05
 2.21995861E+01   4051.6 2.220E+02 2.123E+09 1.096E-04 4.787E-04 2.000E+05 0.000E+00 0.000E+00 6.731E+05
 2.59881447E+01   4071.4 2.599E+02 2.515E+09 1.252E-04 4.958E-04 2.000E+05 0.000E+00 0.000E+00 6.744E+05
 3.04142605E+01   4090.3 3.041E+02 2.966E+09 1.427E-04 5.156E-04 2.000E+05 0.000E+00 0.000E+00 6.756E+05
 3.55924276E+01   4108.2 3.559E+02 3.485E+09 1.626E-04 5.391E-04 2.000E+05 0.000E+00 0.000E+00 6.768E+05
 4.16526560E+01   4125.8 4.165E+02 4.087E+09 1.854E-04 5.668E-04 2.000E+05 0.000E+00 0.000E+00 6.780E+05
 4.87399676E+01   4143.4 4.874E+02 4.790E+09 2.115E-04 5.990E-04 2.000E+05 0.000E+00 0.000E+00 6.792E+05
 5.70152805E+01   4161.4 5.701E+02 5.619E+09 2.418E-04 6.368E-04 2.000E+05 0.000E+00 0.000E+00 6.804E+05
 6.66525742E+01   4180.2 6.665E+02 6.603E+09 2.773E-04 6.818E-04 2.000E+05 0.000E+00 0.000E+00 6.817E+05
 7.78326301E+01   4200.6 7.783E+02 7.791E+09 3.196E-04 7.359E-04 2.000E+05 0.000E+00 0.000E+00 6.832E+05
 9.07309007E+01   4223.0 9.073E+02 9.247E+09 3.705E-04 8.010E-04 2.000E+05 0.000E+00 0.000E+00 6.848E+05
 1.05509895E+02   4248.3 1.055E+03 1.106E+10 4.329E-04 8.809E-04 2.000E+05 0.000E+00 0.000E+00 6.867E+05
 1.22294498E+02   4277.3 1.223E+03 1.337E+10 5.109E-04 9.808E-04 2.000E+05 0.000E+00 0.000E+00 6.889E+05
 1.41151246E+02   4310.8 1.411E+03 1.637E+10 6.100E-04 1.107E-03 2.000E+05 0.000E+00 0.000E+00 6.914E+05
 1.62076619E+02   4349.7 1.621E+03 2.035E+10 7.381E-04 1.267E-03 2.000E+05 0.000E+00 0.000E+00 6.945E+05
 1.84924306E+02   4395.7 1.849E+03 2.582E+10 9.103E-04 1.484E-03 2.000E+05 0.000E+00 0.000E+00 6.981E+05
 2.09356331E+02   4450.2 2.093E+03 3.361E+10 1.148E-03 1.781E-03 2.000E+05 0.000E+00 0.000E+00 7.024E+05
 2.34889112E+02   4514.6 2.349E+03 4.500E+10 1.482E-03 2.194E-03 2.000E+05 0.000E+00 0.000E+00 7.075E+05
 2.60922966E+02   4590.3 2.609E+03 6.222E+10 1.963E-03 2.779E-03 2.000E+05 0.000E+00 0.000E+00 7.134E+05
 2.86836765E+02   4678.3 2.868E+03 8.889E+10 2.661E-03 3.606E-03 2.000E+05 0.000E+00 0.000E+00 7.202E+05
 3.11968877E+02   4781.3 3.119E+03 1.320E+11 3.716E-03 4.843E-03 2.000E+05 3.476E-04 0.000E+00 7.280E+05
 3.35477261E+02   4904.7 3.354E+03 2.060E+11 5.412E-03 6.834E-03 2.000E+05 7.000E-01 5.952E+01 7.369E+05
 3.56624157E+02   5049.6 3.565E+03 3.362E+11 8.161E-03 1.004E-02 2.000E+05 2.820E+01 7.425E+02 7.469E+05
 3.74971622E+02   5220.1 3.749E+03 5.753E+11 1.278E-02 1.542E-02 2.000E+05 6.718E+02 2.483E+03 7.578E+05
 3.90307610E+02   5418.9 3.902E+03 1.027E+12 2.076E-02 2.469E-02 2.000E+05 1.366E+04 7.028E+03 7.691E+05
 4.02660390E+02   5649.9 4.025E+03 1.907E+12 3.502E-02 4.129E-02 2.000E+05 2.247E+05 1.902E+04 7.799E+05
 4.12223134E+02   5917.1 4.120E+03 3.661E+12 6.151E-02 7.225E-02 2.000E+05 8.323E+05 4.763E+04 7.888E+05
 4.19298823E+02   6229.4 4.190E+03 7.287E+12 1.138E-01 1.341E-01 2.000E+05 8.250E+06 6.019E+04 7.939E+05
 4.24180330E+02   6601.3 4.238E+03 1.515E+13 2.271E-01 2.592E-01 2.000E+05 1.299E+08 1.502E+05 7.943E+05
 4.27441881E+02   6979.9 4.270E+03 2.939E+13 4.448E-01 4.230E-01 2.000E+05 5.878E+08 3.606E+05 7.931E+05
 4.29836070E+02   7279.5 4.292E+03 4.720E+13 7.458E-01 4.741E-01 2.000E+05 1.296E+09 4.997E+05 7.942E+05
 4.31911176E+02   7492.4 4.312E+03 6.454E+13 1.070E+00 4.190E-01 2.000E+05 1.869E+09 5.370E+05 7.970E+05
 4.33919631E+02   7664.0 4.331E+03 8.196E+13 1.426E+00 3.687E-01 2.000E+05 2.195E+09 5.498E+05 8.008E+05
 4.35975072E+02   7813.1 4.351E+03 9.995E+13 1.824E+00 3.278E-01 2.000E+05 2.389E+09 5.512E+05 8.052E+05
 4.38148635E+02   7948.1 4.372E+03 1.188E+14 2.274E+00 2.982E-01 2.000E+05 2.507E+09 5.503E+05 8.100E+05
 4.40490813E+02   8076.3 4.395E+03 1.392E+14 2.795E+00 2.728E-01 2.000E+05 2.586E+09 5.451E+05 8.153E+05
 4.43051824E+02   8197.5 4.420E+03 1.608E+14 3.386E+00 2.530E-01 2.000E+05 2.643E+09 5.432E+05 8.211E+05
 4.45871028E+02   8320.1 4.448E+03 1.852E+14 4.097E+00 2.356E-01 2.000E+05 2.682E+09 5.365E+05 8.276E+05
 4.49001025E+02   8436.1 4.478E+03 2.107E+14 4.891E+00 2.196E-01 2.000E+05 2.713E+09 5.347E+05 8.344E+05
 4.52481043E+02   8559.9 4.512E+03 2.407E+14 5.887E+00 2.076E-01 2.000E+05 2.736E+09 5.288E+05 8.423E+05
 4.56371436E+02   8675.1 4.550E+03 2.714E+14 6.970E+00 2.075E-01 2.000E+05 2.748E+09 5.274E+05 8.503E+05
PRADK 8.3138E-01
BEGIN                    ITERATION  15 COMPLETED
