TEFF   7250.  GRAVITY 4.50000 LTE 
TITLE  [-2.0a] N(He)/Ntot=0.0784 VTURB=2.0  L/H=1.25 ODFNEW                     
 OPACITY IFOP 1 1 1 1 1 1 1 1 1 1 1 1 1 0 1 0 0 0 0 0
 CONVECTION ON   1.25 TURBULENCE OFF  0.00  0.00  0.00  0.00
ABUNDANCE SCALE   0.01000 ABUNDANCE CHANGE 1 0.92130 2 0.07842
 ABUNDANCE CHANGE  3 -10.94  4 -10.64  5  -9.49  6  -3.52  7  -4.12  8  -2.81
 ABUNDANCE CHANGE  9  -7.48 10  -3.56 11  -5.71 12  -4.06 13  -5.57 14  -4.09
 ABUNDANCE CHANGE 15  -6.59 16  -4.31 17  -6.54 18  -5.24 19  -6.92 20  -5.28
 ABUNDANCE CHANGE 21  -8.87 22  -6.62 23  -8.04 24  -6.37 25  -6.65 26  -4.54
 ABUNDANCE CHANGE 27  -7.12 28  -5.79 29  -7.83 30  -7.44 31  -9.16 32  -8.63
 ABUNDANCE CHANGE 33  -9.67 34  -8.63 35  -9.41 36  -8.73 37  -9.44 38  -9.07
 ABUNDANCE CHANGE 39  -9.80 40  -9.44 41 -10.62 42 -10.12 43 -20.00 44 -10.20
 ABUNDANCE CHANGE 45 -10.92 46 -10.35 47 -11.10 48 -10.27 49 -10.38 50 -10.04
 ABUNDANCE CHANGE 51 -11.04 52  -9.80 53 -10.53 54  -9.87 55 -10.91 56  -9.91
 ABUNDANCE CHANGE 57 -10.87 58 -10.46 59 -11.33 60 -10.54 61 -20.00 62 -11.03
 ABUNDANCE CHANGE 63 -11.53 64 -10.92 65 -11.69 66 -10.90 67 -11.78 68 -11.11
 ABUNDANCE CHANGE 69 -12.04 70 -10.96 71 -11.98 72 -11.16 73 -12.17 74 -10.93
 ABUNDANCE CHANGE 75 -11.76 76 -10.59 77 -10.69 78 -10.24 79 -11.03 80 -10.91
 ABUNDANCE CHANGE 81 -11.14 82 -10.09 83 -11.33 84 -20.00 85 -20.00 86 -20.00
 ABUNDANCE CHANGE 87 -20.00 88 -20.00 89 -20.00 90 -11.95 91 -20.00 92 -12.54
 ABUNDANCE CHANGE 93 -20.00 94 -20.00 95 -20.00 96 -20.00 97 -20.00 98 -20.00
 ABUNDANCE CHANGE 99 -20.00
READ DECK6 72 RHOX,T,P,XNE,ABROSS,ACCRAD,VTURB, FLXCNV,VCONV,VELSND
 1.13778436E-04   5014.3 3.598E+00 9.382E+09 1.172E-03 8.016E-02 2.000E+05 0.000E+00 0.000E+00 1.027E+06
 1.51581585E-04   5032.1 4.793E+00 1.146E+10 1.181E-03 8.041E-02 2.000E+05 0.000E+00 0.000E+00 9.658E+05
 2.01705826E-04   5044.0 6.378E+00 1.373E+10 1.186E-03 8.041E-02 2.000E+05 0.000E+00 0.000E+00 9.169E+05
 2.67227851E-04   5062.4 8.450E+00 1.675E+10 1.229E-03 8.059E-02 2.000E+05 0.000E+00 0.000E+00 8.770E+05
 3.51062228E-04   5080.4 1.110E+01 2.031E+10 1.289E-03 8.073E-02 2.000E+05 0.000E+00 0.000E+00 8.460E+05
 4.56378433E-04   5102.4 1.443E+01 2.479E+10 1.383E-03 8.099E-02 2.000E+05 0.000E+00 0.000E+00 8.219E+05
 5.86514840E-04   5124.8 1.855E+01 3.011E+10 1.500E-03 8.124E-02 2.000E+05 0.000E+00 0.000E+00 8.037E+05
 7.45356043E-04   5149.2 2.357E+01 3.655E+10 1.649E-03 8.154E-02 2.000E+05 0.000E+00 0.000E+00 7.899E+05
 9.37122293E-04   5174.5 2.963E+01 4.424E+10 1.829E-03 8.190E-02 2.000E+05 0.000E+00 0.000E+00 7.796E+05
 1.16673874E-03   5200.9 3.690E+01 5.340E+10 2.045E-03 8.241E-02 2.000E+05 0.000E+00 0.000E+00 7.719E+05
 1.43986803E-03   5227.9 4.553E+01 6.425E+10 2.298E-03 8.306E-02 2.000E+05 0.000E+00 0.000E+00 7.663E+05
 1.76321941E-03   5255.4 5.576E+01 7.705E+10 2.593E-03 8.385E-02 2.000E+05 0.000E+00 0.000E+00 7.622E+05
 2.14531821E-03   5282.0 6.784E+01 9.178E+10 2.926E-03 8.473E-02 2.000E+05 0.000E+00 0.000E+00 7.594E+05
 2.59649564E-03   5308.7 8.211E+01 1.090E+11 3.307E-03 8.585E-02 2.000E+05 0.000E+00 0.000E+00 7.575E+05
 3.12854872E-03   5335.0 9.893E+01 1.289E+11 3.741E-03 8.722E-02 2.000E+05 0.000E+00 0.000E+00 7.564E+05
 3.75551235E-03   5361.2 1.188E+02 1.520E+11 4.235E-03 8.901E-02 2.000E+05 0.000E+00 0.000E+00 7.558E+05
 4.49408577E-03   5386.9 1.421E+02 1.786E+11 4.793E-03 9.119E-02 2.000E+05 0.000E+00 0.000E+00 7.557E+05
 5.36420855E-03   5412.2 1.696E+02 2.092E+11 5.425E-03 9.379E-02 2.000E+05 0.000E+00 0.000E+00 7.560E+05
 6.38958479E-03   5437.1 2.021E+02 2.444E+11 6.138E-03 9.681E-02 2.000E+05 0.000E+00 0.000E+00 7.566E+05
 7.59856122E-03   5461.5 2.403E+02 2.847E+11 6.940E-03 1.003E-01 2.000E+05 0.000E+00 0.000E+00 7.575E+05
 9.02479748E-03   5485.4 2.854E+02 3.308E+11 7.842E-03 1.043E-01 2.000E+05 0.000E+00 0.000E+00 7.586E+05
 1.07085663E-02   5508.8 3.386E+02 3.834E+11 8.855E-03 1.090E-01 2.000E+05 0.000E+00 0.000E+00 7.598E+05
 1.26982130E-02   5531.5 4.016E+02 4.433E+11 9.988E-03 1.143E-01 2.000E+05 0.000E+00 0.000E+00 7.612E+05
 1.50514566E-02   5553.7 4.760E+02 5.114E+11 1.126E-02 1.204E-01 2.000E+05 0.000E+00 0.000E+00 7.627E+05
 1.78367855E-02   5575.4 5.640E+02 5.890E+11 1.268E-02 1.273E-01 2.000E+05 0.000E+00 0.000E+00 7.643E+05
 2.11358881E-02   5596.6 6.684E+02 6.773E+11 1.427E-02 1.350E-01 2.000E+05 0.000E+00 0.000E+00 7.660E+05
 2.50458666E-02   5617.5 7.920E+02 7.778E+11 1.605E-02 1.437E-01 2.000E+05 0.000E+00 0.000E+00 7.678E+05
 2.96816477E-02   5638.2 9.386E+02 8.922E+11 1.805E-02 1.534E-01 2.000E+05 0.000E+00 0.000E+00 7.696E+05
 3.51814860E-02   5658.2 1.113E+03 1.022E+12 2.028E-02 1.642E-01 2.000E+05 0.000E+00 0.000E+00 7.714E+05
 4.17114959E-02   5677.9 1.319E+03 1.169E+12 2.277E-02 1.764E-01 2.000E+05 0.000E+00 0.000E+00 7.733E+05
 4.94674882E-02   5697.4 1.564E+03 1.336E+12 2.556E-02 1.898E-01 2.000E+05 0.000E+00 0.000E+00 7.752E+05
 5.86878103E-02   5716.1 1.856E+03 1.524E+12 2.865E-02 2.047E-01 2.000E+05 0.000E+00 0.000E+00 7.770E+05
 6.96618699E-02   5734.3 2.203E+03 1.736E+12 3.209E-02 2.211E-01 2.000E+05 0.000E+00 0.000E+00 7.789E+05
 8.27409874E-02   5751.5 2.616E+03 1.974E+12 3.587E-02 2.393E-01 2.000E+05 0.000E+00 0.000E+00 7.808E+05
 9.83542000E-02   5767.8 3.110E+03 2.239E+12 4.005E-02 2.595E-01 2.000E+05 0.000E+00 0.000E+00 7.827E+05
 1.17014551E-01   5783.5 3.700E+03 2.536E+12 4.467E-02 2.824E-01 2.000E+05 0.000E+00 0.000E+00 7.845E+05
 1.39317683E-01   5799.3 4.406E+03 2.875E+12 4.986E-02 3.084E-01 2.000E+05 0.000E+00 0.000E+00 7.863E+05
 1.65953272E-01   5815.5 5.248E+03 3.262E+12 5.570E-02 3.379E-01 2.000E+05 0.000E+00 0.000E+00 7.881E+05
 1.97715835E-01   5832.7 6.252E+03 3.708E+12 6.235E-02 3.717E-01 2.000E+05 0.000E+00 0.000E+00 7.900E+05
 2.35496220E-01   5851.5 7.447E+03 4.231E+12 7.002E-02 4.109E-01 2.000E+05 0.000E+00 0.000E+00 7.918E+05
 2.80278354E-01   5872.5 8.863E+03 4.850E+12 7.894E-02 4.568E-01 2.000E+05 0.000E+00 0.000E+00 7.938E+05
 3.33094209E-01   5896.9 1.053E+04 5.595E+12 8.949E-02 5.115E-01 2.000E+05 0.000E+00 0.000E+00 7.958E+05
 3.94986464E-01   5925.8 1.249E+04 6.511E+12 1.022E-01 5.781E-01 2.000E+05 0.000E+00 0.000E+00 7.980E+05
 4.66925536E-01   5960.1 1.477E+04 7.656E+12 1.178E-01 6.596E-01 2.000E+05 0.000E+00 0.000E+00 8.004E+05
 5.49740049E-01   6001.7 1.738E+04 9.121E+12 1.372E-01 7.616E-01 2.000E+05 0.000E+00 0.000E+00 8.031E+05
 6.43943460E-01   6052.1 2.036E+04 1.104E+13 1.619E-01 8.918E-01 2.000E+05 0.000E+00 0.000E+00 8.061E+05
 7.49573648E-01   6113.7 2.370E+04 1.361E+13 1.941E-01 1.062E+00 2.000E+05 0.000E+00 0.000E+00 8.095E+05
 8.65985984E-01   6188.9 2.738E+04 1.717E+13 2.371E-01 1.289E+00 2.000E+05 0.000E+00 0.000E+00 8.134E+05
 9.91676977E-01   6280.9 3.136E+04 2.222E+13 2.962E-01 1.601E+00 2.000E+05 0.000E+00 0.000E+00 8.177E+05
 1.12416535E+00   6393.1 3.555E+04 2.961E+13 3.796E-01 2.044E+00 2.000E+05 0.000E+00 0.000E+00 8.224E+05
 1.26011391E+00   6528.7 3.985E+04 4.072E+13 5.004E-01 2.687E+00 2.000E+05 0.000E+00 0.000E+00 8.274E+05
 1.39541763E+00   6692.6 4.413E+04 5.796E+13 6.819E-01 3.654E+00 2.000E+05 1.620E+01 0.000E+00 8.325E+05
 1.52549586E+00   6889.1 4.824E+04 8.540E+13 9.635E-01 5.164E+00 2.000E+05 3.560E+03 9.342E+02 8.372E+05
 1.64574740E+00   7124.4 5.204E+04 1.305E+14 1.420E+00 7.639E+00 2.000E+05 1.597E+05 5.440E+03 8.413E+05
 1.75171643E+00   7408.3 5.539E+04 2.076E+14 2.209E+00 1.197E+01 2.000E+05 5.593E+06 1.843E+04 8.444E+05
 1.83979848E+00   7751.6 5.817E+04 3.442E+14 3.662E+00 2.005E+01 2.000E+05 7.188E+07 5.764E+04 8.471E+05
 1.90713979E+00   8181.2 6.030E+04 6.036E+14 6.670E+00 3.611E+01 2.000E+05 4.520E+08 1.239E+05 8.516E+05
 1.95534997E+00   8647.0 6.182E+04 1.033E+15 1.236E+01 5.965E+01 2.000E+05 1.784E+09 2.048E+05 8.607E+05
 1.99270906E+00   9017.7 6.300E+04 1.518E+15 1.967E+01 7.138E+01 2.000E+05 4.114E+09 2.936E+05 8.723E+05
 2.02644603E+00   9292.4 6.407E+04 1.978E+15 2.733E+01 6.847E+01 2.000E+05 6.449E+09 3.297E+05 8.836E+05
 2.06005722E+00   9523.4 6.513E+04 2.439E+15 3.548E+01 6.140E+01 2.000E+05 8.218E+09 3.507E+05 8.947E+05
 2.09531362E+00   9729.9 6.624E+04 2.916E+15 4.432E+01 5.404E+01 2.000E+05 9.469E+09 3.613E+05 9.060E+05
 2.13347503E+00   9921.1 6.745E+04 3.416E+15 5.398E+01 4.796E+01 2.000E+05 1.030E+10 3.666E+05 9.175E+05
 2.17563529E+00  10104.9 6.878E+04 3.953E+15 6.467E+01 4.328E+01 2.000E+05 1.085E+10 3.691E+05 9.295E+05
 2.22285691E+00  10284.7 7.027E+04 4.536E+15 7.658E+01 3.958E+01 2.000E+05 1.123E+10 3.695E+05 9.422E+05
 2.27626737E+00  10463.5 7.196E+04 5.174E+15 8.996E+01 3.676E+01 2.000E+05 1.149E+10 3.699E+05 9.556E+05
 2.33705836E+00  10645.1 7.388E+04 5.883E+15 1.052E+02 3.425E+01 2.000E+05 1.169E+10 3.689E+05 9.701E+05
 2.40664724E+00  10827.9 7.607E+04 6.665E+15 1.222E+02 3.227E+01 2.000E+05 1.184E+10 3.692E+05 9.855E+05
 2.48655865E+00  11019.9 7.860E+04 7.556E+15 1.418E+02 3.037E+01 2.000E+05 1.195E+10 3.673E+05 1.003E+06
 2.57871456E+00  11211.6 8.151E+04 8.528E+15 1.633E+02 2.891E+01 2.000E+05 1.205E+10 3.681E+05 1.020E+06
 2.68556519E+00  11423.1 8.489E+04 9.677E+15 1.876E+02 2.739E+01 2.000E+05 1.211E+10 3.658E+05 1.041E+06
 2.81044231E+00  11629.2 8.883E+04 1.091E+16 2.130E+02 2.731E+01 2.000E+05 1.217E+10 3.666E+05 1.062E+06
PRADK 3.7087E+00
BEGIN                    ITERATION  15 COMPLETED
