TEFF   8500.  GRAVITY 3.50000 LTE 
TITLE  [-2.0a] N(He)/Ntot=0.0784 VTURB=2.0  L/H=1.25 ODFNEW                     
 OPACITY IFOP 1 1 1 1 1 1 1 1 1 1 1 1 1 0 1 0 0 0 0 0
 CONVECTION ON   1.25 TURBULENCE OFF  0.00  0.00  0.00  0.00
ABUNDANCE SCALE   0.01000 ABUNDANCE CHANGE 1 0.92130 2 0.07842
 ABUNDANCE CHANGE  3 -10.94  4 -10.64  5  -9.49  6  -3.52  7  -4.12  8  -2.81
 ABUNDANCE CHANGE  9  -7.48 10  -3.56 11  -5.71 12  -4.06 13  -5.57 14  -4.09
 ABUNDANCE CHANGE 15  -6.59 16  -4.31 17  -6.54 18  -5.24 19  -6.92 20  -5.28
 ABUNDANCE CHANGE 21  -8.87 22  -6.62 23  -8.04 24  -6.37 25  -6.65 26  -4.54
 ABUNDANCE CHANGE 27  -7.12 28  -5.79 29  -7.83 30  -7.44 31  -9.16 32  -8.63
 ABUNDANCE CHANGE 33  -9.67 34  -8.63 35  -9.41 36  -8.73 37  -9.44 38  -9.07
 ABUNDANCE CHANGE 39  -9.80 40  -9.44 41 -10.62 42 -10.12 43 -20.00 44 -10.20
 ABUNDANCE CHANGE 45 -10.92 46 -10.35 47 -11.10 48 -10.27 49 -10.38 50 -10.04
 ABUNDANCE CHANGE 51 -11.04 52  -9.80 53 -10.53 54  -9.87 55 -10.91 56  -9.91
 ABUNDANCE CHANGE 57 -10.87 58 -10.46 59 -11.33 60 -10.54 61 -20.00 62 -11.03
 ABUNDANCE CHANGE 63 -11.53 64 -10.92 65 -11.69 66 -10.90 67 -11.78 68 -11.11
 ABUNDANCE CHANGE 69 -12.04 70 -10.96 71 -11.98 72 -11.16 73 -12.17 74 -10.93
 ABUNDANCE CHANGE 75 -11.76 76 -10.59 77 -10.69 78 -10.24 79 -11.03 80 -10.91
 ABUNDANCE CHANGE 81 -11.14 82 -10.09 83 -11.33 84 -20.00 85 -20.00 86 -20.00
 ABUNDANCE CHANGE 87 -20.00 88 -20.00 89 -20.00 90 -11.95 91 -20.00 92 -12.54
 ABUNDANCE CHANGE 93 -20.00 94 -20.00 95 -20.00 96 -20.00 97 -20.00 98 -20.00
 ABUNDANCE CHANGE 99 -20.00
READ DECK6 72 RHOX,T,P,XNE,ABROSS,ACCRAD,VTURB, FLXCNV,VCONV,VELSND
 9.04570228E-07   5710.0 2.860E-03 1.115E+09 1.474E-01 1.781E+00 2.000E+05 0.000E+00 0.000E+00 1.559E+07
 1.22352387E-06   5710.1 3.868E-03 1.387E+09 1.314E-01 1.634E+00 2.000E+05 0.000E+00 0.000E+00 1.319E+07
 1.70449124E-06   5710.1 5.389E-03 1.746E+09 1.151E-01 1.484E+00 2.000E+05 0.000E+00 0.000E+00 1.103E+07
 2.44292078E-06   5710.1 7.723E-03 2.221E+09 9.907E-02 1.338E+00 2.000E+05 0.000E+00 0.000E+00 9.123E+06
 3.60297472E-06   5710.8 1.139E-02 2.853E+09 8.395E-02 1.201E+00 2.000E+05 0.000E+00 5.708E+06 7.480E+06
 5.43817564E-06   5713.5 1.719E-02 3.698E+09 7.048E-02 1.079E+00 2.000E+05 0.000E+00 6.536E+06 6.103E+06
 8.36119030E-06   5718.2 2.643E-02 4.827E+09 5.889E-02 9.750E-01 2.000E+05 0.000E+00 5.171E+06 4.971E+06
 1.30267804E-05   5725.7 4.118E-02 6.339E+09 4.923E-02 8.892E-01 2.000E+05 0.000E+00 3.659E+06 4.055E+06
 2.04507896E-05   5736.2 6.465E-02 8.366E+09 4.137E-02 8.204E-01 2.000E+05 0.000E+00 2.309E+06 3.324E+06
 3.22001173E-05   5748.9 1.018E-01 1.106E+10 3.498E-02 7.658E-01 2.000E+05 0.000E+00 1.454E+06 2.745E+06
 5.05141702E-05   5767.8 1.597E-01 1.473E+10 3.021E-02 7.264E-01 2.000E+05 0.000E+00 4.845E+05 2.289E+06
 7.89134520E-05   5781.8 2.495E-01 1.932E+10 2.590E-02 6.910E-01 2.000E+05 0.000E+00 0.000E+00 1.933E+06
 1.22438835E-04   5803.9 3.871E-01 2.564E+10 2.288E-02 6.682E-01 2.000E+05 0.000E+00 0.000E+00 1.652E+06
 1.87416226E-04   5829.8 5.925E-01 3.400E+10 2.066E-02 6.527E-01 2.000E+05 0.000E+00 0.000E+00 1.433E+06
 2.81884849E-04   5861.5 8.912E-01 4.519E+10 1.923E-02 6.450E-01 2.000E+05 0.000E+00 0.000E+00 1.264E+06
 4.15049505E-04   5898.4 1.312E+00 6.001E+10 1.846E-02 6.437E-01 2.000E+05 0.000E+00 0.000E+00 1.134E+06
 5.97215326E-04   5939.6 1.888E+00 7.936E+10 1.824E-02 6.478E-01 2.000E+05 0.000E+00 0.000E+00 1.035E+06
 8.39671822E-04   5983.8 2.655E+00 1.042E+11 1.850E-02 6.568E-01 2.000E+05 0.000E+00 0.000E+00 9.609E+05
 1.15466253E-03   6030.2 3.651E+00 1.358E+11 1.919E-02 6.708E-01 2.000E+05 0.000E+00 0.000E+00 9.048E+05
 1.55587065E-03   6077.5 4.919E+00 1.751E+11 2.026E-02 6.894E-01 2.000E+05 0.000E+00 0.000E+00 8.629E+05
 2.05864007E-03   6125.3 6.509E+00 2.235E+11 2.170E-02 7.128E-01 2.000E+05 0.000E+00 0.000E+00 8.314E+05
 2.68077487E-03   6173.0 8.476E+00 2.825E+11 2.351E-02 7.406E-01 2.000E+05 0.000E+00 0.000E+00 8.078E+05
 3.44185430E-03   6221.2 1.088E+01 3.543E+11 2.577E-02 7.733E-01 2.000E+05 0.000E+00 0.000E+00 7.901E+05
 4.36444792E-03   6268.6 1.380E+01 4.401E+11 2.843E-02 8.100E-01 2.000E+05 0.000E+00 0.000E+00 7.769E+05
 5.47648692E-03   6315.2 1.731E+01 5.421E+11 3.153E-02 8.502E-01 2.000E+05 0.000E+00 0.000E+00 7.671E+05
 6.81315018E-03   6359.4 2.154E+01 6.611E+11 3.497E-02 8.923E-01 2.000E+05 0.000E+00 0.000E+00 7.598E+05
 8.42080447E-03   6400.9 2.662E+01 7.981E+11 3.874E-02 9.360E-01 2.000E+05 0.000E+00 0.000E+00 7.546E+05
 1.03620886E-02   6437.8 3.276E+01 9.524E+11 4.265E-02 9.801E-01 2.000E+05 0.000E+00 0.000E+00 7.506E+05
 1.27205332E-02   6470.5 4.021E+01 1.125E+12 4.668E-02 1.026E+00 2.000E+05 0.000E+00 0.000E+00 7.478E+05
 1.56020496E-02   6499.0 4.932E+01 1.317E+12 5.083E-02 1.075E+00 2.000E+05 0.000E+00 0.000E+00 7.459E+05
 1.91348019E-02   6525.1 6.049E+01 1.535E+12 5.527E-02 1.129E+00 2.000E+05 0.000E+00 0.000E+00 7.446E+05
 2.34633323E-02   6550.5 7.417E+01 1.785E+12 6.024E-02 1.190E+00 2.000E+05 0.000E+00 0.000E+00 7.440E+05
 2.87464362E-02   6576.5 9.087E+01 2.077E+12 6.599E-02 1.260E+00 2.000E+05 0.000E+00 0.000E+00 7.439E+05
 3.51560399E-02   6604.2 1.111E+02 2.420E+12 7.278E-02 1.340E+00 2.000E+05 0.000E+00 0.000E+00 7.444E+05
 4.28752950E-02   6634.2 1.355E+02 2.827E+12 8.087E-02 1.433E+00 2.000E+05 0.000E+00 0.000E+00 7.453E+05
 5.21178992E-02   6665.4 1.647E+02 3.301E+12 9.021E-02 1.538E+00 2.000E+05 0.000E+00 0.000E+00 7.465E+05
 6.31496836E-02   6697.3 1.996E+02 3.852E+12 1.009E-01 1.655E+00 2.000E+05 0.000E+00 0.000E+00 7.481E+05
 7.62827565E-02   6730.1 2.411E+02 4.492E+12 1.132E-01 1.788E+00 2.000E+05 0.000E+00 0.000E+00 7.499E+05
 9.18871035E-02   6763.5 2.904E+02 5.233E+12 1.271E-01 1.940E+00 2.000E+05 0.000E+00 0.000E+00 7.518E+05
 1.10377401E-01   6798.7 3.489E+02 6.103E+12 1.434E-01 2.118E+00 2.000E+05 0.000E+00 0.000E+00 7.540E+05
 1.32189070E-01   6836.4 4.178E+02 7.133E+12 1.625E-01 2.330E+00 2.000E+05 0.000E+00 0.000E+00 7.563E+05
 1.57780747E-01   6877.6 4.987E+02 8.366E+12 1.852E-01 2.586E+00 2.000E+05 0.000E+00 0.000E+00 7.588E+05
 1.87585657E-01   6923.9 5.928E+02 9.866E+12 2.130E-01 2.902E+00 2.000E+05 0.000E+00 0.000E+00 7.614E+05
 2.21955481E-01   6976.8 7.014E+02 1.172E+13 2.477E-01 3.300E+00 2.000E+05 0.000E+00 0.000E+00 7.642E+05
 2.61099687E-01   7038.4 8.251E+02 1.406E+13 2.921E-01 3.813E+00 2.000E+05 0.000E+00 0.000E+00 7.672E+05
 3.04992163E-01   7111.0 9.637E+02 1.707E+13 3.505E-01 4.490E+00 2.000E+05 0.000E+00 0.000E+00 7.703E+05
 3.53247227E-01   7197.9 1.116E+03 2.104E+13 4.299E-01 5.411E+00 2.000E+05 0.000E+00 0.000E+00 7.738E+05
 4.05115401E-01   7300.5 1.280E+03 2.632E+13 5.397E-01 6.688E+00 2.000E+05 9.557E-05 0.000E+00 7.778E+05
 4.59439786E-01   7422.8 1.451E+03 3.352E+13 6.973E-01 8.524E+00 2.000E+05 1.389E-02 4.189E+01 7.825E+05
 5.14583552E-01   7568.5 1.625E+03 4.354E+13 9.321E-01 1.125E+01 2.000E+05 1.701E-01 2.083E+02 7.884E+05
 5.68494038E-01   7743.9 1.795E+03 5.786E+13 1.298E+00 1.545E+01 2.000E+05 1.661E+00 4.330E+02 7.962E+05
 6.19048806E-01   7951.0 1.954E+03 7.840E+13 1.885E+00 2.211E+01 2.000E+05 2.415E+01 8.775E+02 8.067E+05
 6.64416796E-01   8195.8 2.096E+03 1.082E+14 2.865E+00 3.302E+01 2.000E+05 6.118E+02 2.107E+03 8.213E+05
 7.03397940E-01   8482.0 2.218E+03 1.514E+14 4.533E+00 5.108E+01 2.000E+05 2.142E+04 6.099E+03 8.418E+05
 7.35726964E-01   8812.4 2.318E+03 2.126E+14 7.382E+00 8.099E+01 2.000E+05 6.709E+05 1.972E+04 8.706E+05
 7.62077239E-01   9188.5 2.398E+03 2.955E+14 1.206E+01 1.282E+02 2.000E+05 8.324E+06 6.193E+04 9.108E+05
 7.83942024E-01   9605.6 2.464E+03 3.982E+14 1.895E+01 1.952E+02 2.000E+05 3.553E+07 1.412E+05 9.649E+05
 8.03007036E-01  10078.5 2.520E+03 5.141E+14 2.771E+01 2.779E+02 2.000E+05 7.517E+07 2.112E+05 1.037E+06
 8.21808455E-01  10598.2 2.573E+03 6.204E+14 3.504E+01 3.458E+02 2.000E+05 8.270E+07 2.439E+05 1.123E+06
 8.43307535E-01  11201.2 2.634E+03 6.987E+14 3.763E+01 3.727E+02 2.000E+05 4.445E+07 1.851E+05 1.220E+06
 8.73082560E-01  11872.7 2.717E+03 7.391E+14 3.318E+01 3.305E+02 2.000E+05 9.277E+06 5.887E+04 1.317E+06
 9.20730119E-01  12643.5 2.854E+03 7.590E+14 2.585E+01 2.604E+02 2.000E+05 2.040E+05 1.108E+04 1.426E+06
 1.00501039E+00  13479.9 3.101E+03 7.870E+14 1.936E+01 1.944E+02 2.000E+05 9.141E+02 2.309E+03 1.539E+06
 1.15414971E+00  14416.8 3.548E+03 8.492E+14 1.479E+01 1.481E+02 2.000E+05 6.511E+00 6.984E+02 1.617E+06
 1.40401888E+00  15404.6 4.305E+03 9.714E+14 1.227E+01 1.216E+02 2.000E+05 4.439E-01 4.713E+02 1.644E+06
 1.79091849E+00  16495.6 5.484E+03 1.168E+15 1.093E+01 1.079E+02 2.000E+05 4.326E-01 5.636E+02 1.681E+06
 2.35125262E+00  17652.7 7.198E+03 1.448E+15 1.032E+01 1.014E+02 2.000E+05 2.890E-01 4.177E+02 1.760E+06
 3.13502157E+00  18930.7 9.599E+03 1.816E+15 9.915E+00 9.745E+01 2.000E+05 7.013E-02 0.000E+00 1.881E+06
 4.21169833E+00  20289.9 1.290E+04 2.287E+15 9.707E+00 9.510E+01 2.000E+05 0.000E+00 0.000E+00 2.018E+06
 5.66943501E+00  21777.5 1.737E+04 2.875E+15 9.617E+00 9.426E+01 2.000E+05 0.000E+00 0.000E+00 2.148E+06
 7.61341106E+00  23369.2 2.334E+04 3.603E+15 9.697E+00 9.467E+01 2.000E+05 0.000E+00 0.000E+00 2.257E+06
 1.01638231E+01  25089.9 3.116E+04 4.483E+15 9.917E+00 9.313E+01 2.000E+05 0.000E+00 0.000E+00 2.354E+06
PRADK 7.0046E+00
BEGIN                    ITERATION  15 COMPLETED
