TEFF   6500.  GRAVITY 4.00000 LTE 
TITLE  [-2.5a] N(He)/Ntot=0.0784 VTURB=2  L/H=1.25 NOVER                        
 OPACITY IFOP 1 1 1 1 1 1 1 1 1 1 1 1 1 0 1 0 0 0 0 0
 CONVECTION ON   1.25 TURBULENCE OFF  0.00  0.00  0.00  0.00
ABUNDANCE SCALE   0.00316 ABUNDANCE CHANGE 1 0.92156 2 0.07844
 ABUNDANCE CHANGE  3 -10.94  4 -10.64  5  -9.49  6  -3.52  7  -4.12  8  -2.81
 ABUNDANCE CHANGE  9  -7.48 10  -3.56 11  -5.71 12  -4.06 13  -5.57 14  -4.09
 ABUNDANCE CHANGE 15  -6.59 16  -4.31 17  -6.54 18  -5.24 19  -6.92 20  -5.28
 ABUNDANCE CHANGE 21  -8.87 22  -6.62 23  -8.04 24  -6.37 25  -6.65 26  -4.54
 ABUNDANCE CHANGE 27  -7.12 28  -5.79 29  -7.83 30  -7.44 31  -9.16 32  -8.63
 ABUNDANCE CHANGE 33  -9.67 34  -8.63 35  -9.41 36  -8.73 37  -9.44 38  -9.07
 ABUNDANCE CHANGE 39  -9.80 40  -9.44 41 -10.62 42 -10.12 43 -20.00 44 -10.20
 ABUNDANCE CHANGE 45 -10.92 46 -10.35 47 -11.10 48 -10.27 49 -10.38 50 -10.04
 ABUNDANCE CHANGE 51 -11.04 52  -9.80 53 -10.53 54  -9.87 55 -10.91 56  -9.91
 ABUNDANCE CHANGE 57 -10.87 58 -10.46 59 -11.33 60 -10.54 61 -20.00 62 -11.03
 ABUNDANCE CHANGE 63 -11.53 64 -10.92 65 -11.69 66 -10.90 67 -11.78 68 -11.11
 ABUNDANCE CHANGE 69 -12.04 70 -10.96 71 -11.98 72 -11.16 73 -12.17 74 -10.93
 ABUNDANCE CHANGE 75 -11.76 76 -10.59 77 -10.69 78 -10.24 79 -11.03 80 -10.91
 ABUNDANCE CHANGE 81 -11.14 82 -10.09 83 -11.33 84 -20.00 85 -20.00 86 -20.00
 ABUNDANCE CHANGE 87 -20.00 88 -20.00 89 -20.00 90 -11.95 91 -20.00 92 -12.54
 ABUNDANCE CHANGE 93 -20.00 94 -20.00 95 -20.00 96 -20.00 97 -20.00 98 -20.00
 ABUNDANCE CHANGE 99 -20.00
READ DECK6 72 RHOX,T,P,XNE,ABROSS,ACCRAD,VTURB, FLXCNV,VCONV,VELSND
 3.67386703E-04   4627.5 3.674E+00 2.498E+09 3.630E-04 1.477E-02 2.000E+05 0.000E+00 0.000E+00 9.724E+05
 4.89120306E-04   4642.0 4.891E+00 3.043E+09 3.677E-04 1.478E-02 2.000E+05 0.000E+00 0.000E+00 9.169E+05
 6.49408657E-04   4652.3 6.494E+00 3.643E+09 3.723E-04 1.477E-02 2.000E+05 0.000E+00 0.000E+00 8.729E+05
 8.57619181E-04   4667.5 8.576E+00 4.428E+09 3.874E-04 1.478E-02 2.000E+05 0.000E+00 0.000E+00 8.385E+05
 1.12294543E-03   4682.7 1.123E+01 5.358E+09 4.079E-04 1.479E-02 2.000E+05 0.000E+00 0.000E+00 8.122E+05
 1.45532912E-03   4701.1 1.455E+01 6.523E+09 4.384E-04 1.482E-02 2.000E+05 0.000E+00 0.000E+00 7.924E+05
 1.86559804E-03   4720.0 1.866E+01 7.906E+09 4.759E-04 1.485E-02 2.000E+05 0.000E+00 0.000E+00 7.776E+05
 2.36625735E-03   4740.5 2.366E+01 9.584E+09 5.231E-04 1.489E-02 2.000E+05 0.000E+00 0.000E+00 7.667E+05
 2.97087750E-03   4762.0 2.971E+01 1.159E+10 5.801E-04 1.494E-02 2.000E+05 0.000E+00 0.000E+00 7.586E+05
 3.69520236E-03   4784.4 3.695E+01 1.398E+10 6.479E-04 1.502E-02 2.000E+05 0.000E+00 0.000E+00 7.527E+05
 4.55752197E-03   4807.1 4.558E+01 1.681E+10 7.274E-04 1.518E-02 2.000E+05 0.000E+00 0.000E+00 7.485E+05
 5.58042576E-03   4829.6 5.580E+01 2.010E+10 8.184E-04 1.537E-02 2.000E+05 0.000E+00 0.000E+00 7.455E+05
 6.79212961E-03   4851.6 6.792E+01 2.391E+10 9.217E-04 1.560E-02 2.000E+05 0.000E+00 0.000E+00 7.434E+05
 8.22585264E-03   4873.5 8.226E+01 2.834E+10 1.039E-03 1.587E-02 2.000E+05 0.000E+00 0.000E+00 7.421E+05
 9.92029665E-03   4895.1 9.920E+01 3.347E+10 1.173E-03 1.619E-02 2.000E+05 0.000E+00 0.000E+00 7.413E+05
 1.19220911E-02   4916.2 1.192E+02 3.937E+10 1.324E-03 1.658E-02 2.000E+05 0.000E+00 0.000E+00 7.410E+05
 1.42868783E-02   4937.0 1.429E+02 4.615E+10 1.495E-03 1.704E-02 2.000E+05 0.000E+00 0.000E+00 7.410E+05
 1.70809660E-02   4957.3 1.708E+02 5.393E+10 1.687E-03 1.756E-02 2.000E+05 0.000E+00 0.000E+00 7.412E+05
 2.03840933E-02   4977.0 2.038E+02 6.281E+10 1.902E-03 1.817E-02 2.000E+05 0.000E+00 0.000E+00 7.417E+05
 2.42918499E-02   4996.1 2.429E+02 7.293E+10 2.143E-03 1.886E-02 2.000E+05 0.000E+00 0.000E+00 7.424E+05
 2.89186368E-02   5014.6 2.892E+02 8.443E+10 2.413E-03 1.965E-02 2.000E+05 0.000E+00 0.000E+00 7.431E+05
 3.44036656E-02   5032.2 3.440E+02 9.740E+10 2.712E-03 2.055E-02 2.000E+05 0.000E+00 0.000E+00 7.440E+05
 4.09157367E-02   5049.0 4.092E+02 1.120E+11 3.044E-03 2.157E-02 2.000E+05 0.000E+00 0.000E+00 7.449E+05
 4.86574678E-02   5065.0 4.866E+02 1.284E+11 3.413E-03 2.272E-02 2.000E+05 0.000E+00 0.000E+00 7.459E+05
 5.78724107E-02   5080.2 5.787E+02 1.469E+11 3.821E-03 2.401E-02 2.000E+05 0.000E+00 0.000E+00 7.469E+05
 6.88541678E-02   5094.7 6.885E+02 1.676E+11 4.273E-03 2.545E-02 2.000E+05 0.000E+00 0.000E+00 7.479E+05
 8.19571244E-02   5108.4 8.196E+02 1.907E+11 4.774E-03 2.706E-02 2.000E+05 0.000E+00 0.000E+00 7.489E+05
 9.76016125E-02   5121.7 9.760E+02 2.168E+11 5.330E-03 2.886E-02 2.000E+05 0.000E+00 0.000E+00 7.499E+05
 1.16300658E-01   5134.0 1.163E+03 2.458E+11 5.943E-03 3.087E-02 2.000E+05 0.000E+00 0.000E+00 7.509E+05
 1.38659855E-01   5146.3 1.387E+03 2.786E+11 6.629E-03 3.314E-02 2.000E+05 0.000E+00 0.000E+00 7.520E+05
 1.65400082E-01   5158.1 1.654E+03 3.153E+11 7.390E-03 3.565E-02 2.000E+05 0.000E+00 0.000E+00 7.530E+05
 1.97376115E-01   5169.9 1.974E+03 3.570E+11 8.244E-03 3.847E-02 2.000E+05 0.000E+00 0.000E+00 7.540E+05
 2.35613364E-01   5181.4 2.356E+03 4.037E+11 9.191E-03 4.159E-02 2.000E+05 0.000E+00 0.000E+00 7.550E+05
 2.81323508E-01   5193.1 2.813E+03 4.568E+11 1.026E-02 4.511E-02 2.000E+05 0.000E+00 0.000E+00 7.560E+05
 3.35952017E-01   5204.5 3.360E+03 5.165E+11 1.144E-02 4.903E-02 2.000E+05 0.000E+00 0.000E+00 7.570E+05
 4.01206796E-01   5216.3 4.012E+03 5.846E+11 1.278E-02 5.349E-02 2.000E+05 0.000E+00 0.000E+00 7.580E+05
 4.79085647E-01   5228.3 4.791E+03 6.619E+11 1.429E-02 5.851E-02 2.000E+05 0.000E+00 0.000E+00 7.590E+05
 5.71908515E-01   5241.1 5.719E+03 7.510E+11 1.600E-02 6.424E-02 2.000E+05 0.000E+00 0.000E+00 7.600E+05
 6.82365607E-01   5254.6 6.824E+03 8.533E+11 1.795E-02 7.078E-02 2.000E+05 0.000E+00 0.000E+00 7.611E+05
 8.13476255E-01   5269.7 8.135E+03 9.735E+11 2.020E-02 7.839E-02 2.000E+05 0.000E+00 0.000E+00 7.622E+05
 9.68538886E-01   5286.7 9.685E+03 1.116E+12 2.282E-02 8.730E-02 2.000E+05 0.000E+00 0.000E+00 7.635E+05
 1.15096101E+00   5306.9 1.151E+04 1.289E+12 2.595E-02 9.804E-02 2.000E+05 0.000E+00 0.000E+00 7.649E+05
 1.36401575E+00   5331.1 1.364E+04 1.503E+12 2.975E-02 1.111E-01 2.000E+05 0.000E+00 0.000E+00 7.666E+05
 1.61070347E+00   5360.5 1.611E+04 1.773E+12 3.443E-02 1.271E-01 2.000E+05 0.000E+00 0.000E+00 7.687E+05
 1.89325531E+00   5396.4 1.893E+04 2.124E+12 4.034E-02 1.474E-01 2.000E+05 0.000E+00 0.000E+00 7.711E+05
 2.21258674E+00   5440.7 2.213E+04 2.591E+12 4.794E-02 1.735E-01 2.000E+05 0.000E+00 0.000E+00 7.741E+05
 2.56783112E+00   5495.1 2.568E+04 3.230E+12 5.797E-02 2.079E-01 2.000E+05 0.000E+00 0.000E+00 7.776E+05
 2.95579751E+00   5561.9 2.956E+04 4.128E+12 7.149E-02 2.542E-01 2.000E+05 0.000E+00 0.000E+00 7.820E+05
 3.37052165E+00   5643.7 3.370E+04 5.432E+12 9.023E-02 3.182E-01 2.000E+05 0.000E+00 0.000E+00 7.872E+05
 3.80318346E+00   5743.3 3.803E+04 7.384E+12 1.168E-01 4.091E-01 2.000E+05 0.000E+00 0.000E+00 7.933E+05
 4.24242262E+00   5864.2 4.242E+04 1.040E+13 1.557E-01 5.419E-01 2.000E+05 0.000E+00 0.000E+00 8.004E+05
 4.67511650E+00   6009.8 4.675E+04 1.522E+13 2.141E-01 7.413E-01 2.000E+05 2.273E+00 0.000E+00 8.084E+05
 5.08794733E+00   6184.0 5.088E+04 2.314E+13 3.044E-01 1.050E+00 2.000E+05 3.541E+03 4.788E+02 8.171E+05
 5.46826463E+00   6391.6 5.468E+04 3.660E+13 4.490E-01 1.546E+00 2.000E+05 1.397E+05 5.438E+03 8.260E+05
 5.80476626E+00   6639.6 5.804E+04 6.036E+13 6.916E-01 2.380E+00 2.000E+05 3.385E+06 1.786E+04 8.344E+05
 6.09002434E+00   6931.4 6.090E+04 1.030E+14 1.113E+00 3.835E+00 2.000E+05 2.800E+07 5.014E+04 8.413E+05
 6.31734116E+00   7292.1 6.317E+04 1.865E+14 1.934E+00 6.622E+00 2.000E+05 1.632E+08 9.314E+04 8.462E+05
 6.48523047E+00   7712.2 6.485E+04 3.448E+14 3.558E+00 1.137E+01 2.000E+05 7.841E+08 1.575E+05 8.492E+05
 6.61196854E+00   8084.3 6.611E+04 5.624E+14 5.969E+00 1.539E+01 2.000E+05 2.129E+09 2.505E+05 8.524E+05
 6.71979468E+00   8373.1 6.719E+04 7.977E+14 8.801E+00 1.617E+01 2.000E+05 3.712E+09 2.952E+05 8.565E+05
 6.82178149E+00   8606.3 6.821E+04 1.040E+15 1.195E+01 1.508E+01 2.000E+05 5.004E+09 3.161E+05 8.613E+05
 6.92439128E+00   8810.4 6.923E+04 1.298E+15 1.551E+01 1.361E+01 2.000E+05 5.921E+09 3.264E+05 8.668E+05
 7.03166113E+00   8994.3 7.030E+04 1.571E+15 1.950E+01 1.220E+01 2.000E+05 6.535E+09 3.294E+05 8.727E+05
 7.14668776E+00   9166.3 7.145E+04 1.866E+15 2.403E+01 1.113E+01 2.000E+05 6.941E+09 3.301E+05 8.792E+05
 7.27196295E+00   9331.5 7.270E+04 2.188E+15 2.923E+01 1.024E+01 2.000E+05 7.215E+09 3.281E+05 8.861E+05
 7.41042677E+00   9491.4 7.409E+04 2.541E+15 3.503E+01 9.523E+00 2.000E+05 7.406E+09 3.263E+05 8.935E+05
 7.56484102E+00   9652.3 7.563E+04 2.939E+15 4.179E+01 8.883E+00 2.000E+05 7.547E+09 3.230E+05 9.017E+05
 7.73831265E+00   9809.8 7.736E+04 3.376E+15 4.940E+01 8.330E+00 2.000E+05 7.651E+09 3.207E+05 9.104E+05
 7.93391792E+00   9974.0 7.932E+04 3.881E+15 5.844E+01 7.842E+00 2.000E+05 7.734E+09 3.169E+05 9.201E+05
 8.15568788E+00  10133.5 8.153E+04 4.429E+15 6.840E+01 7.369E+00 2.000E+05 7.798E+09 3.148E+05 9.301E+05
 8.40746422E+00  10306.4 8.405E+04 5.083E+15 8.059E+01 6.968E+00 2.000E+05 7.846E+09 3.106E+05 9.418E+05
 8.69465486E+00  10469.6 8.692E+04 5.775E+15 9.359E+01 6.948E+00 2.000E+05 7.880E+09 3.090E+05 9.533E+05
PRADK 2.3959E+00
BEGIN                    ITERATION  15 COMPLETED
