TEFF   8000.  GRAVITY 1.00000 LTE 
TITLE  [-2.5a] N(He)/Ntot=0.0784 VTURB=2  L/H=1.25 NOVER                        
 OPACITY IFOP 1 1 1 1 1 1 1 1 1 1 1 1 1 0 1 0 0 0 0 0
 CONVECTION ON   1.25 TURBULENCE OFF  0.00  0.00  0.00  0.00
ABUNDANCE SCALE   0.00316 ABUNDANCE CHANGE 1 0.92156 2 0.07844
 ABUNDANCE CHANGE  3 -10.94  4 -10.64  5  -9.49  6  -3.52  7  -4.12  8  -2.81
 ABUNDANCE CHANGE  9  -7.48 10  -3.56 11  -5.71 12  -4.06 13  -5.57 14  -4.09
 ABUNDANCE CHANGE 15  -6.59 16  -4.31 17  -6.54 18  -5.24 19  -6.92 20  -5.28
 ABUNDANCE CHANGE 21  -8.87 22  -6.62 23  -8.04 24  -6.37 25  -6.65 26  -4.54
 ABUNDANCE CHANGE 27  -7.12 28  -5.79 29  -7.83 30  -7.44 31  -9.16 32  -8.63
 ABUNDANCE CHANGE 33  -9.67 34  -8.63 35  -9.41 36  -8.73 37  -9.44 38  -9.07
 ABUNDANCE CHANGE 39  -9.80 40  -9.44 41 -10.62 42 -10.12 43 -20.00 44 -10.20
 ABUNDANCE CHANGE 45 -10.92 46 -10.35 47 -11.10 48 -10.27 49 -10.38 50 -10.04
 ABUNDANCE CHANGE 51 -11.04 52  -9.80 53 -10.53 54  -9.87 55 -10.91 56  -9.91
 ABUNDANCE CHANGE 57 -10.87 58 -10.46 59 -11.33 60 -10.54 61 -20.00 62 -11.03
 ABUNDANCE CHANGE 63 -11.53 64 -10.92 65 -11.69 66 -10.90 67 -11.78 68 -11.11
 ABUNDANCE CHANGE 69 -12.04 70 -10.96 71 -11.98 72 -11.16 73 -12.17 74 -10.93
 ABUNDANCE CHANGE 75 -11.76 76 -10.59 77 -10.69 78 -10.24 79 -11.03 80 -10.91
 ABUNDANCE CHANGE 81 -11.14 82 -10.09 83 -11.33 84 -20.00 85 -20.00 86 -20.00
 ABUNDANCE CHANGE 87 -20.00 88 -20.00 89 -20.00 90 -11.95 91 -20.00 92 -12.54
 ABUNDANCE CHANGE 93 -20.00 94 -20.00 95 -20.00 96 -20.00 97 -20.00 98 -20.00
 ABUNDANCE CHANGE 99 -20.00
READ DECK6 72 RHOX,T,P,XNE,ABROSS,ACCRAD,VTURB, FLXCNV,VCONV,VELSND
 4.57259093E-07   5286.8 3.523E-06 2.288E+06 2.916E-01 2.295E+00 2.000E+05 0.000E+00 0.000E+00 0.000E+00
 6.10197140E-07   5295.7 4.703E-06 3.040E+06 2.900E-01 2.281E+00 2.000E+05 0.000E+00 0.000E+00 0.000E+00
 8.15529718E-07   5301.2 6.290E-06 4.044E+06 2.877E-01 2.263E+00 2.000E+05 0.000E+00 0.000E+00 0.000E+00
 1.09186141E-06   5305.5 8.431E-06 5.386E+06 2.847E-01 2.240E+00 2.000E+05 0.000E+00 1.611E+10 0.000E+00
 1.46487048E-06   5308.6 1.133E-05 7.181E+06 2.808E-01 2.210E+00 2.000E+05 0.000E+00 1.005E+10 0.000E+00
 1.97041309E-06   5310.5 1.528E-05 9.583E+06 2.757E-01 2.171E+00 2.000E+05 0.000E+00 6.073E+09 0.000E+00
 2.65919778E-06   5311.7 2.069E-05 1.280E+07 2.690E-01 2.121E+00 2.000E+05 0.000E+00 4.068E+09 0.000E+00
 3.60381094E-06   5312.9 2.816E-05 1.712E+07 2.607E-01 2.058E+00 2.000E+05 0.000E+00 3.478E+09 0.000E+00
 4.90938822E-06   5314.9 3.858E-05 2.292E+07 2.505E-01 1.981E+00 2.000E+05 0.000E+00 3.122E+09 1.192E+09
 6.73054181E-06   5317.4 5.327E-05 3.074E+07 2.383E-01 1.889E+00 2.000E+05 0.000E+00 2.262E+09 2.193E+08
 9.30247467E-06   5318.9 7.428E-05 4.125E+07 2.234E-01 1.777E+00 2.000E+05 0.000E+00 1.949E+09 1.322E+08
 1.29772858E-05   5323.9 1.047E-04 5.555E+07 2.075E-01 1.657E+00 2.000E+05 0.000E+00 1.392E+09 9.231E+07
 1.83218760E-05   5323.9 1.497E-04 7.463E+07 1.879E-01 1.510E+00 2.000E+05 0.000E+00 9.802E+08 6.794E+07
 2.62141694E-05   5331.4 2.173E-04 1.011E+08 1.695E-01 1.372E+00 2.000E+05 0.000E+00 8.959E+08 5.219E+07
 3.80527682E-05   5333.9 3.204E-04 1.362E+08 1.486E-01 1.215E+00 2.000E+05 0.000E+00 5.527E+08 4.065E+07
 5.61064852E-05   5342.6 4.804E-04 1.851E+08 1.298E-01 1.074E+00 2.000E+05 0.000E+00 4.376E+08 3.214E+07
 8.39773955E-05   5349.0 7.313E-04 2.504E+08 1.110E-01 9.329E-01 2.000E+05 0.000E+00 2.661E+08 2.549E+07
 1.27579130E-04   5359.1 1.130E-03 3.405E+08 9.445E-02 8.092E-01 2.000E+05 0.000E+00 1.868E+08 2.027E+07
 1.96101460E-04   5370.9 1.763E-03 4.633E+08 7.995E-02 7.006E-01 2.000E+05 0.000E+00 1.214E+08 1.615E+07
 3.03851450E-04   5386.9 2.771E-03 6.331E+08 6.799E-02 6.111E-01 2.000E+05 0.000E+00 8.005E+07 1.290E+07
 4.71984336E-04   5407.4 4.356E-03 8.682E+08 5.841E-02 5.394E-01 2.000E+05 0.000E+00 5.138E+07 1.036E+07
 7.30745893E-04   5433.6 6.812E-03 1.196E+09 5.104E-02 4.842E-01 2.000E+05 0.000E+00 3.223E+07 8.382E+06
 1.12142418E-03   5465.5 1.054E-02 1.653E+09 4.554E-02 4.429E-01 2.000E+05 0.000E+00 1.957E+07 6.839E+06
 1.69805838E-03   5503.6 1.606E-02 2.289E+09 4.162E-02 4.132E-01 2.000E+05 0.000E+00 1.137E+07 5.635E+06
 2.52995666E-03   5546.5 2.404E-02 3.167E+09 3.886E-02 3.922E-01 2.000E+05 0.000E+00 6.230E+06 4.691E+06
 3.70627738E-03   5593.2 3.535E-02 4.365E+09 3.697E-02 3.777E-01 2.000E+05 0.000E+00 5.353E+05 3.946E+06
 5.34028326E-03   5643.0 5.108E-02 5.988E+09 3.576E-02 3.683E-01 2.000E+05 0.000E+00 2.578E+05 3.352E+06
 7.57824834E-03   5694.5 7.265E-02 8.154E+09 3.502E-02 3.626E-01 2.000E+05 0.000E+00 1.267E+05 2.874E+06
 1.06082337E-02   5747.9 1.019E-01 1.104E+10 3.470E-02 3.604E-01 2.000E+05 0.000E+00 6.531E+04 2.487E+06
 1.46482807E-02   5805.4 1.408E-01 1.492E+10 3.499E-02 3.627E-01 2.000E+05 0.000E+00 3.484E+04 2.171E+06
 1.99533516E-02   5865.1 1.919E-01 2.007E+10 3.574E-02 3.683E-01 2.000E+05 0.000E+00 1.837E+04 1.915E+06
 2.68456822E-02   5925.9 2.583E-01 2.678E+10 3.684E-02 3.763E-01 2.000E+05 0.000E+00 9.461E+03 1.705E+06
 3.57465127E-02   5985.2 3.439E-01 3.535E+10 3.806E-02 3.847E-01 2.000E+05 0.000E+00 4.441E+03 1.533E+06
 4.72849228E-02   6038.4 4.548E-01 4.582E+10 3.891E-02 3.903E-01 2.000E+05 0.000E+00 1.639E+03 1.391E+06
 6.24901538E-02   6082.2 6.009E-01 5.817E+10 3.898E-02 3.910E-01 2.000E+05 0.000E+00 2.772E+02 1.272E+06
 8.29558331E-02   6117.3 7.976E-01 7.269E+10 3.831E-02 3.878E-01 2.000E+05 0.000E+00 0.000E+00 1.170E+06
 1.10819965E-01   6148.9 1.065E+00 9.044E+10 3.740E-02 3.844E-01 2.000E+05 0.000E+00 0.000E+00 1.084E+06
 1.48754194E-01   6182.6 1.430E+00 1.132E+11 3.684E-02 3.846E-01 2.000E+05 0.000E+00 0.000E+00 1.011E+06
 1.99771752E-01   6219.0 1.921E+00 1.422E+11 3.677E-02 3.891E-01 2.000E+05 0.000E+00 0.000E+00 9.521E+05
 2.67434178E-01   6258.2 2.571E+00 1.791E+11 3.724E-02 3.988E-01 2.000E+05 0.000E+00 0.000E+00 9.046E+05
 3.55692782E-01   6300.8 3.417E+00 2.260E+11 3.842E-02 4.150E-01 2.000E+05 0.000E+00 0.000E+00 8.674E+05
 4.68545273E-01   6348.0 4.498E+00 2.857E+11 4.049E-02 4.399E-01 2.000E+05 0.000E+00 0.000E+00 8.390E+05
 6.09595370E-01   6400.7 5.844E+00 3.619E+11 4.372E-02 4.760E-01 2.000E+05 0.000E+00 0.000E+00 8.179E+05
 7.81276443E-01   6461.3 7.474E+00 4.604E+11 4.859E-02 5.285E-01 2.000E+05 0.000E+00 0.000E+00 8.029E+05
 9.84031144E-01   6531.4 9.387E+00 5.888E+11 5.573E-02 6.038E-01 2.000E+05 0.000E+00 0.000E+00 7.930E+05
 1.21540862E+00   6614.4 1.155E+01 7.592E+11 6.635E-02 7.140E-01 2.000E+05 4.423E-08 0.000E+00 7.876E+05
 1.46943977E+00   6712.7 1.389E+01 9.881E+11 8.219E-02 8.763E-01 2.000E+05 7.304E-07 1.339E+01 7.866E+05
 1.73736257E+00   6828.1 1.630E+01 1.297E+12 1.061E-01 1.119E+00 2.000E+05 4.906E-06 3.076E+01 7.900E+05
 2.00825797E+00   6964.2 1.866E+01 1.718E+12 1.430E-01 1.492E+00 2.000E+05 2.482E-05 5.192E+01 7.984E+05
 2.27017474E+00   7124.6 2.082E+01 2.295E+12 2.017E-01 2.076E+00 2.000E+05 1.381E-04 8.425E+01 8.131E+05
 2.51245514E+00   7313.1 2.264E+01 3.078E+12 2.968E-01 2.998E+00 2.000E+05 1.171E-03 1.493E+02 8.362E+05
 2.72837794E+00   7531.3 2.401E+01 4.100E+12 4.503E-01 4.449E+00 2.000E+05 1.460E-02 3.162E+02 8.708E+05
 2.91693530E+00   7782.9 2.487E+01 5.351E+12 6.879E-01 6.594E+00 2.000E+05 1.442E-01 7.670E+02 9.215E+05
 3.08294187E+00   8067.9 2.520E+01 6.689E+12 1.018E+00 9.424E+00 2.000E+05 5.812E-01 1.708E+03 9.932E+05
 3.23997527E+00   8387.3 2.507E+01 7.827E+12 1.371E+00 1.218E+01 2.000E+05 9.534E-01 2.631E+03 1.090E+06
 3.40647196E+00   8741.7 2.456E+01 8.449E+12 1.605E+00 1.368E+01 2.000E+05 6.964E-01 2.376E+03 1.219E+06
 3.61255768E+00   9137.6 2.384E+01 8.490E+12 1.607E+00 1.317E+01 2.000E+05 2.203E-01 1.417E+03 1.400E+06
 3.90450664E+00   9576.3 2.317E+01 8.173E+12 1.440E+00 1.145E+01 2.000E+05 3.053E-02 8.190E+02 1.644E+06
 4.35119156E+00  10067.0 2.297E+01 7.833E+12 1.225E+00 9.561E+00 2.000E+05 4.877E-03 5.418E+02 1.893E+06
 5.05465513E+00  10613.3 2.387E+01 7.770E+12 1.041E+00 8.049E+00 2.000E+05 1.240E-03 3.678E+02 2.089E+06
 6.14440566E+00  11230.6 2.662E+01 8.215E+12 9.095E-01 7.019E+00 2.000E+05 3.178E-04 2.143E+02 2.233E+06
 7.77486316E+00  11921.3 3.206E+01 9.345E+12 8.262E-01 6.391E+00 2.000E+05 5.515E-05 9.175E+01 2.318E+06
 1.01237404E+01  12695.8 4.102E+01 1.129E+13 7.778E-01 6.031E+00 2.000E+05 8.657E-06 5.324E+01 2.347E+06
 1.33884565E+01  13548.4 5.428E+01 1.416E+13 7.570E-01 5.868E+00 2.000E+05 6.104E-06 6.773E+01 2.384E+06
 1.78341213E+01  14482.8 7.289E+01 1.801E+13 7.437E-01 5.759E+00 2.000E+05 2.557E-06 0.000E+00 2.495E+06
 2.38842562E+01  15499.8 9.897E+01 2.300E+13 7.269E-01 5.623E+00 2.000E+05 0.000E+00 0.000E+00 2.624E+06
 3.21405642E+01  16604.4 1.357E+02 2.952E+13 7.110E-01 5.492E+00 2.000E+05 0.000E+00 0.000E+00 2.722E+06
 4.33588117E+01  17798.5 1.868E+02 3.795E+13 7.002E-01 5.405E+00 2.000E+05 0.000E+00 0.000E+00 2.800E+06
 5.85019229E+01  19094.2 2.569E+02 4.866E+13 6.939E-01 5.348E+00 2.000E+05 0.000E+00 0.000E+00 2.875E+06
 7.87677484E+01  20485.6 3.512E+02 6.202E+13 6.949E-01 5.349E+00 2.000E+05 0.000E+00 0.000E+00 2.955E+06
 1.05648061E+02  21993.6 4.758E+02 7.825E+13 7.014E-01 5.386E+00 2.000E+05 4.104E-01 0.000E+00 3.046E+06
 1.40908397E+02  23611.6 6.396E+02 9.799E+13 7.172E-01 5.323E+00 2.000E+05 8.207E-01 2.016E+03 3.143E+06
PRADK 5.4787E+00
BEGIN                    ITERATION  15 COMPLETED
