TEFF   5750.  GRAVITY 1.50000 LTE 
TITLE  [-2.5a] N(He)/Ntot=0.0784 VTURB=2  L/H=1.25 NOVER                        
 OPACITY IFOP 1 1 1 1 1 1 1 1 1 1 1 1 1 0 1 0 0 0 0 0
 CONVECTION ON   1.25 TURBULENCE OFF  0.00  0.00  0.00  0.00
ABUNDANCE SCALE   0.00316 ABUNDANCE CHANGE 1 0.92156 2 0.07844
 ABUNDANCE CHANGE  3 -10.94  4 -10.64  5  -9.49  6  -3.52  7  -4.12  8  -2.81
 ABUNDANCE CHANGE  9  -7.48 10  -3.56 11  -5.71 12  -4.06 13  -5.57 14  -4.09
 ABUNDANCE CHANGE 15  -6.59 16  -4.31 17  -6.54 18  -5.24 19  -6.92 20  -5.28
 ABUNDANCE CHANGE 21  -8.87 22  -6.62 23  -8.04 24  -6.37 25  -6.65 26  -4.54
 ABUNDANCE CHANGE 27  -7.12 28  -5.79 29  -7.83 30  -7.44 31  -9.16 32  -8.63
 ABUNDANCE CHANGE 33  -9.67 34  -8.63 35  -9.41 36  -8.73 37  -9.44 38  -9.07
 ABUNDANCE CHANGE 39  -9.80 40  -9.44 41 -10.62 42 -10.12 43 -20.00 44 -10.20
 ABUNDANCE CHANGE 45 -10.92 46 -10.35 47 -11.10 48 -10.27 49 -10.38 50 -10.04
 ABUNDANCE CHANGE 51 -11.04 52  -9.80 53 -10.53 54  -9.87 55 -10.91 56  -9.91
 ABUNDANCE CHANGE 57 -10.87 58 -10.46 59 -11.33 60 -10.54 61 -20.00 62 -11.03
 ABUNDANCE CHANGE 63 -11.53 64 -10.92 65 -11.69 66 -10.90 67 -11.78 68 -11.11
 ABUNDANCE CHANGE 69 -12.04 70 -10.96 71 -11.98 72 -11.16 73 -12.17 74 -10.93
 ABUNDANCE CHANGE 75 -11.76 76 -10.59 77 -10.69 78 -10.24 79 -11.03 80 -10.91
 ABUNDANCE CHANGE 81 -11.14 82 -10.09 83 -11.33 84 -20.00 85 -20.00 86 -20.00
 ABUNDANCE CHANGE 87 -20.00 88 -20.00 89 -20.00 90 -11.95 91 -20.00 92 -12.54
 ABUNDANCE CHANGE 93 -20.00 94 -20.00 95 -20.00 96 -20.00 97 -20.00 98 -20.00
 ABUNDANCE CHANGE 99 -20.00
READ DECK6 72 RHOX,T,P,XNE,ABROSS,ACCRAD,VTURB, FLXCNV,VCONV,VELSND
 1.42287525E-03   3902.3 4.499E-02 1.117E+07 9.372E-05 1.923E-03 2.000E+05 0.000E+00 0.000E+00 4.633E+06
 1.90483634E-03   3918.5 6.023E-02 1.407E+07 9.084E-05 1.908E-03 2.000E+05 0.000E+00 0.000E+00 4.035E+06
 2.57216320E-03   3932.0 8.133E-02 1.754E+07 8.691E-05 1.889E-03 2.000E+05 0.000E+00 0.000E+00 3.503E+06
 3.49735905E-03   3948.5 1.106E-01 2.227E+07 8.406E-05 1.869E-03 2.000E+05 0.000E+00 0.000E+00 3.035E+06
 4.77051067E-03   3966.7 1.508E-01 2.853E+07 8.181E-05 1.848E-03 2.000E+05 0.000E+00 0.000E+00 2.632E+06
 6.50993253E-03   3985.9 2.059E-01 3.674E+07 8.005E-05 1.827E-03 2.000E+05 0.000E+00 0.000E+00 2.287E+06
 8.87591191E-03   4005.6 2.807E-01 4.736E+07 7.861E-05 1.806E-03 2.000E+05 0.000E+00 0.000E+00 1.996E+06
 1.20829322E-02   4025.6 3.821E-01 6.101E+07 7.746E-05 1.788E-03 2.000E+05 0.000E+00 0.000E+00 1.751E+06
 1.64149485E-02   4045.7 5.191E-01 7.850E+07 7.661E-05 1.772E-03 2.000E+05 0.000E+00 0.000E+00 1.546E+06
 2.22422740E-02   4066.0 7.033E-01 1.009E+08 7.613E-05 1.759E-03 2.000E+05 0.000E+00 0.000E+00 1.376E+06
 3.00365743E-02   4086.8 9.498E-01 1.296E+08 7.615E-05 1.748E-03 2.000E+05 0.000E+00 0.000E+00 1.236E+06
 4.03835403E-02   4108.2 1.277E+00 1.664E+08 7.680E-05 1.739E-03 2.000E+05 0.000E+00 0.000E+00 1.123E+06
 5.40021248E-02   4130.3 1.708E+00 2.135E+08 7.814E-05 1.732E-03 2.000E+05 0.000E+00 0.000E+00 1.031E+06
 7.17692759E-02   4152.7 2.269E+00 2.733E+08 8.022E-05 1.728E-03 2.000E+05 0.000E+00 0.000E+00 9.584E+05
 9.47265443E-02   4175.6 2.995E+00 3.490E+08 8.320E-05 1.727E-03 2.000E+05 0.000E+00 0.000E+00 9.010E+05
 1.24095390E-01   4198.8 3.924E+00 4.442E+08 8.715E-05 1.729E-03 2.000E+05 0.000E+00 0.000E+00 8.562E+05
 1.61251835E-01   4222.9 5.099E+00 5.645E+08 9.240E-05 1.735E-03 2.000E+05 0.000E+00 0.000E+00 8.216E+05
 2.07695489E-01   4247.8 6.568E+00 7.158E+08 9.915E-05 1.744E-03 2.000E+05 0.000E+00 0.000E+00 7.950E+05
 2.65052118E-01   4273.6 8.381E+00 9.060E+08 1.077E-04 1.756E-03 2.000E+05 0.000E+00 0.000E+00 7.748E+05
 3.35079520E-01   4300.2 1.060E+01 1.143E+09 1.182E-04 1.771E-03 2.000E+05 0.000E+00 0.000E+00 7.596E+05
 4.19722387E-01   4327.2 1.327E+01 1.437E+09 1.310E-04 1.791E-03 2.000E+05 0.000E+00 0.000E+00 7.482E+05
 5.21134913E-01   4354.8 1.648E+01 1.800E+09 1.464E-04 1.813E-03 2.000E+05 0.000E+00 0.000E+00 7.397E+05
 6.41830179E-01   4382.0 2.030E+01 2.239E+09 1.644E-04 1.843E-03 2.000E+05 0.000E+00 0.000E+00 7.334E+05
 7.84887257E-01   4408.7 2.482E+01 2.765E+09 1.852E-04 1.879E-03 2.000E+05 0.000E+00 0.000E+00 7.288E+05
 9.53869598E-01   4435.0 3.016E+01 3.395E+09 2.094E-04 1.921E-03 2.000E+05 0.000E+00 0.000E+00 7.254E+05
 1.15307643E+00   4460.5 3.646E+01 4.137E+09 2.370E-04 1.970E-03 2.000E+05 0.000E+00 0.000E+00 7.230E+05
 1.38777182E+00   4485.1 4.388E+01 5.007E+09 2.683E-04 2.026E-03 2.000E+05 0.000E+00 0.000E+00 7.214E+05
 1.66421827E+00   4508.8 5.262E+01 6.022E+09 3.037E-04 2.091E-03 2.000E+05 0.000E+00 0.000E+00 7.203E+05
 1.98990280E+00   4531.6 6.292E+01 7.201E+09 3.437E-04 2.164E-03 2.000E+05 0.000E+00 0.000E+00 7.197E+05
 2.37368051E+00   4553.7 7.506E+01 8.567E+09 3.889E-04 2.248E-03 2.000E+05 0.000E+00 0.000E+00 7.194E+05
 2.82609128E+00   4575.2 8.936E+01 1.015E+10 4.402E-04 2.341E-03 2.000E+05 0.000E+00 0.000E+00 7.194E+05
 3.35790120E+00   4597.9 1.062E+02 1.207E+10 5.004E-04 2.441E-03 2.000E+05 0.000E+00 0.000E+00 7.198E+05
 3.98345524E+00   4618.1 1.260E+02 1.418E+10 5.651E-04 2.550E-03 2.000E+05 0.000E+00 0.000E+00 7.202E+05
 4.72290441E+00   4637.1 1.493E+02 1.658E+10 6.369E-04 2.675E-03 2.000E+05 0.000E+00 0.000E+00 7.207E+05
 5.59942061E+00   4654.5 1.771E+02 1.926E+10 7.154E-04 2.815E-03 2.000E+05 0.000E+00 0.000E+00 7.213E+05
 6.64089465E+00   4670.9 2.100E+02 2.228E+10 8.024E-04 2.974E-03 2.000E+05 0.000E+00 0.000E+00 7.219E+05
 7.88028549E+00   4686.2 2.492E+02 2.567E+10 8.986E-04 3.155E-03 2.000E+05 0.000E+00 0.000E+00 7.226E+05
 9.35538632E+00   4701.5 2.958E+02 2.957E+10 1.007E-03 3.365E-03 2.000E+05 0.000E+00 0.000E+00 7.234E+05
 1.11094558E+01   4716.7 3.513E+02 3.405E+10 1.131E-03 3.608E-03 2.000E+05 0.000E+00 0.000E+00 7.242E+05
 1.31895615E+01   4733.0 4.171E+02 3.935E+10 1.274E-03 3.895E-03 2.000E+05 0.000E+00 0.000E+00 7.252E+05
 1.56455429E+01   4750.8 4.947E+02 4.565E+10 1.442E-03 4.236E-03 2.000E+05 0.000E+00 0.000E+00 7.263E+05
 1.85291256E+01   4770.9 5.859E+02 5.335E+10 1.644E-03 4.647E-03 2.000E+05 0.000E+00 0.000E+00 7.276E+05
 2.18882866E+01   4794.3 6.921E+02 6.294E+10 1.890E-03 5.154E-03 2.000E+05 0.000E+00 0.000E+00 7.291E+05
 2.57633459E+01   4822.0 8.146E+02 7.514E+10 2.197E-03 5.792E-03 2.000E+05 0.000E+00 0.000E+00 7.310E+05
 3.01790924E+01   4855.3 9.542E+02 9.112E+10 2.588E-03 6.606E-03 2.000E+05 0.000E+00 0.000E+00 7.333E+05
 3.51385344E+01   4895.4 1.111E+03 1.125E+11 3.097E-03 7.666E-03 2.000E+05 0.000E+00 0.000E+00 7.360E+05
 4.06152015E+01   4944.0 1.284E+03 1.420E+11 3.775E-03 9.078E-03 2.000E+05 0.000E+00 0.000E+00 7.393E+05
 4.65455218E+01   5002.8 1.472E+03 1.838E+11 4.699E-03 1.100E-02 2.000E+05 0.000E+00 0.000E+00 7.432E+05
 5.28241956E+01   5073.8 1.670E+03 2.450E+11 5.991E-03 1.368E-02 2.000E+05 0.000E+00 0.000E+00 7.477E+05
 5.93029597E+01   5159.6 1.875E+03 3.373E+11 7.850E-03 1.753E-02 2.000E+05 0.000E+00 0.000E+00 7.530E+05
 6.57994659E+01   5262.7 2.080E+03 4.814E+11 1.060E-02 2.320E-02 2.000E+05 0.000E+00 0.000E+00 7.591E+05
 7.21123825E+01   5385.9 2.280E+03 7.140E+11 1.479E-02 3.182E-02 2.000E+05 9.261E-05 0.000E+00 7.657E+05
 7.80382167E+01   5532.7 2.467E+03 1.102E+12 2.140E-02 4.537E-02 2.000E+05 8.785E-02 4.349E+01 7.726E+05
 8.33990125E+01   5705.9 2.636E+03 1.770E+12 3.214E-02 6.735E-02 2.000E+05 3.781E+00 4.184E+02 7.792E+05
 8.80597356E+01   5909.7 2.783E+03 2.954E+12 5.033E-02 1.046E-01 2.000E+05 1.190E+02 1.416E+03 7.848E+05
 9.19461742E+01   6146.7 2.905E+03 5.096E+12 8.223E-02 1.704E-01 2.000E+05 4.075E+03 4.344E+03 7.882E+05
 9.50301908E+01   6425.7 3.002E+03 9.135E+12 1.420E-01 2.951E-01 2.000E+05 1.724E+05 1.370E+04 7.888E+05
 9.73453236E+01   6748.4 3.075E+03 1.680E+13 2.595E-01 5.451E-01 2.000E+05 4.496E+06 4.588E+04 7.876E+05
 9.89414847E+01   7143.7 3.124E+03 3.263E+13 5.276E-01 1.123E+00 2.000E+05 5.673E+07 1.266E+05 7.878E+05
 9.99240138E+01   7605.8 3.153E+03 6.439E+13 1.176E+00 2.291E+00 2.000E+05 5.533E+08 2.661E+05 7.958E+05
 1.00558024E+02   7987.5 3.172E+03 1.055E+14 2.225E+00 3.036E+00 2.000E+05 1.725E+09 5.331E+05 8.099E+05
 1.01063478E+02   8241.8 3.186E+03 1.423E+14 3.351E+00 2.722E+00 2.000E+05 2.916E+09 6.204E+05 8.233E+05
 1.01544302E+02   8425.8 3.200E+03 1.742E+14 4.458E+00 2.278E+00 2.000E+05 3.646E+09 6.485E+05 8.350E+05
 1.02039106E+02   8586.9 3.215E+03 2.059E+14 5.678E+00 1.976E+00 2.000E+05 4.073E+09 6.678E+05 8.467E+05
 1.02565357E+02   8730.1 3.230E+03 2.372E+14 6.992E+00 1.736E+00 2.000E+05 4.333E+09 6.744E+05 8.581E+05
 1.03141049E+02   8866.5 3.248E+03 2.698E+14 8.451E+00 1.575E+00 2.000E+05 4.489E+09 6.810E+05 8.700E+05
 1.03780145E+02   8999.0 3.267E+03 3.039E+14 1.009E+01 1.438E+00 2.000E+05 4.593E+09 6.833E+05 8.825E+05
 1.04498434E+02   9130.0 3.289E+03 3.399E+14 1.194E+01 1.339E+00 2.000E+05 4.663E+09 6.882E+05 8.957E+05
 1.05309017E+02   9264.1 3.313E+03 3.791E+14 1.408E+01 1.253E+00 2.000E+05 4.718E+09 6.899E+05 9.102E+05
 1.06230403E+02   9398.5 3.341E+03 4.204E+14 1.644E+01 1.190E+00 2.000E+05 4.762E+09 6.970E+05 9.257E+05
 1.07282029E+02   9543.8 3.373E+03 4.670E+14 1.922E+01 1.133E+00 2.000E+05 4.790E+09 6.987E+05 9.436E+05
 1.08489761E+02   9687.6 3.410E+03 5.150E+14 2.220E+01 1.147E+00 2.000E+05 4.812E+09 7.077E+05 9.623E+05
PRADK 1.4618E+00
BEGIN                    ITERATION  15 COMPLETED
