TEFF   8250.  GRAVITY 5.00000 LTE 
TITLE  [-2.5a] N(He)/Ntot=0.0784 VTURB=2  L/H=1.25 NOVER                        
 OPACITY IFOP 1 1 1 1 1 1 1 1 1 1 1 1 1 0 1 0 0 0 0 0
 CONVECTION ON   1.25 TURBULENCE OFF  0.00  0.00  0.00  0.00
ABUNDANCE SCALE   0.00316 ABUNDANCE CHANGE 1 0.92156 2 0.07844
 ABUNDANCE CHANGE  3 -10.94  4 -10.64  5  -9.49  6  -3.52  7  -4.12  8  -2.81
 ABUNDANCE CHANGE  9  -7.48 10  -3.56 11  -5.71 12  -4.06 13  -5.57 14  -4.09
 ABUNDANCE CHANGE 15  -6.59 16  -4.31 17  -6.54 18  -5.24 19  -6.92 20  -5.28
 ABUNDANCE CHANGE 21  -8.87 22  -6.62 23  -8.04 24  -6.37 25  -6.65 26  -4.54
 ABUNDANCE CHANGE 27  -7.12 28  -5.79 29  -7.83 30  -7.44 31  -9.16 32  -8.63
 ABUNDANCE CHANGE 33  -9.67 34  -8.63 35  -9.41 36  -8.73 37  -9.44 38  -9.07
 ABUNDANCE CHANGE 39  -9.80 40  -9.44 41 -10.62 42 -10.12 43 -20.00 44 -10.20
 ABUNDANCE CHANGE 45 -10.92 46 -10.35 47 -11.10 48 -10.27 49 -10.38 50 -10.04
 ABUNDANCE CHANGE 51 -11.04 52  -9.80 53 -10.53 54  -9.87 55 -10.91 56  -9.91
 ABUNDANCE CHANGE 57 -10.87 58 -10.46 59 -11.33 60 -10.54 61 -20.00 62 -11.03
 ABUNDANCE CHANGE 63 -11.53 64 -10.92 65 -11.69 66 -10.90 67 -11.78 68 -11.11
 ABUNDANCE CHANGE 69 -12.04 70 -10.96 71 -11.98 72 -11.16 73 -12.17 74 -10.93
 ABUNDANCE CHANGE 75 -11.76 76 -10.59 77 -10.69 78 -10.24 79 -11.03 80 -10.91
 ABUNDANCE CHANGE 81 -11.14 82 -10.09 83 -11.33 84 -20.00 85 -20.00 86 -20.00
 ABUNDANCE CHANGE 87 -20.00 88 -20.00 89 -20.00 90 -11.95 91 -20.00 92 -12.54
 ABUNDANCE CHANGE 93 -20.00 94 -20.00 95 -20.00 96 -20.00 97 -20.00 98 -20.00
 ABUNDANCE CHANGE 99 -20.00
READ DECK6 72 RHOX,T,P,XNE,ABROSS,ACCRAD,VTURB, FLXCNV,VCONV,VELSND
 3.68182368E-06   5975.2 3.694E-01 3.602E+10 3.607E-02 5.613E-01 2.000E+05 0.000E+00 0.000E+00 1.554E+06
 4.98325224E-06   5975.2 5.001E-01 4.246E+10 3.200E-02 5.304E-01 2.000E+05 0.000E+00 0.000E+00 1.405E+06
 6.94612578E-06   5975.2 6.973E-01 5.075E+10 2.815E-02 5.016E-01 2.000E+05 0.000E+00 0.000E+00 1.270E+06
 9.93452783E-06   5975.2 9.967E-01 6.135E+10 2.468E-02 4.761E-01 2.000E+05 0.000E+00 0.000E+00 1.152E+06
 1.44854078E-05   5979.1 1.452E+00 7.539E+10 2.188E-02 4.568E-01 2.000E+05 0.000E+00 0.000E+00 1.052E+06
 2.12856555E-05   5985.5 2.133E+00 9.340E+10 1.968E-02 4.430E-01 2.000E+05 0.000E+00 0.000E+00 9.710E+05
 3.12651391E-05   5994.9 3.131E+00 1.163E+11 1.808E-02 4.353E-01 2.000E+05 0.000E+00 0.000E+00 9.079E+05
 4.55088138E-05   6009.4 4.556E+00 1.456E+11 1.714E-02 4.345E-01 2.000E+05 0.000E+00 0.000E+00 8.597E+05
 6.53404192E-05   6022.9 6.539E+00 1.804E+11 1.654E-02 4.361E-01 2.000E+05 0.000E+00 0.000E+00 8.243E+05
 9.27109804E-05   6030.1 9.276E+00 2.191E+11 1.602E-02 4.361E-01 2.000E+05 0.000E+00 0.000E+00 7.986E+05
 1.29771060E-04   6042.2 1.298E+01 2.670E+11 1.603E-02 4.424E-01 2.000E+05 0.000E+00 0.000E+00 7.797E+05
 1.78788742E-04   6053.2 1.788E+01 3.217E+11 1.629E-02 4.500E-01 2.000E+05 0.000E+00 0.000E+00 7.664E+05
 2.41911772E-04   6071.5 2.420E+01 3.901E+11 1.713E-02 4.655E-01 2.000E+05 0.000E+00 0.000E+00 7.569E+05
 3.22107940E-04   6083.2 3.222E+01 4.626E+11 1.795E-02 4.775E-01 2.000E+05 0.000E+00 0.000E+00 7.508E+05
 4.22990080E-04   6099.8 4.230E+01 5.502E+11 1.924E-02 4.958E-01 2.000E+05 0.000E+00 0.000E+00 7.468E+05
 5.48099791E-04   6115.7 5.481E+01 6.488E+11 2.075E-02 5.152E-01 2.000E+05 0.000E+00 0.000E+00 7.445E+05
 7.01838400E-04   6134.1 7.019E+01 7.643E+11 2.264E-02 5.388E-01 2.000E+05 0.000E+00 0.000E+00 7.435E+05
 8.89122367E-04   6153.0 8.892E+01 8.962E+11 2.485E-02 5.649E-01 2.000E+05 0.000E+00 0.000E+00 7.433E+05
 1.11577598E-03   6173.8 1.116E+02 1.050E+12 2.748E-02 5.954E-01 2.000E+05 0.000E+00 0.000E+00 7.439E+05
 1.38856971E-03   6195.1 1.389E+02 1.226E+12 3.049E-02 6.290E-01 2.000E+05 0.000E+00 0.000E+00 7.449E+05
 1.71558797E-03   6218.1 1.716E+02 1.430E+12 3.399E-02 6.671E-01 2.000E+05 0.000E+00 0.000E+00 7.464E+05
 2.10623908E-03   6241.6 2.106E+02 1.664E+12 3.798E-02 7.087E-01 2.000E+05 0.000E+00 0.000E+00 7.482E+05
 2.57175672E-03   6266.2 2.572E+02 1.935E+12 4.256E-02 7.551E-01 2.000E+05 0.000E+00 0.000E+00 7.502E+05
 3.12545618E-03   6291.2 3.125E+02 2.245E+12 4.773E-02 8.054E-01 2.000E+05 0.000E+00 0.000E+00 7.524E+05
 3.78354145E-03   6316.5 3.784E+02 2.601E+12 5.357E-02 8.604E-01 2.000E+05 0.000E+00 0.000E+00 7.548E+05
 4.56555362E-03   6341.7 4.566E+02 3.007E+12 6.010E-02 9.195E-01 2.000E+05 0.000E+00 0.000E+00 7.573E+05
 5.49589429E-03   6366.1 5.496E+02 3.464E+12 6.730E-02 9.823E-01 2.000E+05 0.000E+00 0.000E+00 7.600E+05
 6.60514665E-03   6389.1 6.605E+02 3.976E+12 7.518E-02 1.049E+00 2.000E+05 0.000E+00 0.000E+00 7.627E+05
 7.93178874E-03   6410.3 7.932E+02 4.544E+12 8.367E-02 1.119E+00 2.000E+05 0.000E+00 0.000E+00 7.656E+05
 9.52453596E-03   6429.4 9.524E+02 5.169E+12 9.277E-02 1.194E+00 2.000E+05 0.000E+00 0.000E+00 7.686E+05
 1.14423491E-02   6447.0 1.144E+03 5.865E+12 1.026E-01 1.276E+00 2.000E+05 0.000E+00 0.000E+00 7.716E+05
 1.37561441E-02   6463.4 1.376E+03 6.640E+12 1.134E-01 1.364E+00 2.000E+05 0.000E+00 0.000E+00 7.748E+05
 1.65496163E-02   6479.5 1.655E+03 7.515E+12 1.253E-01 1.463E+00 2.000E+05 0.000E+00 0.000E+00 7.781E+05
 1.99203379E-02   6495.8 1.992E+03 8.509E+12 1.385E-01 1.573E+00 2.000E+05 0.000E+00 0.000E+00 7.813E+05
 2.39808378E-02   6513.2 2.398E+03 9.652E+12 1.535E-01 1.697E+00 2.000E+05 0.000E+00 0.000E+00 7.846E+05
 2.88630858E-02   6531.3 2.886E+03 1.096E+13 1.704E-01 1.837E+00 2.000E+05 0.000E+00 0.000E+00 7.880E+05
 3.47205653E-02   6551.0 3.472E+03 1.248E+13 1.896E-01 1.996E+00 2.000E+05 0.000E+00 0.000E+00 7.913E+05
 4.17318279E-02   6571.8 4.173E+03 1.423E+13 2.114E-01 2.175E+00 2.000E+05 0.000E+00 0.000E+00 7.946E+05
 5.01119762E-02   6593.6 5.011E+03 1.624E+13 2.360E-01 2.380E+00 2.000E+05 0.000E+00 0.000E+00 7.978E+05
 6.01115363E-02   6617.0 6.011E+03 1.858E+13 2.641E-01 2.616E+00 2.000E+05 0.000E+00 0.000E+00 8.011E+05
 7.20096674E-02   6642.7 7.201E+03 2.132E+13 2.965E-01 2.892E+00 2.000E+05 0.000E+00 0.000E+00 8.043E+05
 8.61071042E-02   6671.9 8.611E+03 2.458E+13 3.345E-01 3.220E+00 2.000E+05 0.000E+00 0.000E+00 8.075E+05
 1.02714924E-01   6705.8 1.027E+04 2.854E+13 3.799E-01 3.618E+00 2.000E+05 0.000E+00 0.000E+00 8.107E+05
 1.22116391E-01   6746.8 1.221E+04 3.349E+13 4.360E-01 4.115E+00 2.000E+05 0.000E+00 0.000E+00 8.138E+05
 1.44537191E-01   6796.2 1.445E+04 3.974E+13 5.059E-01 4.741E+00 2.000E+05 0.000E+00 0.000E+00 8.169E+05
 1.70120836E-01   6856.5 1.701E+04 4.786E+13 5.956E-01 5.550E+00 2.000E+05 0.000E+00 0.000E+00 8.200E+05
 1.98854811E-01   6930.2 1.988E+04 5.864E+13 7.133E-01 6.620E+00 2.000E+05 0.000E+00 0.000E+00 8.231E+05
 2.30530926E-01   7020.1 2.305E+04 7.327E+13 8.718E-01 8.072E+00 2.000E+05 0.000E+00 0.000E+00 8.261E+05
 2.64677268E-01   7130.2 2.647E+04 9.375E+13 1.092E+00 1.011E+01 2.000E+05 0.000E+00 0.000E+00 8.291E+05
 3.00515713E-01   7264.7 3.005E+04 1.231E+14 1.408E+00 1.304E+01 2.000E+05 0.000E+00 0.000E+00 8.319E+05
 3.37001901E-01   7427.1 3.370E+04 1.662E+14 1.875E+00 1.743E+01 2.000E+05 1.114E+01 0.000E+00 8.347E+05
 3.72847126E-01   7623.8 3.728E+04 2.311E+14 2.596E+00 2.430E+01 2.000E+05 1.098E+03 8.468E+02 8.375E+05
 4.06666795E-01   7860.1 4.066E+04 3.314E+14 3.751E+00 3.538E+01 2.000E+05 3.634E+04 3.704E+03 8.407E+05
 4.36957922E-01   8149.7 4.369E+04 4.934E+14 5.750E+00 5.485E+01 2.000E+05 1.445E+06 1.116E+04 8.453E+05
 4.62785852E-01   8485.2 4.627E+04 7.479E+14 9.191E+00 8.850E+01 2.000E+05 3.585E+07 3.635E+04 8.527E+05
 4.83347231E-01   8913.8 4.833E+04 1.196E+15 1.612E+01 1.554E+02 2.000E+05 2.667E+08 9.955E+04 8.662E+05
 4.98265350E-01   9434.7 4.981E+04 1.962E+15 3.015E+01 2.731E+02 2.000E+05 1.643E+09 1.730E+05 8.898E+05
 5.09574439E-01   9888.8 5.094E+04 2.862E+15 4.897E+01 3.579E+02 2.000E+05 4.820E+09 3.082E+05 9.173E+05
 5.19774120E-01  10220.5 5.196E+04 3.669E+15 6.740E+01 3.568E+02 2.000E+05 8.616E+09 3.721E+05 9.415E+05
 5.30068896E-01  10499.2 5.298E+04 4.445E+15 8.625E+01 3.260E+02 2.000E+05 1.180E+10 4.115E+05 9.645E+05
 5.41048051E-01  10748.9 5.408E+04 5.215E+15 1.058E+02 2.896E+02 2.000E+05 1.421E+10 4.361E+05 9.872E+05
 5.53149643E-01  10986.0 5.528E+04 6.009E+15 1.265E+02 2.592E+02 2.000E+05 1.591E+10 4.541E+05 1.010E+06
 5.66763252E-01  11219.4 5.664E+04 6.844E+15 1.488E+02 2.361E+02 2.000E+05 1.705E+10 4.646E+05 1.035E+06
 5.82393350E-01  11453.7 5.820E+04 7.730E+15 1.710E+02 2.203E+02 2.000E+05 1.783E+10 4.748E+05 1.061E+06
 6.00593967E-01  11703.2 6.002E+04 8.712E+15 1.952E+02 2.091E+02 2.000E+05 1.831E+10 4.817E+05 1.090E+06
 6.21978499E-01  11960.3 6.215E+04 9.764E+15 2.203E+02 2.019E+02 2.000E+05 1.875E+10 4.878E+05 1.121E+06
 6.47317835E-01  12247.2 6.468E+04 1.095E+16 2.473E+02 2.037E+02 2.000E+05 1.891E+10 5.005E+05 1.157E+06
 6.77549913E-01  12567.5 6.770E+04 1.227E+16 2.749E+02 2.005E+02 2.000E+05 1.916E+10 4.963E+05 1.197E+06
 7.14402639E-01  12909.8 7.138E+04 1.367E+16 2.960E+02 2.224E+02 2.000E+05 1.918E+10 5.272E+05 1.241E+06
 7.60490463E-01  13424.4 7.597E+04 1.545E+16 3.127E+02 2.304E+02 2.000E+05 1.900E+10 5.078E+05 1.306E+06
 8.19430878E-01  13885.2 8.185E+04 1.712E+16 3.201E+02 3.176E+02 2.000E+05 1.868E+10 5.634E+05 1.361E+06
 9.04470948E-01  15142.1 9.032E+04 1.921E+16 2.681E+02 4.327E+02 2.000E+05 1.706E+10 5.617E+05 1.507E+06
PRADK 6.2115E+00
BEGIN                    ITERATION  15 COMPLETED
