TEFF   6000.  GRAVITY 0.00000 LTE 
TITLE  [-2.5a] N(He)/Ntot=0.0784 VTURB=2  L/H=1.25 NOVER                        
 OPACITY IFOP 1 1 1 1 1 1 1 1 1 1 1 1 1 0 1 0 0 0 0 0
 CONVECTION ON   1.25 TURBULENCE OFF  0.00  0.00  0.00  0.00
ABUNDANCE SCALE   0.00316 ABUNDANCE CHANGE 1 0.92156 2 0.07844
 ABUNDANCE CHANGE  3 -10.94  4 -10.64  5  -9.49  6  -3.52  7  -4.12  8  -2.81
 ABUNDANCE CHANGE  9  -7.48 10  -3.56 11  -5.71 12  -4.06 13  -5.57 14  -4.09
 ABUNDANCE CHANGE 15  -6.59 16  -4.31 17  -6.54 18  -5.24 19  -6.92 20  -5.28
 ABUNDANCE CHANGE 21  -8.87 22  -6.62 23  -8.04 24  -6.37 25  -6.65 26  -4.54
 ABUNDANCE CHANGE 27  -7.12 28  -5.79 29  -7.83 30  -7.44 31  -9.16 32  -8.63
 ABUNDANCE CHANGE 33  -9.67 34  -8.63 35  -9.41 36  -8.73 37  -9.44 38  -9.07
 ABUNDANCE CHANGE 39  -9.80 40  -9.44 41 -10.62 42 -10.12 43 -20.00 44 -10.20
 ABUNDANCE CHANGE 45 -10.92 46 -10.35 47 -11.10 48 -10.27 49 -10.38 50 -10.04
 ABUNDANCE CHANGE 51 -11.04 52  -9.80 53 -10.53 54  -9.87 55 -10.91 56  -9.91
 ABUNDANCE CHANGE 57 -10.87 58 -10.46 59 -11.33 60 -10.54 61 -20.00 62 -11.03
 ABUNDANCE CHANGE 63 -11.53 64 -10.92 65 -11.69 66 -10.90 67 -11.78 68 -11.11
 ABUNDANCE CHANGE 69 -12.04 70 -10.96 71 -11.98 72 -11.16 73 -12.17 74 -10.93
 ABUNDANCE CHANGE 75 -11.76 76 -10.59 77 -10.69 78 -10.24 79 -11.03 80 -10.91
 ABUNDANCE CHANGE 81 -11.14 82 -10.09 83 -11.33 84 -20.00 85 -20.00 86 -20.00
 ABUNDANCE CHANGE 87 -20.00 88 -20.00 89 -20.00 90 -11.95 91 -20.00 92 -12.54
 ABUNDANCE CHANGE 93 -20.00 94 -20.00 95 -20.00 96 -20.00 97 -20.00 98 -20.00
 ABUNDANCE CHANGE 99 -20.00
READ DECK6 72 RHOX,T,P,XNE,ABROSS,ACCRAD,VTURB, FLXCNV,VCONV,VELSND
 2.13752610E-04   3863.5 2.131E-04 6.231E+05 6.238E-04 3.060E-03 2.000E+05 0.000E+00 0.000E+00 5.514E+07
 2.88359243E-04   3870.7 2.875E-04 7.524E+05 5.684E-04 2.933E-03 2.000E+05 0.000E+00 0.000E+00 4.865E+07
 3.98578093E-04   3875.9 3.974E-04 9.096E+05 5.078E-04 2.794E-03 2.000E+05 0.000E+00 0.000E+00 4.252E+07
 5.62140921E-04   3885.2 5.605E-04 1.135E+06 4.593E-04 2.681E-03 2.000E+05 0.000E+00 5.919E+07 3.668E+07
 8.04077056E-04   3895.9 8.018E-04 1.436E+06 4.162E-04 2.579E-03 2.000E+05 0.000E+00 4.485E+07 3.137E+07
 1.15760061E-03   3909.8 1.154E-03 1.855E+06 3.825E-04 2.495E-03 2.000E+05 0.000E+00 3.437E+07 2.667E+07
 1.66761735E-03   3926.2 1.663E-03 2.425E+06 3.555E-04 2.423E-03 2.000E+05 0.000E+00 2.568E+07 2.260E+07
 2.39374450E-03   3945.5 2.388E-03 3.210E+06 3.354E-04 2.363E-03 2.000E+05 0.000E+00 1.931E+07 1.914E+07
 3.41156788E-03   3968.0 3.403E-03 4.299E+06 3.220E-04 2.322E-03 2.000E+05 0.000E+00 1.501E+07 1.623E+07
 4.79807846E-03   3996.9 4.786E-03 5.896E+06 3.195E-04 2.338E-03 2.000E+05 0.000E+00 1.119E+07 1.380E+07
 6.66807681E-03   4023.3 6.652E-03 7.925E+06 3.148E-04 2.339E-03 2.000E+05 0.000E+00 7.545E+06 1.180E+07
 9.20733988E-03   4047.9 9.186E-03 1.051E+07 3.081E-04 2.319E-03 2.000E+05 0.000E+00 4.565E+06 1.014E+07
 1.27394442E-02   4062.9 1.271E-02 1.330E+07 2.891E-04 2.205E-03 2.000E+05 0.000E+00 2.391E+06 8.737E+06
 1.77856824E-02   4077.3 1.775E-02 1.684E+07 2.696E-04 2.097E-03 2.000E+05 0.000E+00 1.495E+06 7.498E+06
 2.49809216E-02   4093.6 2.493E-02 2.159E+07 2.532E-04 2.017E-03 2.000E+05 0.000E+00 2.646E+05 6.410E+06
 3.51186117E-02   4113.6 3.504E-02 2.815E+07 2.414E-04 1.965E-03 2.000E+05 0.000E+00 1.476E+05 5.472E+06
 4.91882349E-02   4136.6 4.909E-02 3.712E+07 2.334E-04 1.934E-03 2.000E+05 0.000E+00 7.558E+04 4.677E+06
 6.85219155E-02   4160.8 6.838E-02 4.902E+07 2.272E-04 1.907E-03 2.000E+05 0.000E+00 3.369E+04 4.009E+06
 9.49147810E-02   4186.0 9.473E-02 6.479E+07 2.226E-04 1.885E-03 2.000E+05 0.000E+00 1.254E+04 3.449E+06
 1.30727682E-01   4212.2 1.305E-01 8.561E+07 2.194E-04 1.868E-03 2.000E+05 0.000E+00 2.667E+03 2.979E+06
 1.78973566E-01   4239.9 1.786E-01 1.134E+08 2.181E-04 1.857E-03 2.000E+05 0.000E+00 0.000E+00 2.585E+06
 2.43368625E-01   4269.4 2.429E-01 1.507E+08 2.190E-04 1.850E-03 2.000E+05 0.000E+00 0.000E+00 2.256E+06
 3.28400757E-01   4301.0 3.278E-01 2.009E+08 2.224E-04 1.848E-03 2.000E+05 0.000E+00 0.000E+00 1.982E+06
 4.39383104E-01   4334.8 4.386E-01 2.686E+08 2.285E-04 1.851E-03 2.000E+05 0.000E+00 0.000E+00 1.754E+06
 5.82584075E-01   4370.5 5.815E-01 3.595E+08 2.373E-04 1.859E-03 2.000E+05 0.000E+00 0.000E+00 1.566E+06
 7.65723445E-01   4406.8 7.643E-01 4.794E+08 2.483E-04 1.876E-03 2.000E+05 0.000E+00 0.000E+00 1.411E+06
 9.98102488E-01   4444.2 9.963E-01 6.374E+08 2.620E-04 1.899E-03 2.000E+05 0.000E+00 0.000E+00 1.284E+06
 1.29086392E+00   4481.7 1.288E+00 8.429E+08 2.781E-04 1.928E-03 2.000E+05 0.000E+00 0.000E+00 1.179E+06
 1.65751795E+00   4519.5 1.654E+00 1.109E+09 2.970E-04 1.965E-03 2.000E+05 0.000E+00 0.000E+00 1.093E+06
 2.11408324E+00   4557.3 2.110E+00 1.451E+09 3.191E-04 2.013E-03 2.000E+05 0.000E+00 0.000E+00 1.023E+06
 2.67517019E+00   4599.6 2.670E+00 1.918E+09 3.494E-04 2.063E-03 2.000E+05 0.000E+00 0.000E+00 9.659E+05
 3.35548655E+00   4642.8 3.349E+00 2.525E+09 3.857E-04 2.115E-03 2.000E+05 0.000E+00 0.000E+00 9.200E+05
 4.17740719E+00   4683.9 4.169E+00 3.277E+09 4.252E-04 2.173E-03 2.000E+05 0.000E+00 0.000E+00 8.833E+05
 5.17221725E+00   4722.8 5.162E+00 4.197E+09 4.681E-04 2.238E-03 2.000E+05 0.000E+00 0.000E+00 8.537E+05
 6.37901733E+00   4758.9 6.366E+00 5.301E+09 5.138E-04 2.309E-03 2.000E+05 0.000E+00 0.000E+00 8.298E+05
 7.84756421E+00   4792.0 7.831E+00 6.605E+09 5.621E-04 2.389E-03 2.000E+05 0.000E+00 0.000E+00 8.105E+05
 9.64203763E+00   4821.6 9.621E+00 8.112E+09 6.124E-04 2.480E-03 2.000E+05 0.000E+00 0.000E+00 7.950E+05
 1.18370744E+01   4849.7 1.181E+01 9.896E+09 6.682E-04 2.587E-03 2.000E+05 0.000E+00 0.000E+00 7.825E+05
 1.45169259E+01   4876.5 1.448E+01 1.200E+10 7.307E-04 2.711E-03 2.000E+05 0.000E+00 0.000E+00 7.726E+05
 1.77797601E+01   4902.5 1.774E+01 1.449E+10 8.018E-04 2.857E-03 2.000E+05 0.000E+00 0.000E+00 7.648E+05
 2.17329676E+01   4928.7 2.168E+01 1.747E+10 8.853E-04 3.034E-03 2.000E+05 0.000E+00 0.000E+00 7.588E+05
 2.64886765E+01   4956.0 2.642E+01 2.109E+10 9.851E-04 3.251E-03 2.000E+05 0.000E+00 0.000E+00 7.542E+05
 3.21610763E+01   4985.2 3.207E+01 2.555E+10 1.107E-03 3.521E-03 2.000E+05 0.000E+00 0.000E+00 7.510E+05
 3.88529961E+01   5017.8 3.874E+01 3.118E+10 1.259E-03 3.864E-03 2.000E+05 0.000E+00 0.000E+00 7.487E+05
 4.66464077E+01   5054.8 4.650E+01 3.838E+10 1.451E-03 4.305E-03 2.000E+05 0.000E+00 0.000E+00 7.473E+05
 5.55842034E+01   5097.9 5.540E+01 4.792E+10 1.702E-03 4.885E-03 2.000E+05 0.000E+00 0.000E+00 7.467E+05
 6.56486752E+01   5148.9 6.541E+01 6.082E+10 2.035E-03 5.664E-03 2.000E+05 0.000E+00 0.000E+00 7.466E+05
 7.67491886E+01   5209.4 7.644E+01 7.879E+10 2.489E-03 6.731E-03 2.000E+05 0.000E+00 0.000E+00 7.469E+05
 8.87009313E+01   5281.9 8.830E+01 1.046E+11 3.123E-03 8.234E-03 2.000E+05 0.000E+00 0.000E+00 7.475E+05
 1.01219578E+02   5368.6 1.007E+02 1.427E+11 4.036E-03 1.041E-02 2.000E+05 0.000E+00 0.000E+00 7.481E+05
 1.13921838E+02   5472.5 1.133E+02 2.009E+11 5.397E-03 1.367E-02 2.000E+05 0.000E+00 0.000E+00 7.484E+05
 1.26349770E+02   5596.6 1.255E+02 2.926E+11 7.501E-03 1.875E-02 2.000E+05 7.920E-08 0.000E+00 7.481E+05
 1.38016460E+02   5744.4 1.369E+02 4.419E+11 1.090E-02 2.703E-02 2.000E+05 1.149E-05 9.963E+00 7.468E+05
 1.48444795E+02   5921.1 1.470E+02 6.941E+11 1.671E-02 4.137E-02 2.000E+05 8.086E-04 4.967E+01 7.447E+05
 1.57234728E+02   6132.2 1.553E+02 1.136E+12 2.731E-02 6.798E-02 2.000E+05 7.623E-02 1.934E+02 7.426E+05
 1.64124883E+02   6385.5 1.616E+02 1.941E+12 4.836E-02 1.219E-01 2.000E+05 1.321E+01 8.292E+02 7.423E+05
 1.69039795E+02   6692.1 1.656E+02 3.470E+12 9.485E-02 2.438E-01 2.000E+05 4.786E+03 4.331E+03 7.472E+05
 1.72191277E+02   7054.9 1.676E+02 6.362E+12 2.063E-01 5.430E-01 2.000E+05 1.024E+05 2.901E+04 7.617E+05
 1.73997170E+02   7488.5 1.678E+02 1.184E+13 5.008E-01 1.354E+00 2.000E+05 1.494E+07 7.479E+04 7.918E+05
 1.74956219E+02   7986.8 1.667E+02 2.114E+13 1.258E+00 3.145E+00 2.000E+05 3.989E+08 4.046E+05 8.461E+05
 1.75530155E+02   8425.4 1.651E+02 3.118E+13 2.460E+00 4.578E+00 2.000E+05 1.494E+09 1.231E+06 9.141E+05
 1.75997382E+02   8737.8 1.634E+02 3.816E+13 3.560E+00 4.447E+00 2.000E+05 2.738E+09 1.629E+06 9.742E+05
 1.76464042E+02   8999.3 1.619E+02 4.310E+13 4.443E+00 4.277E+00 2.000E+05 3.434E+09 1.820E+06 1.030E+06
 1.76981058E+02   9282.2 1.601E+02 4.699E+13 5.179E+00 4.728E+00 2.000E+05 3.616E+09 1.963E+06 1.092E+06
 1.77598337E+02   9643.7 1.570E+02 4.940E+13 5.512E+00 7.111E+00 2.000E+05 2.774E+09 2.141E+06 1.172E+06
 1.78483412E+02  10443.7 1.506E+02 4.828E+13 4.538E+00 9.221E+00 2.000E+05 1.039E+09 1.181E+06 1.354E+06
 1.80112384E+02  11480.1 1.393E+02 4.180E+13 2.744E+00 6.630E+00 2.000E+05 7.476E+07 3.001E+05 1.622E+06
 1.83908230E+02  12599.5 1.237E+02 3.410E+13 1.590E+00 3.904E+00 2.000E+05 7.663E+05 1.362E+05 1.820E+06
 1.92171786E+02  13713.7 1.062E+02 2.726E+13 1.045E+00 2.550E+00 2.000E+05 9.340E+04 1.029E+05 2.012E+06
 2.08121896E+02  14888.9 8.783E+01 2.117E+13 7.589E-01 1.849E+00 2.000E+05 4.647E+04 8.918E+04 2.489E+06
 2.36542639E+02  16108.3 7.069E+01 1.585E+13 5.852E-01 1.416E+00 2.000E+05 2.171E+05 1.128E+05 3.153E+06
 2.83071073E+02  17398.9 5.720E+01 1.189E+13 4.899E-01 1.164E+00 2.000E+05 3.900E+05 3.095E+05 3.978E+06
PRADK 1.7346E+00
BEGIN                    ITERATION  15 COMPLETED
