TEFF   5250.  GRAVITY 0.50000 LTE 
TITLE  [-2.5a] N(He)/Ntot=0.0784 VTURB=2  L/H=1.25 NOVER                        
 OPACITY IFOP 1 1 1 1 1 1 1 1 1 1 1 1 1 0 1 0 0 0 0 0
 CONVECTION ON   1.25 TURBULENCE OFF  0.00  0.00  0.00  0.00
ABUNDANCE SCALE   0.00316 ABUNDANCE CHANGE 1 0.92156 2 0.07844
 ABUNDANCE CHANGE  3 -10.94  4 -10.64  5  -9.49  6  -3.52  7  -4.12  8  -2.81
 ABUNDANCE CHANGE  9  -7.48 10  -3.56 11  -5.71 12  -4.06 13  -5.57 14  -4.09
 ABUNDANCE CHANGE 15  -6.59 16  -4.31 17  -6.54 18  -5.24 19  -6.92 20  -5.28
 ABUNDANCE CHANGE 21  -8.87 22  -6.62 23  -8.04 24  -6.37 25  -6.65 26  -4.54
 ABUNDANCE CHANGE 27  -7.12 28  -5.79 29  -7.83 30  -7.44 31  -9.16 32  -8.63
 ABUNDANCE CHANGE 33  -9.67 34  -8.63 35  -9.41 36  -8.73 37  -9.44 38  -9.07
 ABUNDANCE CHANGE 39  -9.80 40  -9.44 41 -10.62 42 -10.12 43 -20.00 44 -10.20
 ABUNDANCE CHANGE 45 -10.92 46 -10.35 47 -11.10 48 -10.27 49 -10.38 50 -10.04
 ABUNDANCE CHANGE 51 -11.04 52  -9.80 53 -10.53 54  -9.87 55 -10.91 56  -9.91
 ABUNDANCE CHANGE 57 -10.87 58 -10.46 59 -11.33 60 -10.54 61 -20.00 62 -11.03
 ABUNDANCE CHANGE 63 -11.53 64 -10.92 65 -11.69 66 -10.90 67 -11.78 68 -11.11
 ABUNDANCE CHANGE 69 -12.04 70 -10.96 71 -11.98 72 -11.16 73 -12.17 74 -10.93
 ABUNDANCE CHANGE 75 -11.76 76 -10.59 77 -10.69 78 -10.24 79 -11.03 80 -10.91
 ABUNDANCE CHANGE 81 -11.14 82 -10.09 83 -11.33 84 -20.00 85 -20.00 86 -20.00
 ABUNDANCE CHANGE 87 -20.00 88 -20.00 89 -20.00 90 -11.95 91 -20.00 92 -12.54
 ABUNDANCE CHANGE 93 -20.00 94 -20.00 95 -20.00 96 -20.00 97 -20.00 98 -20.00
 ABUNDANCE CHANGE 99 -20.00
READ DECK6 72 RHOX,T,P,XNE,ABROSS,ACCRAD,VTURB, FLXCNV,VCONV,VELSND
 5.02559026E-03   3526.3 1.589E-02 7.598E+05 2.654E-05 5.340E-04 2.000E+05 0.000E+00 0.000E+00 6.312E+06
 6.72980652E-03   3537.7 2.128E-02 9.471E+05 2.566E-05 5.291E-04 2.000E+05 0.000E+00 0.000E+00 5.475E+06
 9.09014213E-03   3547.5 2.874E-02 1.173E+06 2.460E-05 5.243E-04 2.000E+05 0.000E+00 0.000E+00 4.731E+06
 1.23723601E-02   3557.9 3.912E-02 1.464E+06 2.360E-05 5.199E-04 2.000E+05 0.000E+00 2.834E+04 4.077E+06
 1.69380672E-02   3568.7 5.355E-02 1.836E+06 2.266E-05 5.160E-04 2.000E+05 0.000E+00 0.000E+00 3.506E+06
 2.32775230E-02   3579.6 7.360E-02 2.309E+06 2.177E-05 5.126E-04 2.000E+05 0.000E+00 0.000E+00 3.015E+06
 3.20660084E-02   3591.1 1.014E-01 2.915E+06 2.097E-05 5.096E-04 2.000E+05 0.000E+00 0.000E+00 2.595E+06
 4.42028043E-02   3603.6 1.398E-01 3.704E+06 2.030E-05 5.069E-04 2.000E+05 0.000E+00 0.000E+00 2.240E+06
 6.08705954E-02   3617.3 1.925E-01 4.737E+06 1.977E-05 5.044E-04 2.000E+05 0.000E+00 0.000E+00 1.941E+06
 8.35931200E-02   3632.8 2.643E-01 6.107E+06 1.943E-05 5.024E-04 2.000E+05 0.000E+00 0.000E+00 1.693E+06
 1.14225830E-01   3651.0 3.612E-01 7.974E+06 1.934E-05 5.036E-04 2.000E+05 0.000E+00 0.000E+00 1.489E+06
 1.54977363E-01   3671.8 4.900E-01 1.052E+07 1.951E-05 5.054E-04 2.000E+05 0.000E+00 0.000E+00 1.324E+06
 2.08530732E-01   3694.9 6.593E-01 1.398E+07 1.990E-05 5.077E-04 2.000E+05 0.000E+00 0.000E+00 1.190E+06
 2.78126292E-01   3719.9 8.794E-01 1.866E+07 2.052E-05 5.105E-04 2.000E+05 0.000E+00 0.000E+00 1.083E+06
 3.67660247E-01   3746.3 1.162E+00 2.495E+07 2.137E-05 5.140E-04 2.000E+05 0.000E+00 0.000E+00 9.974E+05
 4.81810301E-01   3774.0 1.523E+00 3.336E+07 2.245E-05 5.185E-04 2.000E+05 0.000E+00 0.000E+00 9.295E+05
 6.26316475E-01   3801.9 1.980E+00 4.436E+07 2.371E-05 5.241E-04 2.000E+05 0.000E+00 0.000E+00 8.759E+05
 8.07785772E-01   3831.5 2.554E+00 5.919E+07 2.531E-05 5.241E-04 2.000E+05 0.000E+00 0.000E+00 8.337E+05
 1.03390519E+00   3860.8 3.269E+00 7.835E+07 2.713E-05 5.242E-04 2.000E+05 0.000E+00 0.000E+00 8.007E+05
 1.31427319E+00   3890.2 4.155E+00 1.032E+08 2.927E-05 5.248E-04 2.000E+05 0.000E+00 0.000E+00 7.748E+05
 1.65972719E+00   3919.7 5.248E+00 1.351E+08 3.177E-05 5.259E-04 2.000E+05 0.000E+00 0.000E+00 7.548E+05
 2.08279208E+00   3949.0 6.585E+00 1.758E+08 3.470E-05 5.275E-04 2.000E+05 0.000E+00 0.000E+00 7.392E+05
 2.59782914E+00   3978.0 8.214E+00 2.274E+08 3.811E-05 5.298E-04 2.000E+05 0.000E+00 0.000E+00 7.273E+05
 3.22115146E+00   4006.8 1.018E+01 2.922E+08 4.212E-05 5.330E-04 2.000E+05 0.000E+00 0.000E+00 7.182E+05
 3.97117253E+00   4035.2 1.256E+01 3.730E+08 4.681E-05 5.375E-04 2.000E+05 0.000E+00 0.000E+00 7.114E+05
 4.86848225E+00   4063.5 1.539E+01 4.735E+08 5.232E-05 5.429E-04 2.000E+05 0.000E+00 0.000E+00 7.063E+05
 5.93618538E+00   4091.3 1.877E+01 5.974E+08 5.876E-05 5.494E-04 2.000E+05 0.000E+00 0.000E+00 7.026E+05
 7.20143075E+00   4118.6 2.277E+01 7.483E+08 6.623E-05 5.571E-04 2.000E+05 0.000E+00 0.000E+00 7.000E+05
 8.69626174E+00   4145.1 2.749E+01 9.302E+08 7.484E-05 5.662E-04 2.000E+05 0.000E+00 0.000E+00 6.982E+05
 1.04593022E+01   4170.6 3.307E+01 1.147E+09 8.465E-05 5.767E-04 2.000E+05 0.000E+00 0.000E+00 6.971E+05
 1.25378044E+01   4194.7 3.964E+01 1.402E+09 9.574E-05 5.892E-04 2.000E+05 0.000E+00 0.000E+00 6.963E+05
 1.49886038E+01   4217.7 4.739E+01 1.700E+09 1.083E-04 6.036E-04 2.000E+05 0.000E+00 0.000E+00 6.960E+05
 1.78808789E+01   4239.3 5.653E+01 2.044E+09 1.222E-04 6.201E-04 2.000E+05 0.000E+00 0.000E+00 6.959E+05
 2.12986234E+01   4259.6 6.734E+01 2.441E+09 1.379E-04 6.390E-04 2.000E+05 0.000E+00 0.000E+00 6.960E+05
 2.53414035E+01   4278.9 8.012E+01 2.897E+09 1.554E-04 6.607E-04 2.000E+05 0.000E+00 0.000E+00 6.963E+05
 3.01264213E+01   4297.3 9.525E+01 3.421E+09 1.750E-04 6.858E-04 2.000E+05 0.000E+00 0.000E+00 6.967E+05
 3.57891833E+01   4315.1 1.132E+02 4.027E+09 1.973E-04 7.150E-04 2.000E+05 0.000E+00 0.000E+00 6.972E+05
 4.24833225E+01   4332.8 1.343E+02 4.733E+09 2.228E-04 7.491E-04 2.000E+05 0.000E+00 0.000E+00 6.979E+05
 5.03790018E+01   4350.8 1.593E+02 5.563E+09 2.523E-04 7.892E-04 2.000E+05 0.000E+00 0.000E+00 6.987E+05
 5.96572922E+01   4369.6 1.886E+02 6.553E+09 2.869E-04 8.371E-04 2.000E+05 0.000E+00 0.000E+00 6.996E+05
 7.05093920E+01   4389.7 2.229E+02 7.747E+09 3.280E-04 8.953E-04 2.000E+05 0.000E+00 0.000E+00 7.008E+05
 8.31150965E+01   4412.2 2.628E+02 9.227E+09 3.781E-04 9.668E-04 2.000E+05 0.000E+00 0.000E+00 7.022E+05
 9.76288393E+01   4437.6 3.087E+02 1.109E+10 4.400E-04 1.056E-03 2.000E+05 0.000E+00 0.000E+00 7.038E+05
 1.14166417E+02   4466.9 3.609E+02 1.349E+10 5.180E-04 1.168E-03 2.000E+05 0.000E+00 0.000E+00 7.058E+05
 1.32773876E+02   4501.0 4.197E+02 1.664E+10 6.181E-04 1.313E-03 2.000E+05 0.000E+00 0.000E+00 7.082E+05
 1.53403355E+02   4541.1 4.850E+02 2.090E+10 7.494E-04 1.504E-03 2.000E+05 0.000E+00 0.000E+00 7.111E+05
 1.75896251E+02   4588.3 5.560E+02 2.679E+10 9.245E-04 1.757E-03 2.000E+05 0.000E+00 0.000E+00 7.144E+05
 2.00006885E+02   4643.5 6.322E+02 3.510E+10 1.160E-03 2.093E-03 2.000E+05 0.000E+00 0.000E+00 7.184E+05
 2.25346213E+02   4708.8 7.123E+02 4.724E+10 1.489E-03 2.561E-03 2.000E+05 0.000E+00 0.000E+00 7.230E+05
 2.51355589E+02   4786.1 7.945E+02 6.556E+10 1.959E-03 3.228E-03 2.000E+05 0.000E+00 0.000E+00 7.283E+05
 2.77292235E+02   4878.9 8.764E+02 9.453E+10 2.664E-03 4.230E-03 2.000E+05 0.000E+00 0.000E+00 7.346E+05
 3.02350055E+02   4988.7 9.555E+02 1.415E+11 3.734E-03 5.746E-03 2.000E+05 3.109E-06 0.000E+00 7.415E+05
 3.25778668E+02   5119.0 1.029E+03 2.209E+11 5.420E-03 8.130E-03 2.000E+05 4.784E-03 1.845E+01 7.492E+05
 3.46921885E+02   5272.4 1.096E+03 3.592E+11 8.156E-03 1.199E-02 2.000E+05 2.039E-01 2.096E+02 7.572E+05
 3.65295165E+02   5452.4 1.154E+03 6.087E+11 1.276E-02 1.849E-02 2.000E+05 5.692E+00 7.108E+02 7.649E+05
 3.80630225E+02   5662.1 1.202E+03 1.071E+12 2.082E-02 2.986E-02 2.000E+05 1.590E+02 2.108E+03 7.712E+05
 3.92880757E+02   5905.8 1.240E+03 1.953E+12 3.555E-02 5.081E-02 2.000E+05 5.648E+03 6.276E+03 7.748E+05
 4.02171720E+02   6190.1 1.269E+03 3.687E+12 6.421E-02 9.205E-02 2.000E+05 1.895E+05 2.013E+04 7.749E+05
 4.08810966E+02   6520.8 1.289E+03 7.169E+12 1.237E-01 1.796E-01 2.000E+05 1.388E+06 6.191E+04 7.725E+05
 4.13140486E+02   6919.6 1.302E+03 1.460E+13 2.651E-01 3.856E-01 2.000E+05 7.269E+07 1.036E+05 7.721E+05
 4.15712293E+02   7360.5 1.308E+03 2.906E+13 6.012E-01 7.561E-01 2.000E+05 5.579E+08 3.932E+05 7.801E+05
 4.17395673E+02   7696.0 1.312E+03 4.620E+13 1.101E+00 8.842E-01 2.000E+05 1.497E+09 6.771E+05 7.933E+05
 4.18782323E+02   7912.7 1.316E+03 6.077E+13 1.609E+00 7.408E-01 2.000E+05 2.289E+09 7.449E+05 8.052E+05
 4.20124222E+02   8074.6 1.319E+03 7.366E+13 2.121E+00 6.163E-01 2.000E+05 2.708E+09 7.689E+05 8.158E+05
 4.21512812E+02   8216.5 1.323E+03 8.646E+13 2.682E+00 5.372E-01 2.000E+05 2.946E+09 7.855E+05 8.263E+05
 4.23001651E+02   8344.8 1.326E+03 9.925E+13 3.295E+00 4.733E-01 2.000E+05 3.080E+09 7.878E+05 8.369E+05
 4.24633907E+02   8465.3 1.331E+03 1.123E+14 3.976E+00 4.305E-01 2.000E+05 3.170E+09 7.945E+05 8.476E+05
 4.26443831E+02   8585.2 1.336E+03 1.263E+14 4.764E+00 3.970E-01 2.000E+05 3.228E+09 7.978E+05 8.593E+05
 4.28469459E+02   8701.8 1.342E+03 1.409E+14 5.647E+00 3.660E-01 2.000E+05 3.271E+09 7.983E+05 8.714E+05
 4.30755403E+02   8821.2 1.348E+03 1.567E+14 6.659E+00 3.473E-01 2.000E+05 3.307E+09 8.083E+05 8.848E+05
 4.33342342E+02   8945.3 1.355E+03 1.740E+14 7.842E+00 3.243E-01 2.000E+05 3.322E+09 8.050E+05 8.996E+05
 4.36288036E+02   9067.4 1.364E+03 1.917E+14 9.138E+00 3.288E-01 2.000E+05 3.349E+09 8.178E+05 9.152E+05
PRADK 1.0119E+00
BEGIN                    ITERATION  15 COMPLETED
