TEFF   8500.  GRAVITY 3.50000 LTE 
TITLE  [-2.5a] N(He)/Ntot=0.0784 VTURB=2  L/H=1.25 NOVER                        
 OPACITY IFOP 1 1 1 1 1 1 1 1 1 1 1 1 1 0 1 0 0 0 0 0
 CONVECTION ON   1.25 TURBULENCE OFF  0.00  0.00  0.00  0.00
ABUNDANCE SCALE   0.00316 ABUNDANCE CHANGE 1 0.92156 2 0.07844
 ABUNDANCE CHANGE  3 -10.94  4 -10.64  5  -9.49  6  -3.52  7  -4.12  8  -2.81
 ABUNDANCE CHANGE  9  -7.48 10  -3.56 11  -5.71 12  -4.06 13  -5.57 14  -4.09
 ABUNDANCE CHANGE 15  -6.59 16  -4.31 17  -6.54 18  -5.24 19  -6.92 20  -5.28
 ABUNDANCE CHANGE 21  -8.87 22  -6.62 23  -8.04 24  -6.37 25  -6.65 26  -4.54
 ABUNDANCE CHANGE 27  -7.12 28  -5.79 29  -7.83 30  -7.44 31  -9.16 32  -8.63
 ABUNDANCE CHANGE 33  -9.67 34  -8.63 35  -9.41 36  -8.73 37  -9.44 38  -9.07
 ABUNDANCE CHANGE 39  -9.80 40  -9.44 41 -10.62 42 -10.12 43 -20.00 44 -10.20
 ABUNDANCE CHANGE 45 -10.92 46 -10.35 47 -11.10 48 -10.27 49 -10.38 50 -10.04
 ABUNDANCE CHANGE 51 -11.04 52  -9.80 53 -10.53 54  -9.87 55 -10.91 56  -9.91
 ABUNDANCE CHANGE 57 -10.87 58 -10.46 59 -11.33 60 -10.54 61 -20.00 62 -11.03
 ABUNDANCE CHANGE 63 -11.53 64 -10.92 65 -11.69 66 -10.90 67 -11.78 68 -11.11
 ABUNDANCE CHANGE 69 -12.04 70 -10.96 71 -11.98 72 -11.16 73 -12.17 74 -10.93
 ABUNDANCE CHANGE 75 -11.76 76 -10.59 77 -10.69 78 -10.24 79 -11.03 80 -10.91
 ABUNDANCE CHANGE 81 -11.14 82 -10.09 83 -11.33 84 -20.00 85 -20.00 86 -20.00
 ABUNDANCE CHANGE 87 -20.00 88 -20.00 89 -20.00 90 -11.95 91 -20.00 92 -12.54
 ABUNDANCE CHANGE 93 -20.00 94 -20.00 95 -20.00 96 -20.00 97 -20.00 98 -20.00
 ABUNDANCE CHANGE 99 -20.00
READ DECK6 72 RHOX,T,P,XNE,ABROSS,ACCRAD,VTURB, FLXCNV,VCONV,VELSND
 6.15298575E-07   5879.1 1.944E-03 9.519E+08 2.167E-01 2.320E+00 2.000E+05 0.000E+00 0.000E+00 2.159E+07
 8.26627437E-07   5889.3 2.612E-03 1.228E+09 2.042E-01 2.202E+00 2.000E+05 0.000E+00 0.000E+00 1.820E+07
 1.12715206E-06   5900.3 3.562E-03 1.597E+09 1.905E-01 2.071E+00 2.000E+05 0.000E+00 0.000E+00 1.526E+07
 1.55925574E-06   5910.7 4.927E-03 2.084E+09 1.756E-01 1.926E+00 2.000E+05 0.000E+00 6.905E+07 1.273E+07
 2.19121330E-06   5918.4 6.925E-03 2.726E+09 1.590E-01 1.769E+00 2.000E+05 0.000E+00 3.833E+07 1.054E+07
 3.13149170E-06   5922.8 9.896E-03 3.564E+09 1.412E-01 1.604E+00 2.000E+05 0.000E+00 1.928E+07 8.663E+06
 4.55628592E-06   5926.5 1.440E-02 4.667E+09 1.233E-01 1.441E+00 2.000E+05 0.000E+00 1.158E+07 7.084E+06
 6.74480540E-06   5931.0 2.132E-02 6.125E+09 1.065E-01 1.289E+00 2.000E+05 0.000E+00 7.758E+06 5.772E+06
 1.01415276E-05   5936.8 3.205E-02 8.055E+09 9.123E-02 1.154E+00 2.000E+05 0.000E+00 6.910E+06 4.697E+06
 1.53909123E-05   5951.9 4.865E-02 1.073E+10 7.931E-02 1.049E+00 2.000E+05 0.000E+00 5.732E+06 3.838E+06
 2.34104452E-05   5969.7 7.400E-02 1.427E+10 6.931E-02 9.622E-01 2.000E+05 0.000E+00 2.825E+06 3.156E+06
 3.58052940E-05   5977.9 1.132E-01 1.862E+10 5.912E-02 8.740E-01 2.000E+05 0.000E+00 1.646E+05 2.608E+06
 5.50965508E-05   5990.5 1.742E-01 2.444E+10 5.092E-02 8.053E-01 2.000E+05 0.000E+00 0.000E+00 2.172E+06
 8.50986041E-05   5999.0 2.690E-01 3.173E+10 4.350E-02 7.442E-01 2.000E+05 0.000E+00 0.000E+00 1.827E+06
 1.31640171E-04   6011.4 4.162E-01 4.136E+10 3.766E-02 6.988E-01 2.000E+05 0.000E+00 0.000E+00 1.558E+06
 2.02787365E-04   6026.3 6.411E-01 5.390E+10 3.309E-02 6.657E-01 2.000E+05 0.000E+00 0.000E+00 1.350E+06
 3.09793562E-04   6044.1 9.794E-01 7.014E+10 2.962E-02 6.437E-01 2.000E+05 0.000E+00 0.000E+00 1.191E+06
 4.66811568E-04   6067.4 1.476E+00 9.147E+10 2.730E-02 6.335E-01 2.000E+05 0.000E+00 0.000E+00 1.071E+06
 6.90705592E-04   6094.6 2.184E+00 1.189E+11 2.588E-02 6.327E-01 2.000E+05 0.000E+00 0.000E+00 9.812E+05
 1.00064834E-03   6126.5 3.164E+00 1.541E+11 2.531E-02 6.414E-01 2.000E+05 0.000E+00 0.000E+00 9.151E+05
 1.41627843E-03   6163.3 4.478E+00 1.990E+11 2.555E-02 6.593E-01 2.000E+05 0.000E+00 0.000E+00 8.667E+05
 1.95665288E-03   6204.5 6.186E+00 2.558E+11 2.657E-02 6.855E-01 2.000E+05 0.000E+00 0.000E+00 8.315E+05
 2.64060562E-03   6248.8 8.349E+00 3.264E+11 2.830E-02 7.194E-01 2.000E+05 0.000E+00 0.000E+00 8.061E+05
 3.48982370E-03   6294.0 1.103E+01 4.123E+11 3.062E-02 7.588E-01 2.000E+05 0.000E+00 0.000E+00 7.878E+05
 4.52810557E-03   6340.7 1.432E+01 5.164E+11 3.362E-02 8.044E-01 2.000E+05 0.000E+00 0.000E+00 7.746E+05
 5.78682541E-03   6384.7 1.830E+01 6.378E+11 3.700E-02 8.512E-01 2.000E+05 0.000E+00 0.000E+00 7.652E+05
 7.31131015E-03   6425.8 2.311E+01 7.780E+11 4.073E-02 8.994E-01 2.000E+05 0.000E+00 0.000E+00 7.584E+05
 9.16454780E-03   6461.4 2.897E+01 9.343E+11 4.451E-02 9.459E-01 2.000E+05 0.000E+00 0.000E+00 7.534E+05
 1.14343284E-02   6491.6 3.615E+01 1.108E+12 4.830E-02 9.920E-01 2.000E+05 0.000E+00 0.000E+00 7.498E+05
 1.42331465E-02   6517.0 4.500E+01 1.299E+12 5.210E-02 1.039E+00 2.000E+05 0.000E+00 0.000E+00 7.472E+05
 1.76960354E-02   6539.8 5.594E+01 1.515E+12 5.615E-02 1.089E+00 2.000E+05 0.000E+00 0.000E+00 7.455E+05
 2.19750838E-02   6561.8 6.947E+01 1.762E+12 6.070E-02 1.146E+00 2.000E+05 0.000E+00 0.000E+00 7.445E+05
 2.72369970E-02   6584.6 8.610E+01 2.050E+12 6.603E-02 1.211E+00 2.000E+05 0.000E+00 0.000E+00 7.442E+05
 3.36643109E-02   6609.2 1.064E+02 2.388E+12 7.236E-02 1.286E+00 2.000E+05 0.000E+00 0.000E+00 7.445E+05
 4.14460948E-02   6636.9 1.310E+02 2.791E+12 8.007E-02 1.375E+00 2.000E+05 0.000E+00 0.000E+00 7.453E+05
 5.08000288E-02   6665.7 1.606E+02 3.260E+12 8.898E-02 1.474E+00 2.000E+05 0.000E+00 0.000E+00 7.465E+05
 6.20035138E-02   6695.6 1.960E+02 3.804E+12 9.924E-02 1.587E+00 2.000E+05 0.000E+00 0.000E+00 7.480E+05
 7.53759483E-02   6726.6 2.383E+02 4.437E+12 1.110E-01 1.716E+00 2.000E+05 0.000E+00 0.000E+00 7.498E+05
 9.12954546E-02   6758.6 2.886E+02 5.171E+12 1.245E-01 1.863E+00 2.000E+05 0.000E+00 0.000E+00 7.518E+05
 1.10186461E-01   6792.5 3.483E+02 6.033E+12 1.402E-01 2.036E+00 2.000E+05 0.000E+00 0.000E+00 7.540E+05
 1.32496359E-01   6829.0 4.188E+02 7.053E+12 1.587E-01 2.241E+00 2.000E+05 0.000E+00 0.000E+00 7.563E+05
 1.58696118E-01   6869.3 5.016E+02 8.274E+12 1.809E-01 2.490E+00 2.000E+05 0.000E+00 0.000E+00 7.588E+05
 1.89226607E-01   6914.8 5.980E+02 9.761E+12 2.079E-01 2.797E+00 2.000E+05 0.000E+00 0.000E+00 7.615E+05
 2.24439703E-01   6967.2 7.093E+02 1.160E+13 2.418E-01 3.186E+00 2.000E+05 0.000E+00 0.000E+00 7.643E+05
 2.64533679E-01   7028.5 8.359E+02 1.393E+13 2.853E-01 3.688E+00 2.000E+05 0.000E+00 0.000E+00 7.672E+05
 3.09470978E-01   7100.9 9.779E+02 1.692E+13 3.425E-01 4.352E+00 2.000E+05 0.000E+00 0.000E+00 7.704E+05
 3.58834680E-01   7188.0 1.134E+03 2.089E+13 4.205E-01 5.256E+00 2.000E+05 0.000E+00 0.000E+00 7.739E+05
 4.11840282E-01   7290.8 1.301E+03 2.616E+13 5.283E-01 6.509E+00 2.000E+05 6.480E-05 0.000E+00 7.778E+05
 4.67308013E-01   7413.2 1.476E+03 3.335E+13 6.833E-01 8.312E+00 2.000E+05 1.321E-02 3.670E+01 7.825E+05
 5.23561480E-01   7559.1 1.653E+03 4.337E+13 9.141E-01 1.099E+01 2.000E+05 1.670E-01 2.045E+02 7.883E+05
 5.78516075E-01   7734.5 1.826E+03 5.768E+13 1.274E+00 1.511E+01 2.000E+05 1.656E+00 4.298E+02 7.959E+05
 6.30017948E-01   7941.7 1.988E+03 7.824E+13 1.851E+00 2.165E+01 2.000E+05 2.427E+01 8.740E+02 8.063E+05
 6.76199742E-01   8186.5 2.133E+03 1.081E+14 2.816E+00 3.237E+01 2.000E+05 6.190E+02 2.102E+03 8.207E+05
 7.15846658E-01   8472.8 2.257E+03 1.514E+14 4.459E+00 5.012E+01 2.000E+05 2.179E+04 6.096E+03 8.409E+05
 7.48691476E-01   8803.0 2.359E+03 2.129E+14 7.271E+00 7.958E+01 2.000E+05 7.042E+05 1.973E+04 8.694E+05
 7.75447768E-01   9178.0 2.441E+03 2.962E+14 1.189E+01 1.262E+02 2.000E+05 8.844E+06 6.260E+04 9.091E+05
 7.97528912E-01   9600.4 2.507E+03 4.014E+14 1.883E+01 1.938E+02 2.000E+05 3.712E+07 1.432E+05 9.635E+05
 8.16697969E-01  10070.4 2.563E+03 5.186E+14 2.757E+01 2.766E+02 2.000E+05 8.912E+07 2.119E+05 1.035E+06
 8.35542755E-01  10597.0 2.617E+03 6.285E+14 3.508E+01 3.457E+02 2.000E+05 1.094E+08 2.749E+05 1.122E+06
 8.56986366E-01  11190.9 2.677E+03 7.080E+14 3.776E+01 3.737E+02 2.000E+05 6.005E+07 1.945E+05 1.217E+06
 8.86678411E-01  11874.0 2.760E+03 7.501E+14 3.327E+01 3.319E+02 2.000E+05 1.105E+07 6.276E+04 1.316E+06
 9.34145597E-01  12634.6 2.896E+03 7.702E+14 2.599E+01 2.617E+02 2.000E+05 2.524E+05 1.200E+04 1.423E+06
 1.01830464E+00  13485.7 3.144E+03 7.973E+14 1.930E+01 1.942E+02 2.000E+05 1.188E+03 2.425E+03 1.538E+06
 1.16747336E+00  14407.0 3.590E+03 8.597E+14 1.482E+01 1.481E+02 2.000E+05 7.643E+00 7.283E+02 1.617E+06
 1.41778781E+00  15408.1 4.349E+03 9.810E+14 1.221E+01 1.211E+02 2.000E+05 4.990E-01 4.916E+02 1.644E+06
 1.80589555E+00  16485.4 5.532E+03 1.178E+15 1.090E+01 1.076E+02 2.000E+05 4.739E-01 5.766E+02 1.681E+06
 2.36906510E+00  17658.4 7.254E+03 1.459E+15 1.025E+01 1.009E+02 2.000E+05 3.174E-01 4.324E+02 1.760E+06
 3.15688672E+00  18922.4 9.668E+03 1.829E+15 9.875E+00 9.700E+01 2.000E+05 7.841E-02 0.000E+00 1.880E+06
 4.24026360E+00  20294.5 1.299E+04 2.302E+15 9.631E+00 9.451E+01 2.000E+05 0.000E+00 0.000E+00 2.019E+06
 5.70851632E+00  21772.7 1.750E+04 2.896E+15 9.554E+00 9.363E+01 2.000E+05 0.000E+00 0.000E+00 2.147E+06
 7.66662518E+00  23371.4 2.350E+04 3.628E+15 9.623E+00 9.407E+01 2.000E+05 0.000E+00 0.000E+00 2.257E+06
 1.02353785E+01  25089.3 3.139E+04 4.516E+15 9.850E+00 9.251E+01 2.000E+05 0.000E+00 0.000E+00 2.354E+06
PRADK 7.0066E+00
BEGIN                    ITERATION  15 COMPLETED
