TEFF   5250.  GRAVITY 2.00000 LTE 
TITLE  [-2.5a] N(He)/Ntot=0.0784 VTURB=2  L/H=1.25 NOVER                        
 OPACITY IFOP 1 1 1 1 1 1 1 1 1 1 1 1 1 0 1 0 0 0 0 0
 CONVECTION ON   1.25 TURBULENCE OFF  0.00  0.00  0.00  0.00
ABUNDANCE SCALE   0.00316 ABUNDANCE CHANGE 1 0.92156 2 0.07844
 ABUNDANCE CHANGE  3 -10.94  4 -10.64  5  -9.49  6  -3.52  7  -4.12  8  -2.81
 ABUNDANCE CHANGE  9  -7.48 10  -3.56 11  -5.71 12  -4.06 13  -5.57 14  -4.09
 ABUNDANCE CHANGE 15  -6.59 16  -4.31 17  -6.54 18  -5.24 19  -6.92 20  -5.28
 ABUNDANCE CHANGE 21  -8.87 22  -6.62 23  -8.04 24  -6.37 25  -6.65 26  -4.54
 ABUNDANCE CHANGE 27  -7.12 28  -5.79 29  -7.83 30  -7.44 31  -9.16 32  -8.63
 ABUNDANCE CHANGE 33  -9.67 34  -8.63 35  -9.41 36  -8.73 37  -9.44 38  -9.07
 ABUNDANCE CHANGE 39  -9.80 40  -9.44 41 -10.62 42 -10.12 43 -20.00 44 -10.20
 ABUNDANCE CHANGE 45 -10.92 46 -10.35 47 -11.10 48 -10.27 49 -10.38 50 -10.04
 ABUNDANCE CHANGE 51 -11.04 52  -9.80 53 -10.53 54  -9.87 55 -10.91 56  -9.91
 ABUNDANCE CHANGE 57 -10.87 58 -10.46 59 -11.33 60 -10.54 61 -20.00 62 -11.03
 ABUNDANCE CHANGE 63 -11.53 64 -10.92 65 -11.69 66 -10.90 67 -11.78 68 -11.11
 ABUNDANCE CHANGE 69 -12.04 70 -10.96 71 -11.98 72 -11.16 73 -12.17 74 -10.93
 ABUNDANCE CHANGE 75 -11.76 76 -10.59 77 -10.69 78 -10.24 79 -11.03 80 -10.91
 ABUNDANCE CHANGE 81 -11.14 82 -10.09 83 -11.33 84 -20.00 85 -20.00 86 -20.00
 ABUNDANCE CHANGE 87 -20.00 88 -20.00 89 -20.00 90 -11.95 91 -20.00 92 -12.54
 ABUNDANCE CHANGE 93 -20.00 94 -20.00 95 -20.00 96 -20.00 97 -20.00 98 -20.00
 ABUNDANCE CHANGE 99 -20.00
READ DECK6 72 RHOX,T,P,XNE,ABROSS,ACCRAD,VTURB, FLXCNV,VCONV,VELSND
 7.48991830E-03   3671.1 7.490E-01 1.305E+07 1.780E-05 7.531E-04 2.000E+05 0.000E+00 0.000E+00 1.136E+06
 1.00037348E-02   3683.1 1.000E+00 1.624E+07 1.758E-05 7.542E-04 2.000E+05 0.000E+00 0.000E+00 1.035E+06
 1.33985132E-02   3694.1 1.340E+00 2.011E+07 1.736E-05 7.553E-04 2.000E+05 0.000E+00 0.000E+00 9.525E+05
 1.79615592E-02   3706.5 1.796E+00 2.511E+07 1.730E-05 7.574E-04 2.000E+05 0.000E+00 0.000E+00 8.855E+05
 2.40415718E-02   3720.0 2.404E+00 3.151E+07 1.741E-05 7.603E-04 2.000E+05 0.000E+00 0.000E+00 8.323E+05
 3.20575417E-02   3734.7 3.206E+00 3.969E+07 1.770E-05 7.640E-04 2.000E+05 0.000E+00 0.000E+00 7.909E+05
 4.25107995E-02   3750.6 4.251E+00 5.017E+07 1.820E-05 7.692E-04 2.000E+05 0.000E+00 0.000E+00 7.593E+05
 5.59837953E-02   3767.8 5.598E+00 6.358E+07 1.894E-05 7.753E-04 2.000E+05 0.000E+00 0.000E+00 7.353E+05
 7.31519015E-02   3785.9 7.315E+00 8.057E+07 1.992E-05 7.822E-04 2.000E+05 0.000E+00 0.000E+00 7.175E+05
 9.48093660E-02   3804.7 9.481E+00 1.019E+08 2.115E-05 7.891E-04 2.000E+05 0.000E+00 0.000E+00 7.042E+05
 1.21899180E-01   3823.5 1.219E+01 1.282E+08 2.263E-05 7.912E-04 2.000E+05 0.000E+00 0.000E+00 6.944E+05
 1.55540193E-01   3842.4 1.555E+01 1.606E+08 2.439E-05 7.942E-04 2.000E+05 0.000E+00 0.000E+00 6.872E+05
 1.96967969E-01   3861.8 1.970E+01 2.007E+08 2.653E-05 7.978E-04 2.000E+05 0.000E+00 0.000E+00 6.821E+05
 2.47521010E-01   3881.9 2.475E+01 2.505E+08 2.912E-05 8.019E-04 2.000E+05 0.000E+00 0.000E+00 6.785E+05
 3.08639013E-01   3902.8 3.086E+01 3.121E+08 3.226E-05 8.065E-04 2.000E+05 0.000E+00 0.000E+00 6.762E+05
 3.81884277E-01   3924.3 3.819E+01 3.881E+08 3.604E-05 8.126E-04 2.000E+05 0.000E+00 0.000E+00 6.748E+05
 4.68945744E-01   3946.6 4.689E+01 4.819E+08 4.059E-05 8.193E-04 2.000E+05 0.000E+00 0.000E+00 6.741E+05
 5.71641826E-01   3969.5 5.716E+01 5.971E+08 4.604E-05 8.265E-04 2.000E+05 0.000E+00 0.000E+00 6.740E+05
 6.92029190E-01   3992.7 6.920E+01 7.371E+08 5.250E-05 8.348E-04 2.000E+05 0.000E+00 0.000E+00 6.743E+05
 8.32479181E-01   4016.0 8.325E+01 9.064E+08 6.013E-05 8.443E-04 2.000E+05 0.000E+00 0.000E+00 6.749E+05
 9.95730575E-01   4039.3 9.957E+01 1.110E+09 6.908E-05 8.551E-04 2.000E+05 0.000E+00 0.000E+00 6.758E+05
 1.18511077E+00   4062.2 1.185E+02 1.352E+09 7.945E-05 8.682E-04 2.000E+05 0.000E+00 0.000E+00 6.768E+05
 1.40456571E+00   4084.9 1.405E+02 1.638E+09 9.147E-05 8.831E-04 2.000E+05 0.000E+00 0.000E+00 6.779E+05
 1.65877939E+00   4106.9 1.659E+02 1.975E+09 1.053E-04 8.998E-04 2.000E+05 0.000E+00 0.000E+00 6.791E+05
 1.95355791E+00   4128.2 1.954E+02 2.366E+09 1.210E-04 9.188E-04 2.000E+05 0.000E+00 0.000E+00 6.804E+05
 2.29601175E+00   4148.6 2.296E+02 2.818E+09 1.387E-04 9.403E-04 2.000E+05 0.000E+00 0.000E+00 6.816E+05
 2.69479914E+00   4167.9 2.695E+02 3.336E+09 1.586E-04 9.648E-04 2.000E+05 0.000E+00 0.000E+00 6.828E+05
 3.16050324E+00   4186.1 3.160E+02 3.925E+09 1.809E-04 9.929E-04 2.000E+05 0.000E+00 0.000E+00 6.839E+05
 3.70612046E+00   4203.1 3.706E+02 4.591E+09 2.055E-04 1.026E-03 2.000E+05 0.000E+00 0.000E+00 6.850E+05
 4.34721872E+00   4219.0 4.347E+02 5.344E+09 2.330E-04 1.063E-03 2.000E+05 0.000E+00 0.000E+00 6.860E+05
 5.10242070E+00   4234.0 5.102E+02 6.192E+09 2.634E-04 1.104E-03 2.000E+05 0.000E+00 0.000E+00 6.869E+05
 5.99447088E+00   4247.8 5.994E+02 7.143E+09 2.970E-04 1.151E-03 2.000E+05 0.000E+00 0.000E+00 6.878E+05
 7.05050329E+00   4260.9 7.050E+02 8.213E+09 3.343E-04 1.205E-03 2.000E+05 0.000E+00 0.000E+00 6.886E+05
 8.30261739E+00   4273.2 8.303E+02 9.420E+09 3.757E-04 1.265E-03 2.000E+05 0.000E+00 0.000E+00 6.894E+05
 9.78816834E+00   4285.2 9.788E+02 1.079E+10 4.224E-04 1.334E-03 2.000E+05 0.000E+00 0.000E+00 6.901E+05
 1.15502227E+01   4297.2 1.155E+03 1.237E+10 4.750E-04 1.415E-03 2.000E+05 0.000E+00 0.000E+00 6.908E+05
 1.36370808E+01   4309.5 1.364E+03 1.419E+10 5.355E-04 1.507E-03 2.000E+05 0.000E+00 0.000E+00 6.915E+05
 1.61031869E+01   4322.4 1.610E+03 1.632E+10 6.050E-04 1.614E-03 2.000E+05 0.000E+00 0.000E+00 6.923E+05
 1.90088717E+01   4336.2 1.901E+03 1.882E+10 6.860E-04 1.739E-03 2.000E+05 0.000E+00 0.000E+00 6.931E+05
 2.24188187E+01   4351.3 2.242E+03 2.181E+10 7.810E-04 1.886E-03 2.000E+05 0.000E+00 0.000E+00 6.940E+05
 2.64009952E+01   4368.3 2.640E+03 2.543E+10 8.947E-04 2.063E-03 2.000E+05 0.000E+00 0.000E+00 6.951E+05
 3.10195340E+01   4387.8 3.102E+03 2.989E+10 1.033E-03 2.278E-03 2.000E+05 0.000E+00 0.000E+00 6.963E+05
 3.63278925E+01   4411.0 3.633E+03 3.555E+10 1.205E-03 2.548E-03 2.000E+05 0.000E+00 0.000E+00 6.979E+05
 4.23611496E+01   4438.3 4.236E+03 4.282E+10 1.421E-03 2.885E-03 2.000E+05 0.000E+00 0.000E+00 6.998E+05
 4.91347200E+01   4470.7 4.913E+03 5.238E+10 1.700E-03 3.315E-03 2.000E+05 0.000E+00 0.000E+00 7.022E+05
 5.66320372E+01   4509.2 5.663E+03 6.523E+10 2.064E-03 3.874E-03 2.000E+05 0.000E+00 0.000E+00 7.051E+05
 6.47870358E+01   4555.5 6.479E+03 8.310E+10 2.554E-03 4.621E-03 2.000E+05 0.000E+00 0.000E+00 7.087E+05
 7.34979837E+01   4609.9 7.350E+03 1.083E+11 3.217E-03 5.610E-03 2.000E+05 0.000E+00 0.000E+00 7.130E+05
 8.26206158E+01   4674.7 8.262E+03 1.451E+11 4.144E-03 6.977E-03 2.000E+05 0.000E+00 0.000E+00 7.182E+05
 9.19439284E+01   4752.1 9.194E+03 2.011E+11 5.481E-03 8.929E-03 2.000E+05 0.000E+00 0.000E+00 7.244E+05
 1.01192390E+02   4845.5 1.012E+04 2.903E+11 7.492E-03 1.185E-02 2.000E+05 0.000E+00 0.000E+00 7.317E+05
 1.10064033E+02   4957.0 1.101E+04 4.372E+11 1.059E-02 1.632E-02 2.000E+05 4.162E-01 0.000E+00 7.402E+05
 1.18290704E+02   5089.7 1.183E+04 6.882E+11 1.549E-02 2.336E-02 2.000E+05 1.287E+02 4.200E+02 7.500E+05
 1.25659900E+02   5246.8 1.257E+04 1.133E+12 2.347E-02 3.477E-02 2.000E+05 4.310E+03 2.803E+03 7.609E+05
 1.32032661E+02   5431.8 1.320E+04 1.952E+12 3.684E-02 5.385E-02 2.000E+05 8.900E+04 8.814E+03 7.729E+05
 1.37343277E+02   5649.4 1.373E+04 3.514E+12 6.004E-02 8.692E-02 2.000E+05 1.106E+06 2.380E+04 7.855E+05
 1.41622043E+02   5900.1 1.416E+04 6.525E+12 1.009E-01 1.451E-01 2.000E+05 9.318E+06 5.377E+04 7.977E+05
 1.44933330E+02   6196.2 1.449E+04 1.265E+13 1.783E-01 2.544E-01 2.000E+05 3.541E+07 1.061E+05 8.083E+05
 1.47343500E+02   6548.6 1.473E+04 2.565E+13 3.353E-01 4.583E-01 2.000E+05 2.041E+08 1.455E+05 8.154E+05
 1.49065587E+02   6903.1 1.490E+04 4.848E+13 6.110E-01 7.053E-01 2.000E+05 7.149E+08 2.835E+05 8.177E+05
 1.50412223E+02   7190.5 1.504E+04 7.754E+13 9.763E-01 8.106E-01 2.000E+05 1.456E+09 3.698E+05 8.180E+05
 1.51603201E+02   7416.6 1.515E+04 1.094E+14 1.399E+00 7.758E-01 2.000E+05 2.095E+09 4.038E+05 8.185E+05
 1.52751223E+02   7604.6 1.527E+04 1.434E+14 1.879E+00 7.074E-01 2.000E+05 2.520E+09 4.174E+05 8.198E+05
 1.53914746E+02   7771.4 1.538E+04 1.803E+14 2.430E+00 6.466E-01 2.000E+05 2.789E+09 4.212E+05 8.216E+05
 1.55131541E+02   7923.1 1.550E+04 2.203E+14 3.062E+00 5.948E-01 2.000E+05 2.963E+09 4.200E+05 8.241E+05
 1.56430028E+02   8066.2 1.563E+04 2.643E+14 3.799E+00 5.552E-01 2.000E+05 3.079E+09 4.173E+05 8.273E+05
 1.57834326E+02   8203.7 1.577E+04 3.129E+14 4.658E+00 5.173E-01 2.000E+05 3.163E+09 4.124E+05 8.309E+05
 1.59369236E+02   8337.1 1.593E+04 3.666E+14 5.660E+00 4.872E-01 2.000E+05 3.222E+09 4.088E+05 8.352E+05
 1.61055647E+02   8470.6 1.609E+04 4.274E+14 6.859E+00 4.571E-01 2.000E+05 3.268E+09 4.022E+05 8.401E+05
 1.62920805E+02   8599.7 1.628E+04 4.936E+14 8.236E+00 4.324E-01 2.000E+05 3.304E+09 3.995E+05 8.455E+05
 1.64984525E+02   8735.2 1.648E+04 5.713E+14 9.940E+00 4.090E-01 2.000E+05 3.327E+09 3.921E+05 8.517E+05
 1.67285022E+02   8862.2 1.671E+04 6.528E+14 1.180E+01 4.130E-01 2.000E+05 3.347E+09 3.899E+05 8.582E+05
PRADK 1.0135E+00
BEGIN                    ITERATION  15 COMPLETED
