TEFF   4500.  GRAVITY 4.50000 LTE 
TITLE  [-2.5a] N(He)/Ntot=0.0784 VTURB=2  L/H=1.25 NOVER                        
 OPACITY IFOP 1 1 1 1 1 1 1 1 1 1 1 1 1 0 1 0 0 0 0 0
 CONVECTION ON   1.25 TURBULENCE OFF  0.00  0.00  0.00  0.00
ABUNDANCE SCALE   0.00316 ABUNDANCE CHANGE 1 0.92156 2 0.07844
 ABUNDANCE CHANGE  3 -10.94  4 -10.64  5  -9.49  6  -3.52  7  -4.12  8  -2.81
 ABUNDANCE CHANGE  9  -7.48 10  -3.56 11  -5.71 12  -4.06 13  -5.57 14  -4.09
 ABUNDANCE CHANGE 15  -6.59 16  -4.31 17  -6.54 18  -5.24 19  -6.92 20  -5.28
 ABUNDANCE CHANGE 21  -8.87 22  -6.62 23  -8.04 24  -6.37 25  -6.65 26  -4.54
 ABUNDANCE CHANGE 27  -7.12 28  -5.79 29  -7.83 30  -7.44 31  -9.16 32  -8.63
 ABUNDANCE CHANGE 33  -9.67 34  -8.63 35  -9.41 36  -8.73 37  -9.44 38  -9.07
 ABUNDANCE CHANGE 39  -9.80 40  -9.44 41 -10.62 42 -10.12 43 -20.00 44 -10.20
 ABUNDANCE CHANGE 45 -10.92 46 -10.35 47 -11.10 48 -10.27 49 -10.38 50 -10.04
 ABUNDANCE CHANGE 51 -11.04 52  -9.80 53 -10.53 54  -9.87 55 -10.91 56  -9.91
 ABUNDANCE CHANGE 57 -10.87 58 -10.46 59 -11.33 60 -10.54 61 -20.00 62 -11.03
 ABUNDANCE CHANGE 63 -11.53 64 -10.92 65 -11.69 66 -10.90 67 -11.78 68 -11.11
 ABUNDANCE CHANGE 69 -12.04 70 -10.96 71 -11.98 72 -11.16 73 -12.17 74 -10.93
 ABUNDANCE CHANGE 75 -11.76 76 -10.59 77 -10.69 78 -10.24 79 -11.03 80 -10.91
 ABUNDANCE CHANGE 81 -11.14 82 -10.09 83 -11.33 84 -20.00 85 -20.00 86 -20.00
 ABUNDANCE CHANGE 87 -20.00 88 -20.00 89 -20.00 90 -11.95 91 -20.00 92 -12.54
 ABUNDANCE CHANGE 93 -20.00 94 -20.00 95 -20.00 96 -20.00 97 -20.00 98 -20.00
 ABUNDANCE CHANGE 99 -20.00
READ DECK6 72 RHOX,T,P,XNE,ABROSS,ACCRAD,VTURB, FLXCNV,VCONV,VELSND
 7.05610192E-03   3230.4 2.231E+02 2.185E+08 1.890E-05 4.540E-04 2.000E+05 0.000E+00 0.000E+00 5.742E+05
 9.23992415E-03   3244.7 2.922E+02 2.780E+08 2.183E-05 4.782E-04 2.000E+05 0.000E+00 0.000E+00 5.713E+05
 1.17682970E-02   3255.6 3.721E+02 3.437E+08 2.508E-05 5.001E-04 2.000E+05 0.000E+00 0.000E+00 5.680E+05
 1.47048783E-02   3269.2 4.650E+02 4.201E+08 2.878E-05 5.171E-04 2.000E+05 0.000E+00 0.000E+00 5.656E+05
 1.81218985E-02   3283.5 5.731E+02 5.079E+08 3.292E-05 5.343E-04 2.000E+05 0.000E+00 0.000E+00 5.636E+05
 2.21098298E-02   3299.1 6.992E+02 6.104E+08 3.759E-05 5.515E-04 2.000E+05 0.000E+00 0.000E+00 5.621E+05
 2.67697263E-02   3315.8 8.465E+02 7.300E+08 4.290E-05 5.674E-04 2.000E+05 0.000E+00 0.000E+00 5.609E+05
 3.22094946E-02   3333.9 1.019E+03 8.702E+08 4.906E-05 5.772E-04 2.000E+05 0.000E+00 0.000E+00 5.601E+05
 3.85404614E-02   3352.8 1.219E+03 1.034E+09 5.631E-05 5.813E-04 2.000E+05 0.000E+00 0.000E+00 5.597E+05
 4.59000603E-02   3371.7 1.451E+03 1.224E+09 6.453E-05 5.878E-04 2.000E+05 0.000E+00 0.000E+00 5.594E+05
 5.44673117E-02   3391.1 1.722E+03 1.444E+09 7.389E-05 5.961E-04 2.000E+05 0.000E+00 0.000E+00 5.592E+05
 6.44475257E-02   3410.7 2.038E+03 1.702E+09 8.456E-05 6.067E-04 2.000E+05 0.000E+00 0.000E+00 5.591E+05
 7.60796193E-02   3430.9 2.406E+03 2.002E+09 9.674E-05 6.196E-04 2.000E+05 0.000E+00 0.000E+00 5.592E+05
 8.96398701E-02   3451.3 2.835E+03 2.352E+09 1.106E-04 6.356E-04 2.000E+05 0.000E+00 0.000E+00 5.593E+05
 1.05465698E-01   3472.3 3.335E+03 2.761E+09 1.262E-04 6.449E-04 2.000E+05 0.000E+00 0.000E+00 5.596E+05
 1.24035715E-01   3494.8 3.922E+03 3.246E+09 1.431E-04 6.265E-04 2.000E+05 0.000E+00 0.000E+00 5.602E+05
 1.45850462E-01   3515.8 4.612E+03 3.808E+09 1.627E-04 6.198E-04 2.000E+05 0.000E+00 0.000E+00 5.604E+05
 1.71409572E-01   3535.9 5.420E+03 4.457E+09 1.853E-04 6.221E-04 2.000E+05 0.000E+00 0.000E+00 5.603E+05
 2.01308175E-01   3555.1 6.366E+03 5.207E+09 2.114E-04 6.324E-04 2.000E+05 0.000E+00 0.000E+00 5.601E+05
 2.36256095E-01   3573.3 7.471E+03 6.068E+09 2.412E-04 6.502E-04 2.000E+05 0.000E+00 0.000E+00 5.597E+05
 2.77095686E-01   3590.4 8.763E+03 7.058E+09 2.752E-04 6.753E-04 2.000E+05 0.000E+00 0.000E+00 5.590E+05
 3.24838975E-01   3606.0 1.027E+04 8.185E+09 3.138E-04 7.081E-04 2.000E+05 0.000E+00 0.000E+00 5.580E+05
 3.80664047E-01   3620.8 1.204E+04 9.476E+09 3.579E-04 7.474E-04 2.000E+05 0.000E+00 0.000E+00 5.569E+05
 4.45976567E-01   3633.2 1.410E+04 1.093E+10 4.077E-04 7.976E-04 2.000E+05 0.000E+00 0.000E+00 5.552E+05
 5.22419695E-01   3642.6 1.652E+04 1.254E+10 4.646E-04 8.654E-04 2.000E+05 0.000E+00 0.000E+00 5.530E+05
 6.11935495E-01   3651.1 1.935E+04 1.437E+10 5.287E-04 9.438E-04 2.000E+05 0.000E+00 0.000E+00 5.507E+05
 7.16894633E-01   3658.9 2.267E+04 1.645E+10 6.010E-04 1.033E-03 2.000E+05 0.000E+00 0.000E+00 5.483E+05
 8.40078905E-01   3666.2 2.657E+04 1.881E+10 6.826E-04 1.134E-03 2.000E+05 0.000E+00 0.000E+00 5.459E+05
 9.84757644E-01   3673.1 3.114E+04 2.149E+10 7.748E-04 1.248E-03 2.000E+05 0.000E+00 0.000E+00 5.434E+05
 1.15472751E+00   3680.0 3.652E+04 2.455E+10 8.795E-04 1.376E-03 2.000E+05 0.000E+00 0.000E+00 5.410E+05
 1.35444893E+00   3686.7 4.283E+04 2.804E+10 9.980E-04 1.518E-03 2.000E+05 0.000E+00 0.000E+00 5.386E+05
 1.58910030E+00   3693.7 5.025E+04 3.203E+10 1.133E-03 1.679E-03 2.000E+05 0.000E+00 0.000E+00 5.363E+05
 1.86473776E+00   3700.7 5.897E+04 3.658E+10 1.286E-03 1.857E-03 2.000E+05 0.000E+00 0.000E+00 5.339E+05
 2.18831110E+00   3708.4 6.920E+04 4.181E+10 1.462E-03 2.057E-03 2.000E+05 0.000E+00 0.000E+00 5.317E+05
 2.56788527E+00   3716.4 8.120E+04 4.779E+10 1.662E-03 2.279E-03 2.000E+05 0.000E+00 0.000E+00 5.294E+05
 3.01267208E+00   3725.1 9.527E+04 5.468E+10 1.893E-03 2.530E-03 2.000E+05 0.000E+00 0.000E+00 5.273E+05
 3.53387128E+00   3734.9 1.118E+05 6.264E+10 2.153E-03 2.810E-03 2.000E+05 0.000E+00 0.000E+00 5.253E+05
 4.14449315E+00   3746.3 1.311E+05 7.194E+10 2.453E-03 3.128E-03 2.000E+05 0.000E+00 0.000E+00 5.236E+05
 4.85830335E+00   3759.0 1.536E+05 8.276E+10 2.802E-03 3.492E-03 2.000E+05 0.000E+00 0.000E+00 5.220E+05
 5.68924958E+00   3774.7 1.799E+05 9.563E+10 3.220E-03 3.919E-03 2.000E+05 0.000E+00 0.000E+00 5.209E+05
 6.65160309E+00   3792.4 2.103E+05 1.107E+11 3.712E-03 4.415E-03 2.000E+05 0.000E+00 0.000E+00 5.201E+05
 7.76692815E+00   3814.7 2.456E+05 1.290E+11 4.256E-03 4.965E-03 2.000E+05 0.000E+00 0.000E+00 5.202E+05
 9.07259861E+00   3838.0 2.869E+05 1.506E+11 4.830E-03 5.571E-03 2.000E+05 0.000E+00 0.000E+00 5.203E+05
 1.05837991E+01   3893.4 3.347E+05 1.851E+11 5.659E-03 6.453E-03 2.000E+05 2.437E+05 0.000E+00 5.261E+05
 1.22911414E+01   3957.1 3.887E+05 2.291E+11 6.719E-03 7.502E-03 2.000E+05 3.982E+06 6.464E+03 5.333E+05
 1.41935218E+01   4028.0 4.488E+05 2.847E+11 8.091E-03 8.736E-03 2.000E+05 9.994E+06 1.529E+04 5.417E+05
 1.63009270E+01   4096.1 5.155E+05 3.506E+11 9.739E-03 1.010E-02 2.000E+05 2.004E+07 1.377E+04 5.495E+05
 1.86233874E+01   4168.9 5.889E+05 4.342E+11 1.185E-02 1.172E-02 2.000E+05 4.160E+07 2.136E+04 5.581E+05
 2.11601064E+01   4243.0 6.691E+05 5.399E+11 1.452E-02 1.358E-02 2.000E+05 7.158E+07 2.409E+04 5.669E+05
 2.39056072E+01   4320.1 7.560E+05 6.790E+11 1.800E-02 1.578E-02 2.000E+05 1.128E+08 2.773E+04 5.761E+05
 2.68400282E+01   4399.1 8.487E+05 8.650E+11 2.261E-02 1.841E-02 2.000E+05 1.732E+08 3.170E+04 5.856E+05
 2.99289024E+01   4481.2 9.464E+05 1.122E+12 2.887E-02 2.157E-02 2.000E+05 2.512E+08 3.573E+04 5.957E+05
 3.31366000E+01   4564.9 1.048E+06 1.475E+12 3.725E-02 2.516E-02 2.000E+05 3.499E+08 3.933E+04 6.060E+05
 3.64409437E+01   4650.8 1.152E+06 1.969E+12 4.836E-02 2.896E-02 2.000E+05 4.730E+08 4.369E+04 6.168E+05
 3.98232160E+01   4738.8 1.259E+06 2.657E+12 6.320E-02 3.284E-02 2.000E+05 6.153E+08 4.743E+04 6.279E+05
 4.32674274E+01   4828.3 1.368E+06 3.609E+12 8.288E-02 3.645E-02 2.000E+05 7.744E+08 5.134E+04 6.394E+05
 4.67646247E+01   4920.3 1.479E+06 4.932E+12 1.090E-01 3.952E-02 2.000E+05 9.420E+08 5.499E+04 6.512E+05
 5.03134474E+01   5014.2 1.591E+06 6.752E+12 1.431E-01 4.172E-02 2.000E+05 1.105E+09 5.811E+04 6.633E+05
 5.39205003E+01   5110.8 1.705E+06 9.267E+12 1.876E-01 4.324E-02 2.000E+05 1.257E+09 6.095E+04 6.759E+05
 5.75935267E+01   5210.1 1.821E+06 1.272E+13 2.453E-01 4.431E-02 2.000E+05 1.385E+09 6.325E+04 6.887E+05
 6.13455001E+01   5312.4 1.940E+06 1.747E+13 3.199E-01 4.533E-02 2.000E+05 1.491E+09 6.489E+04 7.018E+05
 6.51884629E+01   5417.6 2.061E+06 2.395E+13 4.157E-01 4.665E-02 2.000E+05 1.571E+09 6.661E+04 7.150E+05
 6.91344549E+01   5526.7 2.186E+06 3.285E+13 5.393E-01 4.828E-02 2.000E+05 1.631E+09 6.712E+04 7.285E+05
 7.32033554E+01   5638.2 2.315E+06 4.486E+13 6.954E-01 5.056E-02 2.000E+05 1.677E+09 6.852E+04 7.418E+05
 7.74105078E+01   5755.1 2.448E+06 6.143E+13 8.968E-01 5.303E-02 2.000E+05 1.706E+09 6.836E+04 7.552E+05
 8.17783830E+01   5873.2 2.586E+06 8.345E+13 1.148E+00 5.597E-02 2.000E+05 1.735E+09 6.926E+04 7.683E+05
 8.63222130E+01   5998.4 2.730E+06 1.139E+14 1.473E+00 5.916E-02 2.000E+05 1.755E+09 6.926E+04 7.815E+05
 9.10692055E+01   6124.4 2.880E+06 1.541E+14 1.872E+00 6.179E-02 2.000E+05 1.768E+09 6.921E+04 7.941E+05
 9.60415219E+01   6257.7 3.037E+06 2.092E+14 2.386E+00 6.525E-02 2.000E+05 1.788E+09 6.947E+04 8.067E+05
 1.01264478E+02   6392.5 3.202E+06 2.818E+14 3.018E+00 6.801E-02 2.000E+05 1.796E+09 6.925E+04 8.187E+05
 1.06765141E+02   6534.5 3.376E+06 3.805E+14 3.823E+00 7.115E-02 2.000E+05 1.802E+09 6.869E+04 8.306E+05
 1.12560652E+02   6677.5 3.560E+06 5.089E+14 4.808E+00 8.029E-02 2.000E+05 1.816E+09 6.894E+04 8.419E+05
PRADK 5.3691E-01
BEGIN                    ITERATION  15 COMPLETED
