TEFF   8250.  GRAVITY 4.00000 LTE 
TITLE  [-2.5a] N(He)/Ntot=0.0784 VTURB=2  L/H=1.25 NOVER                        
 OPACITY IFOP 1 1 1 1 1 1 1 1 1 1 1 1 1 0 1 0 0 0 0 0
 CONVECTION ON   1.25 TURBULENCE OFF  0.00  0.00  0.00  0.00
ABUNDANCE SCALE   0.00316 ABUNDANCE CHANGE 1 0.92156 2 0.07844
 ABUNDANCE CHANGE  3 -10.94  4 -10.64  5  -9.49  6  -3.52  7  -4.12  8  -2.81
 ABUNDANCE CHANGE  9  -7.48 10  -3.56 11  -5.71 12  -4.06 13  -5.57 14  -4.09
 ABUNDANCE CHANGE 15  -6.59 16  -4.31 17  -6.54 18  -5.24 19  -6.92 20  -5.28
 ABUNDANCE CHANGE 21  -8.87 22  -6.62 23  -8.04 24  -6.37 25  -6.65 26  -4.54
 ABUNDANCE CHANGE 27  -7.12 28  -5.79 29  -7.83 30  -7.44 31  -9.16 32  -8.63
 ABUNDANCE CHANGE 33  -9.67 34  -8.63 35  -9.41 36  -8.73 37  -9.44 38  -9.07
 ABUNDANCE CHANGE 39  -9.80 40  -9.44 41 -10.62 42 -10.12 43 -20.00 44 -10.20
 ABUNDANCE CHANGE 45 -10.92 46 -10.35 47 -11.10 48 -10.27 49 -10.38 50 -10.04
 ABUNDANCE CHANGE 51 -11.04 52  -9.80 53 -10.53 54  -9.87 55 -10.91 56  -9.91
 ABUNDANCE CHANGE 57 -10.87 58 -10.46 59 -11.33 60 -10.54 61 -20.00 62 -11.03
 ABUNDANCE CHANGE 63 -11.53 64 -10.92 65 -11.69 66 -10.90 67 -11.78 68 -11.11
 ABUNDANCE CHANGE 69 -12.04 70 -10.96 71 -11.98 72 -11.16 73 -12.17 74 -10.93
 ABUNDANCE CHANGE 75 -11.76 76 -10.59 77 -10.69 78 -10.24 79 -11.03 80 -10.91
 ABUNDANCE CHANGE 81 -11.14 82 -10.09 83 -11.33 84 -20.00 85 -20.00 86 -20.00
 ABUNDANCE CHANGE 87 -20.00 88 -20.00 89 -20.00 90 -11.95 91 -20.00 92 -12.54
 ABUNDANCE CHANGE 93 -20.00 94 -20.00 95 -20.00 96 -20.00 97 -20.00 98 -20.00
 ABUNDANCE CHANGE 99 -20.00
READ DECK6 72 RHOX,T,P,XNE,ABROSS,ACCRAD,VTURB, FLXCNV,VCONV,VELSND
 1.29650745E-06   5818.6 1.310E-02 3.738E+09 1.015E-01 1.045E+00 2.000E+05 0.000E+00 0.000E+00 6.797E+06
 1.75744300E-06   5818.6 1.777E-02 4.553E+09 8.927E-02 9.427E-01 2.000E+05 0.000E+00 0.000E+00 5.817E+06
 2.45922640E-06   5818.6 2.488E-02 5.625E+09 7.717E-02 8.428E-01 2.000E+05 0.000E+00 0.000E+00 4.921E+06
 3.55568499E-06   5818.6 3.595E-02 7.034E+09 6.574E-02 7.482E-01 2.000E+05 0.000E+00 0.000E+00 4.120E+06
 5.30339002E-06   5818.7 5.352E-02 8.893E+09 5.522E-02 6.612E-01 2.000E+05 0.000E+00 0.000E+00 3.424E+06
 8.09399011E-06   5820.0 8.152E-02 1.135E+10 4.609E-02 5.867E-01 2.000E+05 0.000E+00 0.000E+00 2.841E+06
 1.25454996E-05   5825.8 1.262E-01 1.467E+10 3.869E-02 5.275E-01 2.000E+05 0.000E+00 0.000E+00 2.366E+06
 1.95743030E-05   5837.0 1.966E-01 1.916E+10 3.292E-02 4.826E-01 2.000E+05 0.000E+00 0.000E+00 1.985E+06
 3.05511170E-05   5849.9 3.065E-01 2.505E+10 2.826E-02 4.478E-01 2.000E+05 0.000E+00 0.000E+00 1.686E+06
 4.72642432E-05   5873.1 4.737E-01 3.324E+10 2.514E-02 4.273E-01 2.000E+05 0.000E+00 0.000E+00 1.452E+06
 7.26215510E-05   5883.4 7.275E-01 4.264E+10 2.185E-02 4.039E-01 2.000E+05 0.000E+00 0.000E+00 1.275E+06
 1.11367425E-04   5894.5 1.115E+00 5.466E+10 1.922E-02 3.865E-01 2.000E+05 0.000E+00 0.000E+00 1.137E+06
 1.69496214E-04   5908.0 1.697E+00 7.004E+10 1.726E-02 3.751E-01 2.000E+05 0.000E+00 0.000E+00 1.030E+06
 2.54785231E-04   5923.7 2.549E+00 8.951E+10 1.588E-02 3.688E-01 2.000E+05 0.000E+00 0.000E+00 9.503E+05
 3.76436294E-04   5943.2 3.766E+00 1.142E+11 1.507E-02 3.680E-01 2.000E+05 0.000E+00 0.000E+00 8.904E+05
 5.44736649E-04   5965.5 5.449E+00 1.450E+11 1.473E-02 3.717E-01 2.000E+05 0.000E+00 0.000E+00 8.464E+05
 7.70701581E-04   5991.0 7.709E+00 1.831E+11 1.484E-02 3.797E-01 2.000E+05 0.000E+00 0.000E+00 8.143E+05
 1.06576753E-03   6019.0 1.066E+01 2.296E+11 1.535E-02 3.916E-01 2.000E+05 0.000E+00 0.000E+00 7.912E+05
 1.44149568E-03   6049.8 1.442E+01 2.862E+11 1.625E-02 4.076E-01 2.000E+05 0.000E+00 0.000E+00 7.747E+05
 1.91045948E-03   6081.9 1.911E+01 3.539E+11 1.750E-02 4.269E-01 2.000E+05 0.000E+00 0.000E+00 7.630E+05
 2.48606803E-03   6116.2 2.486E+01 4.351E+11 1.915E-02 4.502E-01 2.000E+05 0.000E+00 0.000E+00 7.547E+05
 3.18399969E-03   6151.1 3.184E+01 5.309E+11 2.116E-02 4.765E-01 2.000E+05 0.000E+00 0.000E+00 7.490E+05
 4.02156991E-03   6187.9 4.022E+01 6.453E+11 2.363E-02 5.068E-01 2.000E+05 0.000E+00 0.000E+00 7.452E+05
 5.01948351E-03   6224.4 5.019E+01 7.784E+11 2.648E-02 5.395E-01 2.000E+05 0.000E+00 0.000E+00 7.428E+05
 6.20498043E-03   6260.6 6.205E+01 9.328E+11 2.976E-02 5.749E-01 2.000E+05 0.000E+00 0.000E+00 7.414E+05
 7.61261739E-03   6294.9 7.612E+01 1.109E+12 3.339E-02 6.116E-01 2.000E+05 0.000E+00 0.000E+00 7.409E+05
 9.28819175E-03   6326.9 9.288E+01 1.307E+12 3.734E-02 6.496E-01 2.000E+05 0.000E+00 0.000E+00 7.410E+05
 1.12919893E-02   6355.4 1.129E+02 1.526E+12 4.152E-02 6.881E-01 2.000E+05 0.000E+00 0.000E+00 7.416E+05
 1.37013769E-02   6380.7 1.370E+02 1.769E+12 4.593E-02 7.282E-01 2.000E+05 0.000E+00 0.000E+00 7.426E+05
 1.66134719E-02   6402.6 1.661E+02 2.035E+12 5.056E-02 7.698E-01 2.000E+05 0.000E+00 0.000E+00 7.440E+05
 2.01463293E-02   6422.3 2.015E+02 2.331E+12 5.553E-02 8.148E-01 2.000E+05 0.000E+00 0.000E+00 7.457E+05
 2.44364065E-02   6441.2 2.443E+02 2.665E+12 6.100E-02 8.645E-01 2.000E+05 0.000E+00 0.000E+00 7.477E+05
 2.96389773E-02   6460.3 2.964E+02 3.047E+12 6.716E-02 9.204E-01 2.000E+05 0.000E+00 0.000E+00 7.500E+05
 3.59268801E-02   6480.6 3.592E+02 3.490E+12 7.425E-02 9.842E-01 2.000E+05 0.000E+00 0.000E+00 7.524E+05
 4.34960965E-02   6502.3 4.349E+02 4.005E+12 8.240E-02 1.057E+00 2.000E+05 0.000E+00 0.000E+00 7.550E+05
 5.25767069E-02   6525.2 5.257E+02 4.600E+12 9.172E-02 1.139E+00 2.000E+05 0.000E+00 0.000E+00 7.577E+05
 6.34391100E-02   6549.3 6.343E+02 5.291E+12 1.024E-01 1.231E+00 2.000E+05 0.000E+00 0.000E+00 7.605E+05
 7.64014879E-02   6574.6 7.639E+02 6.089E+12 1.145E-01 1.337E+00 2.000E+05 0.000E+00 0.000E+00 7.634E+05
 9.18418002E-02   6600.8 9.183E+02 7.013E+12 1.283E-01 1.457E+00 2.000E+05 0.000E+00 0.000E+00 7.664E+05
 1.10180860E-01   6629.3 1.102E+03 8.097E+12 1.444E-01 1.597E+00 2.000E+05 0.000E+00 0.000E+00 7.694E+05
 1.31885854E-01   6660.0 1.319E+03 9.371E+12 1.629E-01 1.762E+00 2.000E+05 0.000E+00 0.000E+00 7.724E+05
 1.57466870E-01   6693.7 1.574E+03 1.089E+13 1.848E-01 1.958E+00 2.000E+05 0.000E+00 0.000E+00 7.754E+05
 1.87446142E-01   6732.1 1.874E+03 1.272E+13 2.111E-01 2.198E+00 2.000E+05 0.000E+00 0.000E+00 7.785E+05
 2.22281943E-01   6776.9 2.222E+03 1.500E+13 2.434E-01 2.498E+00 2.000E+05 0.000E+00 0.000E+00 7.814E+05
 2.62320722E-01   6829.8 2.623E+03 1.786E+13 2.842E-01 2.880E+00 2.000E+05 0.000E+00 0.000E+00 7.843E+05
 3.07720057E-01   6893.1 3.077E+03 2.156E+13 3.368E-01 3.378E+00 2.000E+05 0.000E+00 0.000E+00 7.872E+05
 3.58323995E-01   6969.8 3.582E+03 2.645E+13 4.068E-01 4.048E+00 2.000E+05 0.000E+00 0.000E+00 7.899E+05
 4.13605496E-01   7061.8 4.135E+03 3.302E+13 5.020E-01 4.965E+00 2.000E+05 0.000E+00 0.000E+00 7.926E+05
 4.72544257E-01   7174.0 4.724E+03 4.216E+13 6.367E-01 6.270E+00 2.000E+05 0.000E+00 0.000E+00 7.953E+05
 5.33595411E-01   7308.7 5.334E+03 5.504E+13 8.324E-01 8.175E+00 2.000E+05 4.621E-02 0.000E+00 7.983E+05
 5.94779364E-01   7470.8 5.945E+03 7.368E+13 1.128E+00 1.107E+01 2.000E+05 2.082E+00 2.270E+02 8.017E+05
 6.53720079E-01   7666.0 6.534E+03 1.014E+14 1.596E+00 1.566E+01 2.000E+05 4.515E+01 7.552E+02 8.063E+05
 7.07971937E-01   7899.7 7.076E+03 1.433E+14 2.370E+00 2.321E+01 2.000E+05 1.278E+03 1.967E+03 8.129E+05
 7.55437072E-01   8177.6 7.549E+03 2.076E+14 3.708E+00 3.623E+01 2.000E+05 5.415E+04 5.747E+03 8.229E+05
 7.94795995E-01   8506.4 7.941E+03 3.073E+14 6.115E+00 5.933E+01 2.000E+05 2.699E+06 1.928E+04 8.383E+05
 8.25993568E-01   8886.7 8.250E+03 4.587E+14 1.049E+01 1.010E+02 2.000E+05 1.832E+07 6.864E+04 8.612E+05
 8.49534989E-01   9350.5 8.482E+03 6.973E+14 1.895E+01 1.802E+02 2.000E+05 2.478E+08 1.155E+05 8.975E+05
 8.66875405E-01   9879.1 8.652E+03 1.033E+15 3.339E+01 2.940E+02 2.000E+05 1.520E+09 2.974E+05 9.510E+05
 8.81172854E-01  10349.4 8.790E+03 1.365E+15 4.958E+01 3.588E+02 2.000E+05 4.147E+09 5.175E+05 1.010E+06
 8.95071963E-01  10749.5 8.924E+03 1.647E+15 6.392E+01 3.717E+02 2.000E+05 6.740E+09 6.348E+05 1.066E+06
 9.10061194E-01  11139.6 9.068E+03 1.896E+15 7.611E+01 3.870E+02 2.000E+05 8.161E+09 6.949E+05 1.125E+06
 9.27554794E-01  11578.9 9.236E+03 2.123E+15 8.344E+01 4.540E+02 2.000E+05 7.276E+09 7.419E+05 1.193E+06
 9.50024532E-01  12255.7 9.449E+03 2.334E+15 8.184E+01 5.811E+02 2.000E+05 3.822E+09 5.830E+05 1.291E+06
 9.84460107E-01  13241.9 9.774E+03 2.430E+15 6.342E+01 5.403E+02 2.000E+05 8.424E+08 1.881E+05 1.421E+06
 1.04827307E+00  14367.4 1.038E+04 2.459E+15 4.318E+01 3.821E+02 2.000E+05 1.724E+07 2.925E+04 1.562E+06
 1.17169235E+00  15531.2 1.158E+04 2.570E+15 3.069E+01 2.693E+02 2.000E+05 4.311E+04 7.342E+03 1.652E+06
 1.39176422E+00  16763.1 1.373E+04 2.854E+15 2.421E+01 2.117E+02 2.000E+05 1.037E+03 4.474E+03 1.691E+06
 1.74364046E+00  18063.5 1.718E+04 3.357E+15 2.120E+01 1.848E+02 2.000E+05 3.404E+02 3.290E+03 1.759E+06
 2.26210568E+00  19457.4 2.227E+04 4.084E+15 1.970E+01 1.715E+02 2.000E+05 8.958E+01 1.175E+03 1.875E+06
 2.99248784E+00  20938.0 2.945E+04 5.049E+15 1.893E+01 1.646E+02 2.000E+05 3.804E+00 0.000E+00 2.020E+06
 3.99302768E+00  22528.8 3.929E+04 6.279E+15 1.864E+01 1.617E+02 2.000E+05 0.000E+00 0.000E+00 2.162E+06
 5.32836950E+00  24225.7 5.243E+04 7.802E+15 1.882E+01 1.574E+02 2.000E+05 0.000E+00 0.000E+00 2.283E+06
PRADK 6.2125E+00
BEGIN                    ITERATION  15 COMPLETED
