TEFF   6500.  GRAVITY 1.00000 LTE 
TITLE  [-2.5a] N(He)/Ntot=0.0784 VTURB=2  L/H=1.25 NOVER                        
 OPACITY IFOP 1 1 1 1 1 1 1 1 1 1 1 1 1 0 1 0 0 0 0 0
 CONVECTION ON   1.25 TURBULENCE OFF  0.00  0.00  0.00  0.00
ABUNDANCE SCALE   0.00316 ABUNDANCE CHANGE 1 0.92156 2 0.07844
 ABUNDANCE CHANGE  3 -10.94  4 -10.64  5  -9.49  6  -3.52  7  -4.12  8  -2.81
 ABUNDANCE CHANGE  9  -7.48 10  -3.56 11  -5.71 12  -4.06 13  -5.57 14  -4.09
 ABUNDANCE CHANGE 15  -6.59 16  -4.31 17  -6.54 18  -5.24 19  -6.92 20  -5.28
 ABUNDANCE CHANGE 21  -8.87 22  -6.62 23  -8.04 24  -6.37 25  -6.65 26  -4.54
 ABUNDANCE CHANGE 27  -7.12 28  -5.79 29  -7.83 30  -7.44 31  -9.16 32  -8.63
 ABUNDANCE CHANGE 33  -9.67 34  -8.63 35  -9.41 36  -8.73 37  -9.44 38  -9.07
 ABUNDANCE CHANGE 39  -9.80 40  -9.44 41 -10.62 42 -10.12 43 -20.00 44 -10.20
 ABUNDANCE CHANGE 45 -10.92 46 -10.35 47 -11.10 48 -10.27 49 -10.38 50 -10.04
 ABUNDANCE CHANGE 51 -11.04 52  -9.80 53 -10.53 54  -9.87 55 -10.91 56  -9.91
 ABUNDANCE CHANGE 57 -10.87 58 -10.46 59 -11.33 60 -10.54 61 -20.00 62 -11.03
 ABUNDANCE CHANGE 63 -11.53 64 -10.92 65 -11.69 66 -10.90 67 -11.78 68 -11.11
 ABUNDANCE CHANGE 69 -12.04 70 -10.96 71 -11.98 72 -11.16 73 -12.17 74 -10.93
 ABUNDANCE CHANGE 75 -11.76 76 -10.59 77 -10.69 78 -10.24 79 -11.03 80 -10.91
 ABUNDANCE CHANGE 81 -11.14 82 -10.09 83 -11.33 84 -20.00 85 -20.00 86 -20.00
 ABUNDANCE CHANGE 87 -20.00 88 -20.00 89 -20.00 90 -11.95 91 -20.00 92 -12.54
 ABUNDANCE CHANGE 93 -20.00 94 -20.00 95 -20.00 96 -20.00 97 -20.00 98 -20.00
 ABUNDANCE CHANGE 99 -20.00
READ DECK6 72 RHOX,T,P,XNE,ABROSS,ACCRAD,VTURB, FLXCNV,VCONV,VELSND
 5.39794252E-05   4244.3 5.391E-04 6.302E+06 2.470E-03 1.288E-02 2.000E+05 0.000E+00 0.000E+00 2.950E+07
 7.31094447E-05   4247.6 7.302E-04 7.450E+06 2.179E-03 1.193E-02 2.000E+05 0.000E+00 0.000E+00 2.650E+07
 1.02254255E-04   4250.2 1.021E-03 8.922E+06 1.891E-03 1.100E-02 2.000E+05 0.000E+00 0.000E+00 2.355E+07
 1.47074752E-04   4255.3 1.469E-03 1.095E+07 1.639E-03 1.019E-02 2.000E+05 0.000E+00 2.287E+07 2.063E+07
 2.16611601E-04   4261.5 2.164E-03 1.367E+07 1.414E-03 9.463E-03 2.000E+05 0.000E+00 1.727E+07 1.787E+07
 3.23689183E-04   4270.6 3.233E-03 1.741E+07 1.230E-03 8.868E-03 2.000E+05 0.000E+00 1.323E+07 1.532E+07
 4.87173971E-04   4282.3 4.867E-03 2.249E+07 1.079E-03 8.376E-03 2.000E+05 0.000E+00 9.792E+06 1.304E+07
 7.33702551E-04   4297.5 7.330E-03 2.949E+07 9.614E-04 7.982E-03 2.000E+05 0.000E+00 7.205E+06 1.104E+07
 1.09936227E-03   4316.2 1.098E-02 3.914E+07 8.716E-04 7.665E-03 2.000E+05 0.000E+00 5.221E+06 9.316E+06
 1.63201033E-03   4338.2 1.631E-02 5.242E+07 8.050E-04 7.405E-03 2.000E+05 0.000E+00 3.731E+06 7.863E+06
 2.39418746E-03   4363.4 2.392E-02 7.061E+07 7.564E-04 7.186E-03 2.000E+05 0.000E+00 2.638E+06 6.649E+06
 3.46583002E-03   4391.5 3.463E-02 9.555E+07 7.231E-04 7.020E-03 2.000E+05 0.000E+00 1.827E+06 5.640E+06
 4.95109645E-03   4421.3 4.947E-02 1.291E+08 6.994E-04 6.876E-03 2.000E+05 0.000E+00 1.215E+06 4.806E+06
 6.98991012E-03   4451.9 6.985E-02 1.738E+08 6.818E-04 6.747E-03 2.000E+05 0.000E+00 7.635E+05 4.116E+06
 9.77135556E-03   4482.8 9.764E-02 2.326E+08 6.679E-04 6.633E-03 2.000E+05 0.000E+00 1.151E+05 3.543E+06
 1.35509992E-02   4513.7 1.354E-01 3.095E+08 6.564E-04 6.535E-03 2.000E+05 0.000E+00 4.298E+04 3.065E+06
 1.86706975E-02   4544.5 1.866E-01 4.098E+08 6.472E-04 6.453E-03 2.000E+05 0.000E+00 9.621E+03 2.664E+06
 2.55865100E-02   4575.3 2.557E-01 5.400E+08 6.397E-04 6.378E-03 2.000E+05 0.000E+00 0.000E+00 2.326E+06
 3.48945808E-02   4606.5 3.487E-01 7.102E+08 6.352E-04 6.269E-03 2.000E+05 0.000E+00 0.000E+00 2.042E+06
 4.73674460E-02   4637.9 4.734E-01 9.309E+08 6.335E-04 6.175E-03 2.000E+05 0.000E+00 0.000E+00 1.803E+06
 6.40083546E-02   4669.4 6.397E-01 1.216E+09 6.346E-04 6.101E-03 2.000E+05 0.000E+00 0.000E+00 1.603E+06
 8.60945256E-02   4701.1 8.604E-01 1.583E+09 6.395E-04 6.049E-03 2.000E+05 0.000E+00 0.000E+00 1.436E+06
 1.15201474E-01   4733.5 1.151E+00 2.058E+09 6.498E-04 6.025E-03 2.000E+05 0.000E+00 0.000E+00 1.298E+06
 1.53189339E-01   4767.1 1.531E+00 2.673E+09 6.675E-04 6.030E-03 2.000E+05 0.000E+00 0.000E+00 1.184E+06
 2.02221213E-01   4801.7 2.021E+00 3.466E+09 6.932E-04 6.076E-03 2.000E+05 0.000E+00 0.000E+00 1.091E+06
 2.64830806E-01   4836.9 2.647E+00 4.479E+09 7.278E-04 6.170E-03 2.000E+05 0.000E+00 0.000E+00 1.016E+06
 3.43789579E-01   4873.7 3.436E+00 5.784E+09 7.749E-04 6.303E-03 2.000E+05 0.000E+00 0.000E+00 9.566E+05
 4.41992566E-01   4912.1 4.417E+00 7.457E+09 8.360E-04 6.479E-03 2.000E+05 0.000E+00 0.000E+00 9.092E+05
 5.62691001E-01   4951.2 5.623E+00 9.572E+09 9.116E-04 6.694E-03 2.000E+05 0.000E+00 0.000E+00 8.718E+05
 7.09556267E-01   4990.9 7.091E+00 1.223E+10 1.004E-03 6.950E-03 2.000E+05 0.000E+00 0.000E+00 8.425E+05
 8.86800119E-01   5030.5 8.862E+00 1.550E+10 1.112E-03 7.247E-03 2.000E+05 0.000E+00 0.000E+00 8.196E+05
 1.09969914E+00   5068.8 1.099E+01 1.947E+10 1.236E-03 7.580E-03 2.000E+05 0.000E+00 0.000E+00 8.018E+05
 1.35497732E+00   5105.1 1.354E+01 2.419E+10 1.375E-03 7.948E-03 2.000E+05 0.000E+00 0.000E+00 7.880E+05
 1.66136948E+00   5138.6 1.660E+01 2.967E+10 1.526E-03 8.346E-03 2.000E+05 0.000E+00 0.000E+00 7.774E+05
 2.03038079E+00   5168.5 2.029E+01 3.591E+10 1.686E-03 8.776E-03 2.000E+05 0.000E+00 0.000E+00 7.692E+05
 2.47675327E+00   5194.9 2.475E+01 4.291E+10 1.855E-03 9.246E-03 2.000E+05 0.000E+00 0.000E+00 7.631E+05
 3.01810840E+00   5218.8 3.016E+01 5.085E+10 2.039E-03 9.777E-03 2.000E+05 0.000E+00 0.000E+00 7.585E+05
 3.67496103E+00   5241.0 3.672E+01 5.988E+10 2.242E-03 1.039E-02 2.000E+05 0.000E+00 0.000E+00 7.551E+05
 4.46999602E+00   5263.0 4.466E+01 7.041E+10 2.475E-03 1.110E-02 2.000E+05 0.000E+00 0.000E+00 7.527E+05
 5.42839626E+00   5285.1 5.423E+01 8.270E+10 2.744E-03 1.194E-02 2.000E+05 0.000E+00 0.000E+00 7.512E+05
 6.57722366E+00   5308.6 6.571E+01 9.734E+10 3.063E-03 1.295E-02 2.000E+05 0.000E+00 0.000E+00 7.503E+05
 7.94450107E+00   5333.9 7.936E+01 1.150E+11 3.444E-03 1.417E-02 2.000E+05 0.000E+00 0.000E+00 7.500E+05
 9.55859251E+00   5362.4 9.548E+01 1.366E+11 3.909E-03 1.568E-02 2.000E+05 0.000E+00 0.000E+00 7.501E+05
 1.14445680E+01   5395.1 1.143E+02 1.636E+11 4.486E-03 1.757E-02 2.000E+05 0.000E+00 0.000E+00 7.505E+05
 1.36214164E+01   5433.4 1.360E+02 1.983E+11 5.218E-03 1.998E-02 2.000E+05 0.000E+00 0.000E+00 7.513E+05
 1.60976986E+01   5479.0 1.607E+02 2.437E+11 6.165E-03 2.313E-02 2.000E+05 0.000E+00 0.000E+00 7.522E+05
 1.88667438E+01   5533.5 1.884E+02 3.047E+11 7.421E-03 2.731E-02 2.000E+05 0.000E+00 0.000E+00 7.533E+05
 2.19013482E+01   5599.2 2.186E+02 3.891E+11 9.131E-03 3.303E-02 2.000E+05 0.000E+00 0.000E+00 7.544E+05
 2.51494190E+01   5678.5 2.510E+02 5.092E+11 1.152E-02 4.107E-02 2.000E+05 0.000E+00 0.000E+00 7.553E+05
 2.85317147E+01   5774.0 2.846E+02 6.851E+11 1.498E-02 5.274E-02 2.000E+05 0.000E+00 0.000E+00 7.560E+05
 3.19418016E+01   5889.3 3.185E+02 9.513E+11 2.017E-02 7.035E-02 2.000E+05 3.689E-09 0.000E+00 7.562E+05
 3.52538638E+01   6027.8 3.514E+02 1.366E+12 2.827E-02 9.806E-02 2.000E+05 2.907E-05 2.629E+00 7.557E+05
 3.83339954E+01   6194.3 3.818E+02 2.035E+12 4.153E-02 1.441E-01 2.000E+05 1.925E-03 4.979E+01 7.547E+05
 4.10500471E+01   6395.2 4.085E+02 3.159E+12 6.474E-02 2.261E-01 2.000E+05 1.306E-01 1.889E+02 7.537E+05
 4.32910371E+01   6638.3 4.302E+02 5.120E+12 1.085E-01 3.843E-01 2.000E+05 1.377E+01 7.256E+02 7.543E+05
 4.49966168E+01   6930.5 4.464E+02 8.632E+12 1.982E-01 7.140E-01 2.000E+05 2.672E+03 3.221E+03 7.590E+05
 4.61819471E+01   7277.4 4.570E+02 1.497E+13 3.966E-01 1.456E+00 2.000E+05 4.368E+05 1.754E+04 7.711E+05
 4.69280024E+01   7690.6 4.628E+02 2.649E+13 8.760E-01 3.284E+00 2.000E+05 4.950E+06 9.117E+04 7.955E+05
 4.73582419E+01   8177.2 4.650E+02 4.647E+13 2.067E+00 7.512E+00 2.000E+05 2.695E+08 1.892E+05 8.391E+05
 4.76118138E+01   8670.1 4.649E+02 7.282E+13 4.332E+00 1.291E+01 2.000E+05 1.352E+09 7.731E+05 9.019E+05
 4.78047069E+01   9027.0 4.642E+02 9.327E+13 6.603E+00 1.359E+01 2.000E+05 3.026E+09 1.179E+06 9.596E+05
 4.79894610E+01   9315.4 4.636E+02 1.086E+14 8.577E+00 1.301E+01 2.000E+05 4.245E+09 1.356E+06 1.012E+06
 4.81882896E+01   9597.9 4.630E+02 1.210E+14 1.020E+01 1.314E+01 2.000E+05 4.844E+09 1.455E+06 1.066E+06
 4.84186581E+01   9919.3 4.619E+02 1.311E+14 1.136E+01 1.711E+01 2.000E+05 4.430E+09 1.611E+06 1.128E+06
 4.87124150E+01  10511.5 4.585E+02 1.385E+14 1.108E+01 2.605E+01 2.000E+05 2.443E+09 1.367E+06 1.234E+06
 4.91867458E+01  11494.6 4.512E+02 1.333E+14 7.677E+00 2.420E+01 2.000E+05 5.532E+08 2.817E+05 1.415E+06
 5.01953064E+01  12621.1 4.415E+02 1.208E+14 4.478E+00 1.514E+01 2.000E+05 2.334E+06 6.035E+04 1.608E+06
 5.24582340E+01  13784.7 4.373E+02 1.105E+14 2.772E+00 9.373E+00 2.000E+05 1.637E+04 2.306E+04 1.676E+06
 5.70112878E+01  14966.7 4.473E+02 1.057E+14 1.979E+00 6.645E+00 2.000E+05 1.159E+03 1.315E+04 1.762E+06
 6.51256444E+01  16214.5 4.813E+02 1.065E+14 1.547E+00 5.188E+00 2.000E+05 1.793E+02 5.424E+03 1.970E+06
 7.85096569E+01  17521.1 5.523E+02 1.137E+14 1.291E+00 4.314E+00 2.000E+05 1.160E+01 2.278E+03 2.178E+06
 9.90209147E+01  18902.7 6.738E+02 1.288E+14 1.148E+00 3.840E+00 2.000E+05 1.168E+01 2.295E+03 2.326E+06
PRADK 2.3921E+00
BEGIN                    ITERATION  15 COMPLETED
