TEFF   7000.  GRAVITY 1.50000 LTE 
TITLE  [-2.5a] N(He)/Ntot=0.0784 VTURB=2  L/H=1.25 NOVER                        
 OPACITY IFOP 1 1 1 1 1 1 1 1 1 1 1 1 1 0 1 0 0 0 0 0
 CONVECTION ON   1.25 TURBULENCE OFF  0.00  0.00  0.00  0.00
ABUNDANCE SCALE   0.00316 ABUNDANCE CHANGE 1 0.92156 2 0.07844
 ABUNDANCE CHANGE  3 -10.94  4 -10.64  5  -9.49  6  -3.52  7  -4.12  8  -2.81
 ABUNDANCE CHANGE  9  -7.48 10  -3.56 11  -5.71 12  -4.06 13  -5.57 14  -4.09
 ABUNDANCE CHANGE 15  -6.59 16  -4.31 17  -6.54 18  -5.24 19  -6.92 20  -5.28
 ABUNDANCE CHANGE 21  -8.87 22  -6.62 23  -8.04 24  -6.37 25  -6.65 26  -4.54
 ABUNDANCE CHANGE 27  -7.12 28  -5.79 29  -7.83 30  -7.44 31  -9.16 32  -8.63
 ABUNDANCE CHANGE 33  -9.67 34  -8.63 35  -9.41 36  -8.73 37  -9.44 38  -9.07
 ABUNDANCE CHANGE 39  -9.80 40  -9.44 41 -10.62 42 -10.12 43 -20.00 44 -10.20
 ABUNDANCE CHANGE 45 -10.92 46 -10.35 47 -11.10 48 -10.27 49 -10.38 50 -10.04
 ABUNDANCE CHANGE 51 -11.04 52  -9.80 53 -10.53 54  -9.87 55 -10.91 56  -9.91
 ABUNDANCE CHANGE 57 -10.87 58 -10.46 59 -11.33 60 -10.54 61 -20.00 62 -11.03
 ABUNDANCE CHANGE 63 -11.53 64 -10.92 65 -11.69 66 -10.90 67 -11.78 68 -11.11
 ABUNDANCE CHANGE 69 -12.04 70 -10.96 71 -11.98 72 -11.16 73 -12.17 74 -10.93
 ABUNDANCE CHANGE 75 -11.76 76 -10.59 77 -10.69 78 -10.24 79 -11.03 80 -10.91
 ABUNDANCE CHANGE 81 -11.14 82 -10.09 83 -11.33 84 -20.00 85 -20.00 86 -20.00
 ABUNDANCE CHANGE 87 -20.00 88 -20.00 89 -20.00 90 -11.95 91 -20.00 92 -12.54
 ABUNDANCE CHANGE 93 -20.00 94 -20.00 95 -20.00 96 -20.00 97 -20.00 98 -20.00
 ABUNDANCE CHANGE 99 -20.00
READ DECK6 72 RHOX,T,P,XNE,ABROSS,ACCRAD,VTURB, FLXCNV,VCONV,VELSND
 8.69467005E-06   4604.6 2.754E-04 1.891E+07 1.525E-02 8.077E-02 2.000E+05 0.000E+00 0.000E+00 3.015E+07
 1.18178179E-05   4604.6 3.742E-04 2.219E+07 1.315E-02 7.133E-02 2.000E+05 0.000E+00 0.000E+00 2.687E+07
 1.66888764E-05   4604.6 5.283E-04 2.654E+07 1.113E-02 6.230E-02 2.000E+05 0.000E+00 0.000E+00 2.365E+07
 2.44148917E-05   4605.6 7.725E-04 3.241E+07 9.312E-03 5.414E-02 2.000E+05 0.000E+00 3.289E+07 2.058E+07
 3.69038824E-05   4607.6 1.167E-03 4.034E+07 7.703E-03 4.696E-02 2.000E+05 0.000E+00 2.772E+07 1.773E+07
 5.70979241E-05   4611.0 1.806E-03 5.103E+07 6.343E-03 4.091E-02 2.000E+05 0.000E+00 2.155E+07 1.517E+07
 8.98157490E-05   4616.1 2.840E-03 6.548E+07 5.224E-03 3.596E-02 2.000E+05 0.000E+00 1.596E+07 1.291E+07
 1.42656765E-04   4623.5 4.510E-03 8.511E+07 4.327E-03 3.202E-02 2.000E+05 0.000E+00 1.146E+07 1.095E+07
 2.27301460E-04   4633.7 7.185E-03 1.118E+08 3.621E-03 2.894E-02 2.000E+05 0.000E+00 7.994E+06 9.250E+06
 3.61246067E-04   4646.8 1.142E-02 1.482E+08 3.074E-03 2.653E-02 2.000E+05 0.000E+00 5.517E+06 7.801E+06
 5.69749356E-04   4663.5 1.801E-02 1.983E+08 2.657E-03 2.464E-02 2.000E+05 0.000E+00 3.805E+06 6.572E+06
 8.87768023E-04   4684.3 2.806E-02 2.674E+08 2.349E-03 2.318E-02 2.000E+05 0.000E+00 2.622E+06 5.536E+06
 1.36143530E-03   4709.8 4.303E-02 3.636E+08 2.128E-03 2.206E-02 2.000E+05 0.000E+00 1.787E+06 4.669E+06
 2.04978473E-03   4739.6 6.478E-02 4.967E+08 1.975E-03 2.117E-02 2.000E+05 0.000E+00 1.182E+06 3.951E+06
 3.02770809E-03   4773.0 9.568E-02 6.795E+08 1.872E-03 2.045E-02 2.000E+05 0.000E+00 3.128E+05 3.360E+06
 4.38944169E-03   4809.2 1.387E-01 9.288E+08 1.808E-03 1.992E-02 2.000E+05 0.000E+00 1.097E+05 2.876E+06
 6.25638707E-03   4846.9 1.977E-01 1.262E+09 1.769E-03 1.951E-02 2.000E+05 0.000E+00 4.252E+04 2.479E+06
 8.78903540E-03   4885.1 2.778E-01 1.703E+09 1.746E-03 1.917E-02 2.000E+05 0.000E+00 1.074E+04 2.155E+06
 1.21992632E-02   4923.4 3.855E-01 2.279E+09 1.734E-03 1.890E-02 2.000E+05 0.000E+00 0.000E+00 1.889E+06
 1.67644625E-02   4961.4 5.298E-01 3.027E+09 1.732E-03 1.870E-02 2.000E+05 0.000E+00 0.000E+00 1.670E+06
 2.28433485E-02   4999.1 7.219E-01 3.992E+09 1.739E-03 1.856E-02 2.000E+05 0.000E+00 0.000E+00 1.489E+06
 3.08929867E-02   5036.5 9.763E-01 5.231E+09 1.756E-03 1.849E-02 2.000E+05 0.000E+00 0.000E+00 1.341E+06
 4.14861493E-02   5073.8 1.311E+00 6.813E+09 1.785E-03 1.851E-02 2.000E+05 0.000E+00 0.000E+00 1.218E+06
 5.53333788E-02   5110.7 1.749E+00 8.821E+09 1.828E-03 1.862E-02 2.000E+05 0.000E+00 0.000E+00 1.119E+06
 7.32998142E-02   5147.4 2.317E+00 1.136E+10 1.886E-03 1.884E-02 2.000E+05 0.000E+00 0.000E+00 1.038E+06
 9.63894640E-02   5184.7 3.046E+00 1.457E+10 1.968E-03 1.920E-02 2.000E+05 0.000E+00 0.000E+00 9.724E+05
 1.25716123E-01   5223.0 3.973E+00 1.863E+10 2.079E-03 1.972E-02 2.000E+05 0.000E+00 0.000E+00 9.199E+05
 1.62435685E-01   5263.2 5.134E+00 2.382E+10 2.231E-03 2.042E-02 2.000E+05 0.000E+00 0.000E+00 8.781E+05
 2.07741459E-01   5305.0 6.565E+00 3.038E+10 2.426E-03 2.130E-02 2.000E+05 0.000E+00 0.000E+00 8.452E+05
 2.62924640E-01   5348.0 8.309E+00 3.859E+10 2.671E-03 2.233E-02 2.000E+05 0.000E+00 0.000E+00 8.194E+05
 3.29544933E-01   5390.1 1.041E+01 4.857E+10 2.957E-03 2.349E-02 2.000E+05 0.000E+00 0.000E+00 7.996E+05
 4.09756538E-01   5429.6 1.295E+01 6.035E+10 3.274E-03 2.473E-02 2.000E+05 0.000E+00 0.000E+00 7.845E+05
 5.06539970E-01   5465.2 1.601E+01 7.389E+10 3.611E-03 2.604E-02 2.000E+05 0.000E+00 0.000E+00 7.731E+05
 6.23860648E-01   5496.5 1.971E+01 8.917E+10 3.963E-03 2.742E-02 2.000E+05 0.000E+00 0.000E+00 7.646E+05
 7.66658109E-01   5524.5 2.423E+01 1.064E+11 4.337E-03 2.893E-02 2.000E+05 0.000E+00 0.000E+00 7.583E+05
 9.40652740E-01   5550.3 2.972E+01 1.261E+11 4.748E-03 3.062E-02 2.000E+05 0.000E+00 0.000E+00 7.538E+05
 1.15246204E+00   5574.5 3.641E+01 1.487E+11 5.206E-03 3.253E-02 2.000E+05 0.000E+00 0.000E+00 7.506E+05
 1.40958262E+00   5598.3 4.454E+01 1.749E+11 5.730E-03 3.475E-02 2.000E+05 0.000E+00 0.000E+00 7.485E+05
 1.72047558E+00   5621.9 5.436E+01 2.052E+11 6.332E-03 3.733E-02 2.000E+05 0.000E+00 0.000E+00 7.472E+05
 2.09456363E+00   5646.4 6.617E+01 2.409E+11 7.037E-03 4.038E-02 2.000E+05 0.000E+00 0.000E+00 7.467E+05
 2.54203277E+00   5672.2 8.030E+01 2.832E+11 7.870E-03 4.402E-02 2.000E+05 0.000E+00 0.000E+00 7.467E+05
 3.07347602E+00   5700.6 9.708E+01 3.341E+11 8.871E-03 4.844E-02 2.000E+05 0.000E+00 0.000E+00 7.471E+05
 3.69939394E+00   5732.2 1.168E+02 3.962E+11 1.009E-02 5.388E-02 2.000E+05 0.000E+00 0.000E+00 7.478E+05
 4.42895606E+00   5768.9 1.399E+02 4.739E+11 1.161E-02 6.074E-02 2.000E+05 0.000E+00 0.000E+00 7.487E+05
 5.26886245E+00   5811.5 1.664E+02 5.724E+11 1.354E-02 6.949E-02 2.000E+05 0.000E+00 0.000E+00 7.497E+05
 6.22171111E+00   5862.3 1.964E+02 7.011E+11 1.605E-02 8.099E-02 2.000E+05 0.000E+00 0.000E+00 7.507E+05
 7.28354941E+00   5923.1 2.299E+02 8.729E+11 1.939E-02 9.639E-02 2.000E+05 0.000E+00 0.000E+00 7.516E+05
 8.44259302E+00   5996.2 2.665E+02 1.108E+12 2.396E-02 1.176E-01 2.000E+05 0.000E+00 0.000E+00 7.524E+05
 9.67673854E+00   6084.5 3.053E+02 1.441E+12 3.042E-02 1.480E-01 2.000E+05 0.000E+00 0.000E+00 7.530E+05
 1.09528600E+01   6191.2 3.455E+02 1.923E+12 3.988E-02 1.928E-01 2.000E+05 0.000E+00 0.000E+00 7.533E+05
 1.22263093E+01   6320.8 3.854E+02 2.648E+12 5.438E-02 2.625E-01 2.000E+05 2.329E-05 0.000E+00 7.535E+05
 1.34440978E+01   6477.5 4.236E+02 3.770E+12 7.765E-02 3.761E-01 2.000E+05 1.116E-03 4.271E+01 7.539E+05
 1.45502754E+01   6667.7 4.580E+02 5.571E+12 1.174E-01 5.731E-01 2.000E+05 5.397E-02 1.444E+02 7.552E+05
 1.54928169E+01   6898.7 4.871E+02 8.562E+12 1.903E-01 9.398E-01 2.000E+05 4.243E+00 4.954E+02 7.589E+05
 1.62377778E+01   7175.9 5.098E+02 1.362E+13 3.334E-01 1.667E+00 2.000E+05 5.523E+02 2.008E+03 7.671E+05
 1.67812815E+01   7503.2 5.257E+02 2.216E+13 6.319E-01 3.179E+00 2.000E+05 9.727E+04 9.672E+03 7.826E+05
 1.71503647E+01   7881.8 5.357E+02 3.622E+13 1.274E+00 6.395E+00 2.000E+05 8.288E+05 5.229E+04 8.087E+05
 1.73891694E+01   8316.2 5.410E+02 5.827E+13 2.657E+00 1.320E+01 2.000E+05 2.508E+07 9.716E+04 8.507E+05
 1.75432812E+01   8805.0 5.430E+02 8.899E+13 5.340E+00 2.503E+01 2.000E+05 3.471E+08 3.331E+05 9.153E+05
 1.76547291E+01   9283.8 5.431E+02 1.198E+14 8.854E+00 3.604E+01 2.000E+05 1.205E+09 8.196E+05 9.957E+05
 1.77570719E+01   9719.2 5.423E+02 1.424E+14 1.165E+01 4.335E+01 2.000E+05 1.763E+09 1.098E+06 1.077E+06
 1.78701221E+01  10234.7 5.405E+02 1.575E+14 1.290E+01 5.200E+01 2.000E+05 1.187E+09 9.728E+05 1.173E+06
 1.80250090E+01  10925.7 5.374E+02 1.613E+14 1.126E+01 4.997E+01 2.000E+05 3.127E+08 3.305E+05 1.291E+06
 1.82827351E+01  11701.8 5.343E+02 1.554E+14 8.149E+00 3.709E+01 2.000E+05 7.287E+06 8.407E+04 1.434E+06
 1.87830123E+01  12551.1 5.350E+02 1.469E+14 5.499E+00 2.504E+01 2.000E+05 6.909E+04 1.813E+04 1.578E+06
 1.97665681E+01  13461.0 5.458E+02 1.407E+14 3.779E+00 1.716E+01 2.000E+05 5.512E+02 6.948E+03 1.649E+06
 2.16142262E+01  14447.8 5.774E+02 1.399E+14 2.784E+00 1.263E+01 2.000E+05 4.436E+01 4.387E+03 1.678E+06
 2.48008637E+01  15506.3 6.423E+02 1.471E+14 2.252E+00 1.018E+01 2.000E+05 1.151E+01 2.639E+03 1.768E+06
 2.99035600E+01  16652.8 7.560E+02 1.630E+14 1.923E+00 8.687E+00 2.000E+05 1.974E+00 1.027E+03 1.929E+06
 3.76947676E+01  17881.0 9.389E+02 1.894E+14 1.714E+00 7.737E+00 2.000E+05 9.906E-02 1.982E+02 2.085E+06
 4.90943668E+01  19208.7 1.215E+03 2.284E+14 1.593E+00 7.184E+00 2.000E+05 7.219E-04 0.000E+00 2.202E+06
 6.50935882E+01  20629.3 1.608E+03 2.818E+14 1.533E+00 6.863E+00 2.000E+05 7.219E-04 0.000E+00 2.297E+06
PRADK 3.2197E+00
BEGIN                    ITERATION  15 COMPLETED
