TEFF   6000.  GRAVITY 0.50000 LTE 
TITLE  [-3.5a] VTURB=2  L/H=1.25 NOVER NEW ODF                                  
 OPACITY IFOP 1 1 1 1 1 1 1 1 1 1 1 1 1 0 1 0 0 0 0 0
 CONVECTION ON   1.25 TURBULENCE OFF  0.00  0.00  0.00  0.00
ABUNDANCE SCALE   0.00032 ABUNDANCE CHANGE 1 0.92156 2 0.07844
 ABUNDANCE CHANGE  3 -10.94  4 -10.64  5  -9.49  6  -3.52  7  -4.12  8  -2.81
 ABUNDANCE CHANGE  9  -7.48 10  -3.56 11  -5.71 12  -4.06 13  -5.57 14  -4.09
 ABUNDANCE CHANGE 15  -6.59 16  -4.31 17  -6.54 18  -5.24 19  -6.92 20  -5.28
 ABUNDANCE CHANGE 21  -8.87 22  -6.62 23  -8.04 24  -6.37 25  -6.65 26  -4.54
 ABUNDANCE CHANGE 27  -7.12 28  -5.79 29  -7.83 30  -7.44 31  -9.16 32  -8.63
 ABUNDANCE CHANGE 33  -9.67 34  -8.63 35  -9.41 36  -8.73 37  -9.44 38  -9.07
 ABUNDANCE CHANGE 39  -9.80 40  -9.44 41 -10.62 42 -10.12 43 -20.00 44 -10.20
 ABUNDANCE CHANGE 45 -10.92 46 -10.35 47 -11.10 48 -10.27 49 -10.38 50 -10.04
 ABUNDANCE CHANGE 51 -11.04 52  -9.80 53 -10.53 54  -9.87 55 -10.91 56  -9.91
 ABUNDANCE CHANGE 57 -10.87 58 -10.46 59 -11.33 60 -10.54 61 -20.00 62 -11.03
 ABUNDANCE CHANGE 63 -11.53 64 -10.92 65 -11.69 66 -10.90 67 -11.78 68 -11.11
 ABUNDANCE CHANGE 69 -12.04 70 -10.96 71 -11.98 72 -11.16 73 -12.17 74 -10.93
 ABUNDANCE CHANGE 75 -11.76 76 -10.59 77 -10.69 78 -10.24 79 -11.03 80 -10.91
 ABUNDANCE CHANGE 81 -11.14 82 -10.09 83 -11.33 84 -20.00 85 -20.00 86 -20.00
 ABUNDANCE CHANGE 87 -20.00 88 -20.00 89 -20.00 90 -11.95 91 -20.00 92 -12.54
 ABUNDANCE CHANGE 93 -20.00 94 -20.00 95 -20.00 96 -20.00 97 -20.00 98 -20.00
 ABUNDANCE CHANGE 99 -20.00
READ DECK6 72 RHOX,T,P,XNE,ABROSS,ACCRAD,VTURB, FLXCNV,VCONV,VELSND
 3.74715487E-05   4163.5 1.210E-04 2.064E+06 3.449E-03 9.548E-03 2.000E+05 0.000E+00 0.000E+00 4.627E+07
 5.09591031E-05   4164.5 1.647E-04 2.422E+06 2.998E-03 8.453E-03 2.000E+05 0.000E+00 0.000E+00 4.175E+07
 7.17061479E-05   4165.5 2.317E-04 2.894E+06 2.562E-03 7.411E-03 2.000E+05 0.000E+00 0.000E+00 3.721E+07
 1.04666383E-04   4166.5 3.375E-04 3.512E+06 2.162E-03 6.439E-03 2.000E+05 0.000E+00 2.979E+07 3.271E+07
 1.57770503E-04   4167.5 5.068E-04 4.328E+06 1.802E-03 5.567E-03 2.000E+05 0.000E+00 1.937E+07 2.839E+07
 2.43384845E-04   4168.8 7.790E-04 5.404E+06 1.491E-03 4.821E-03 2.000E+05 0.000E+00 1.554E+07 2.438E+07
 3.81520193E-04   4171.5 1.218E-03 6.845E+06 1.235E-03 4.214E-03 2.000E+05 0.000E+00 1.216E+07 2.071E+07
 6.04311029E-04   4174.7 1.924E-03 8.740E+06 1.023E-03 3.717E-03 2.000E+05 0.000E+00 8.552E+06 1.745E+07
 9.61883453E-04   4179.7 3.057E-03 1.128E+07 8.540E-04 3.327E-03 2.000E+05 0.000E+00 6.096E+06 1.459E+07
 1.53125777E-03   4185.8 4.859E-03 1.463E+07 7.185E-04 3.017E-03 2.000E+05 0.000E+00 4.101E+06 1.213E+07
 2.42860413E-03   4193.9 7.698E-03 1.911E+07 6.122E-04 2.777E-03 2.000E+05 0.000E+00 2.830E+06 1.004E+07
 3.82161147E-03   4204.7 1.210E-02 2.517E+07 5.306E-04 2.594E-03 2.000E+05 0.000E+00 1.945E+06 8.299E+06
 5.94369820E-03   4218.7 1.881E-02 3.343E+07 4.691E-04 2.457E-03 2.000E+05 0.000E+00 1.300E+06 6.859E+06
 9.10932503E-03   4236.1 2.882E-02 4.472E+07 4.238E-04 2.356E-03 2.000E+05 0.000E+00 2.383E+05 5.684E+06
 1.37295957E-02   4256.9 4.342E-02 6.020E+07 3.913E-04 2.281E-03 2.000E+05 0.000E+00 1.149E+05 4.733E+06
 2.03321802E-02   4280.8 6.429E-02 8.136E+07 3.686E-04 2.227E-03 2.000E+05 0.000E+00 5.112E+04 3.967E+06
 2.95925792E-02   4307.3 9.356E-02 1.101E+08 3.533E-04 2.187E-03 2.000E+05 0.000E+00 1.776E+04 3.351E+06
 4.23817474E-02   4335.5 1.340E-01 1.487E+08 3.433E-04 2.157E-03 2.000E+05 0.000E+00 1.560E+03 2.853E+06
 5.98291065E-02   4364.9 1.891E-01 2.000E+08 3.371E-04 2.134E-03 2.000E+05 0.000E+00 0.000E+00 2.450E+06
 8.34645717E-02   4393.9 2.638E-01 2.666E+08 3.325E-04 2.118E-03 2.000E+05 0.000E+00 0.000E+00 2.123E+06
 1.15357781E-01   4422.4 3.646E-01 3.525E+08 3.292E-04 2.106E-03 2.000E+05 0.000E+00 0.000E+00 1.855E+06
 1.58274031E-01   4450.0 5.002E-01 4.619E+08 3.265E-04 2.097E-03 2.000E+05 0.000E+00 0.000E+00 1.634E+06
 2.15893481E-01   4476.7 6.823E-01 6.006E+08 3.247E-04 2.091E-03 2.000E+05 0.000E+00 0.000E+00 1.453E+06
 2.93019768E-01   4502.7 9.260E-01 7.758E+08 3.241E-04 2.090E-03 2.000E+05 0.000E+00 0.000E+00 1.304E+06
 3.95733260E-01   4528.5 1.251E+00 9.974E+08 3.256E-04 2.095E-03 2.000E+05 0.000E+00 0.000E+00 1.183E+06
 5.31568908E-01   4554.2 1.680E+00 1.277E+09 3.298E-04 2.109E-03 2.000E+05 0.000E+00 0.000E+00 1.085E+06
 7.08564670E-01   4584.1 2.239E+00 1.654E+09 3.416E-04 2.137E-03 2.000E+05 0.000E+00 0.000E+00 1.006E+06
 9.31872993E-01   4622.4 2.945E+00 2.192E+09 3.668E-04 2.181E-03 2.000E+05 0.000E+00 0.000E+00 9.446E+05
 1.20864428E+00   4658.7 3.820E+00 2.857E+09 3.951E-04 2.230E-03 2.000E+05 0.000E+00 0.000E+00 8.974E+05
 1.54996206E+00   4694.4 4.898E+00 3.687E+09 4.287E-04 2.289E-03 2.000E+05 0.000E+00 0.000E+00 8.609E+05
 1.96900798E+00   4727.9 6.222E+00 4.690E+09 4.657E-04 2.354E-03 2.000E+05 0.000E+00 0.000E+00 8.327E+05
 2.48357712E+00   4758.6 7.848E+00 5.875E+09 5.055E-04 2.426E-03 2.000E+05 0.000E+00 0.000E+00 8.108E+05
 3.11541104E+00   4786.8 9.845E+00 7.266E+09 5.490E-04 2.506E-03 2.000E+05 0.000E+00 0.000E+00 7.937E+05
 3.89571483E+00   4809.0 1.231E+01 8.777E+09 5.903E-04 2.588E-03 2.000E+05 0.000E+00 0.000E+00 7.803E+05
 4.86099821E+00   4830.3 1.536E+01 1.055E+10 6.379E-04 2.684E-03 2.000E+05 0.000E+00 0.000E+00 7.699E+05
 6.05136725E+00   4849.6 1.912E+01 1.258E+10 6.900E-04 2.791E-03 2.000E+05 0.000E+00 0.000E+00 7.617E+05
 7.51726054E+00   4867.2 2.375E+01 1.488E+10 7.480E-04 2.914E-03 2.000E+05 0.000E+00 0.000E+00 7.555E+05
 9.31909718E+00   4883.3 2.945E+01 1.749E+10 8.124E-04 3.055E-03 2.000E+05 0.000E+00 0.000E+00 7.508E+05
 1.15252634E+01   4899.3 3.641E+01 2.052E+10 8.873E-04 3.222E-03 2.000E+05 0.000E+00 0.000E+00 7.472E+05
 1.42113972E+01   4915.6 4.490E+01 2.407E+10 9.749E-04 3.422E-03 2.000E+05 0.000E+00 0.000E+00 7.447E+05
 1.74559306E+01   4933.8 5.515E+01 2.833E+10 1.081E-03 3.666E-03 2.000E+05 0.000E+00 0.000E+00 7.431E+05
 2.13379094E+01   4954.7 6.741E+01 3.353E+10 1.211E-03 3.967E-03 2.000E+05 0.000E+00 0.000E+00 7.422E+05
 2.59333008E+01   4978.9 8.192E+01 4.000E+10 1.372E-03 4.342E-03 2.000E+05 0.000E+00 0.000E+00 7.419E+05
 3.13064077E+01   5008.0 9.889E+01 4.825E+10 1.575E-03 4.817E-03 2.000E+05 0.000E+00 0.000E+00 7.422E+05
 3.75023427E+01   5042.6 1.185E+02 5.894E+10 1.834E-03 5.427E-03 2.000E+05 0.000E+00 0.000E+00 7.431E+05
 4.45357927E+01   5084.5 1.407E+02 7.322E+10 2.174E-03 6.229E-03 2.000E+05 0.000E+00 0.000E+00 7.444E+05
 5.23745336E+01   5135.2 1.654E+02 9.277E+10 2.626E-03 7.302E-03 2.000E+05 0.000E+00 0.000E+00 7.461E+05
 6.09329927E+01   5196.4 1.924E+02 1.203E+11 3.244E-03 8.771E-03 2.000E+05 0.000E+00 0.000E+00 7.483E+05
 7.00600793E+01   5270.3 2.212E+02 1.601E+11 4.108E-03 1.084E-02 2.000E+05 0.000E+00 0.000E+00 7.507E+05
 7.95369454E+01   5359.0 2.510E+02 2.194E+11 5.352E-03 1.382E-02 2.000E+05 0.000E+00 0.000E+00 7.531E+05
 8.90816485E+01   5465.5 2.810E+02 3.107E+11 7.205E-03 1.828E-02 2.000E+05 0.000E+00 0.000E+00 7.555E+05
 9.83698076E+01   5592.5 3.102E+02 4.556E+11 1.006E-02 2.517E-02 2.000E+05 7.994E-07 0.000E+00 7.572E+05
 1.07064883E+02   5743.5 3.374E+02 6.929E+11 1.463E-02 3.628E-02 2.000E+05 1.521E-04 1.653E+01 7.579E+05
 1.14852231E+02   5922.7 3.617E+02 1.094E+12 2.232E-02 5.513E-02 2.000E+05 9.117E-03 9.102E+01 7.573E+05
 1.21474186E+02   6135.2 3.822E+02 1.798E+12 3.600E-02 8.922E-02 2.000E+05 6.179E-01 3.377E+02 7.554E+05
 1.26762325E+02   6388.3 3.983E+02 3.077E+12 6.224E-02 1.558E-01 2.000E+05 6.766E+01 1.305E+03 7.534E+05
 1.30659519E+02   6691.3 4.098E+02 5.491E+12 1.174E-01 2.988E-01 2.000E+05 1.510E+04 5.868E+03 7.543E+05
 1.33272699E+02   7049.5 4.169E+02 1.010E+13 2.442E-01 6.371E-01 2.000E+05 2.802E+05 3.325E+04 7.621E+05
 1.34821655E+02   7487.4 4.202E+02 1.928E+13 5.798E-01 1.556E+00 2.000E+05 3.699E+07 7.969E+04 7.826E+05
 1.35646112E+02   7990.0 4.207E+02 3.594E+13 1.466E+00 3.544E+00 2.000E+05 6.008E+08 4.057E+05 8.221E+05
 1.36143594E+02   8392.2 4.203E+02 5.406E+13 2.830E+00 4.655E+00 2.000E+05 1.967E+09 9.943E+05 8.674E+05
 1.36549114E+02   8652.2 4.198E+02 6.737E+13 4.106E+00 4.055E+00 2.000E+05 3.341E+09 1.198E+06 9.039E+05
 1.36950077E+02   8848.5 4.195E+02 7.775E+13 5.244E+00 3.491E+00 2.000E+05 4.178E+09 1.304E+06 9.352E+05
 1.37377995E+02   9039.1 4.195E+02 8.766E+13 6.442E+00 3.150E+00 2.000E+05 4.626E+09 1.380E+06 9.681E+05
 1.37852748E+02   9217.0 4.195E+02 9.639E+13 7.584E+00 2.953E+00 2.000E+05 4.899E+09 1.429E+06 1.001E+06
 1.38395942E+02   9414.4 4.196E+02 1.051E+14 8.760E+00 3.065E+00 2.000E+05 5.047E+09 1.510E+06 1.038E+06
 1.39031966E+02   9642.7 4.196E+02 1.135E+14 9.838E+00 3.229E+00 2.000E+05 5.008E+09 1.545E+06 1.083E+06
 1.39800815E+02   9913.4 4.193E+02 1.207E+14 1.062E+01 4.061E+00 2.000E+05 5.006E+09 1.632E+06 1.134E+06
 1.40790045E+02  10376.5 4.161E+02 1.260E+14 1.045E+01 8.876E+00 2.000E+05 3.828E+09 1.845E+06 1.220E+06
 1.42560560E+02  11992.5 4.040E+02 1.157E+14 5.448E+00 1.059E+01 2.000E+05 1.301E+09 4.044E+05 1.522E+06
 1.47790742E+02  14082.4 3.786E+02 9.402E+13 2.208E+00 5.446E+00 2.000E+05 4.729E+06 9.602E+04 1.693E+06
 1.61769603E+02  15846.8 3.613E+02 8.172E+13 1.367E+00 3.355E+00 2.000E+05 4.681E+06 5.211E+04 1.978E+06
PRADK 1.7347E+00
BEGIN                    ITERATION  15 COMPLETED
