TEFF   6250.  GRAVITY 1.50000 LTE 
TITLE  [-3.5a] VTURB=2  L/H=1.25 NOVER NEW ODF                                  
 OPACITY IFOP 1 1 1 1 1 1 1 1 1 1 1 1 1 0 1 0 0 0 0 0
 CONVECTION ON   1.25 TURBULENCE OFF  0.00  0.00  0.00  0.00
ABUNDANCE SCALE   0.00032 ABUNDANCE CHANGE 1 0.92156 2 0.07844
 ABUNDANCE CHANGE  3 -10.94  4 -10.64  5  -9.49  6  -3.52  7  -4.12  8  -2.81
 ABUNDANCE CHANGE  9  -7.48 10  -3.56 11  -5.71 12  -4.06 13  -5.57 14  -4.09
 ABUNDANCE CHANGE 15  -6.59 16  -4.31 17  -6.54 18  -5.24 19  -6.92 20  -5.28
 ABUNDANCE CHANGE 21  -8.87 22  -6.62 23  -8.04 24  -6.37 25  -6.65 26  -4.54
 ABUNDANCE CHANGE 27  -7.12 28  -5.79 29  -7.83 30  -7.44 31  -9.16 32  -8.63
 ABUNDANCE CHANGE 33  -9.67 34  -8.63 35  -9.41 36  -8.73 37  -9.44 38  -9.07
 ABUNDANCE CHANGE 39  -9.80 40  -9.44 41 -10.62 42 -10.12 43 -20.00 44 -10.20
 ABUNDANCE CHANGE 45 -10.92 46 -10.35 47 -11.10 48 -10.27 49 -10.38 50 -10.04
 ABUNDANCE CHANGE 51 -11.04 52  -9.80 53 -10.53 54  -9.87 55 -10.91 56  -9.91
 ABUNDANCE CHANGE 57 -10.87 58 -10.46 59 -11.33 60 -10.54 61 -20.00 62 -11.03
 ABUNDANCE CHANGE 63 -11.53 64 -10.92 65 -11.69 66 -10.90 67 -11.78 68 -11.11
 ABUNDANCE CHANGE 69 -12.04 70 -10.96 71 -11.98 72 -11.16 73 -12.17 74 -10.93
 ABUNDANCE CHANGE 75 -11.76 76 -10.59 77 -10.69 78 -10.24 79 -11.03 80 -10.91
 ABUNDANCE CHANGE 81 -11.14 82 -10.09 83 -11.33 84 -20.00 85 -20.00 86 -20.00
 ABUNDANCE CHANGE 87 -20.00 88 -20.00 89 -20.00 90 -11.95 91 -20.00 92 -12.54
 ABUNDANCE CHANGE 93 -20.00 94 -20.00 95 -20.00 96 -20.00 97 -20.00 98 -20.00
 ABUNDANCE CHANGE 99 -20.00
READ DECK6 72 RHOX,T,P,XNE,ABROSS,ACCRAD,VTURB, FLXCNV,VCONV,VELSND
 2.77043905E-05   4453.0 8.851E-04 1.940E+07 4.746E-03 1.610E-02 2.000E+05 0.000E+00 0.000E+00 1.816E+07
 3.75984580E-05   4454.0 1.203E-03 2.274E+07 4.126E-03 1.434E-02 2.000E+05 0.000E+00 0.000E+00 1.636E+07
 5.28265723E-05   4455.1 1.692E-03 2.715E+07 3.529E-03 1.266E-02 2.000E+05 0.000E+00 0.000E+00 1.456E+07
 7.69071516E-05   4456.0 2.460E-03 3.293E+07 2.978E-03 1.111E-02 2.000E+05 0.000E+00 3.450E+06 1.281E+07
 1.15631036E-04   4457.0 3.692E-03 4.056E+07 2.481E-03 9.705E-03 2.000E+05 0.000E+00 1.636E+06 1.114E+07
 1.77953043E-04   4458.7 5.670E-03 5.068E+07 2.055E-03 8.515E-03 2.000E+05 0.000E+00 1.830E+06 9.588E+06
 2.78369322E-04   4461.8 8.854E-03 6.419E+07 1.703E-03 7.541E-03 2.000E+05 0.000E+00 7.869E+05 8.178E+06
 4.40101899E-04   4465.5 1.398E-02 8.194E+07 1.412E-03 6.745E-03 2.000E+05 0.000E+00 2.404E+05 6.924E+06
 6.99522613E-04   4470.9 2.219E-02 1.055E+08 1.178E-03 6.114E-03 2.000E+05 0.000E+00 3.104E+04 5.825E+06
 1.11281575E-03   4477.1 3.527E-02 1.365E+08 9.900E-04 5.613E-03 2.000E+05 0.000E+00 0.000E+00 4.878E+06
 1.76511037E-03   4485.3 5.591E-02 1.776E+08 8.418E-04 5.224E-03 2.000E+05 0.000E+00 0.000E+00 4.072E+06
 2.77988879E-03   4496.0 8.802E-02 2.326E+08 7.277E-04 4.930E-03 2.000E+05 0.000E+00 0.000E+00 3.396E+06
 4.32866532E-03   4510.0 1.370E-01 3.069E+08 6.425E-04 4.715E-03 2.000E+05 0.000E+00 0.000E+00 2.838E+06
 6.64255731E-03   4527.2 2.102E-01 4.066E+08 5.795E-04 4.560E-03 2.000E+05 0.000E+00 0.000E+00 2.385E+06
 1.00199851E-02   4548.0 3.170E-01 5.414E+08 5.356E-04 4.456E-03 2.000E+05 0.000E+00 0.000E+00 2.022E+06
 1.48479094E-02   4570.7 4.696E-01 7.193E+08 5.044E-04 4.387E-03 2.000E+05 0.000E+00 0.000E+00 1.734E+06
 2.15655031E-02   4599.4 6.821E-01 9.668E+08 4.909E-04 4.340E-03 2.000E+05 0.000E+00 0.000E+00 1.506E+06
 3.06787865E-02   4629.7 9.702E-01 1.293E+09 4.868E-04 4.313E-03 2.000E+05 0.000E+00 0.000E+00 1.330E+06
 4.28004939E-02   4662.4 1.353E+00 1.723E+09 4.927E-04 4.309E-03 2.000E+05 0.000E+00 0.000E+00 1.193E+06
 5.86405241E-02   4695.8 1.854E+00 2.280E+09 5.064E-04 4.323E-03 2.000E+05 0.000E+00 0.000E+00 1.088E+06
 7.90592056E-02   4729.3 2.500E+00 2.987E+09 5.268E-04 4.353E-03 2.000E+05 0.000E+00 0.000E+00 1.007E+06
 1.05097156E-01   4762.3 3.323E+00 3.872E+09 5.535E-04 4.398E-03 2.000E+05 0.000E+00 0.000E+00 9.443E+05
 1.38033111E-01   4793.4 4.365E+00 4.949E+09 5.848E-04 4.459E-03 2.000E+05 0.000E+00 0.000E+00 8.964E+05
 1.79664147E-01   4820.0 5.681E+00 6.193E+09 6.163E-04 4.533E-03 2.000E+05 0.000E+00 0.000E+00 8.595E+05
 2.32157992E-01   4845.5 7.341E+00 7.683E+09 6.540E-04 4.626E-03 2.000E+05 0.000E+00 0.000E+00 8.310E+05
 2.97896735E-01   4869.8 9.419E+00 9.452E+09 6.987E-04 4.737E-03 2.000E+05 0.000E+00 0.000E+00 8.089E+05
 3.79694852E-01   4893.1 1.201E+01 1.154E+10 7.510E-04 4.871E-03 2.000E+05 0.000E+00 0.000E+00 7.920E+05
 4.80837048E-01   4915.5 1.520E+01 1.400E+10 8.124E-04 5.027E-03 2.000E+05 0.000E+00 0.000E+00 7.791E+05
 6.05171521E-01   4937.1 1.913E+01 1.686E+10 8.834E-04 5.209E-03 2.000E+05 0.000E+00 0.000E+00 7.693E+05
 7.57298733E-01   4957.8 2.394E+01 2.018E+10 9.647E-04 5.416E-03 2.000E+05 0.000E+00 0.000E+00 7.620E+05
 9.42656155E-01   4977.6 2.980E+01 2.402E+10 1.058E-03 5.652E-03 2.000E+05 0.000E+00 0.000E+00 7.565E+05
 1.16801828E+00   4995.7 3.693E+01 2.834E+10 1.160E-03 5.911E-03 2.000E+05 0.000E+00 0.000E+00 7.525E+05
 1.44161687E+00   5012.8 4.558E+01 3.326E+10 1.276E-03 6.204E-03 2.000E+05 0.000E+00 0.000E+00 7.497E+05
 1.77381002E+00   5027.5 5.608E+01 3.866E+10 1.400E-03 6.522E-03 2.000E+05 0.000E+00 0.000E+00 7.477E+05
 2.17728891E+00   5041.2 6.884E+01 4.472E+10 1.538E-03 6.880E-03 2.000E+05 0.000E+00 0.000E+00 7.464E+05
 2.66755596E+00   5052.9 8.434E+01 5.137E+10 1.687E-03 7.274E-03 2.000E+05 0.000E+00 0.000E+00 7.455E+05
 3.26271654E+00   5064.6 1.032E+02 5.893E+10 1.856E-03 7.730E-03 2.000E+05 0.000E+00 0.000E+00 7.452E+05
 3.98374424E+00   5075.8 1.260E+02 6.744E+10 2.044E-03 8.247E-03 2.000E+05 0.000E+00 0.000E+00 7.451E+05
 4.85393538E+00   5088.4 1.535E+02 7.740E+10 2.265E-03 8.858E-03 2.000E+05 0.000E+00 0.000E+00 7.454E+05
 5.89881041E+00   5102.2 1.865E+02 8.906E+10 2.522E-03 9.573E-03 2.000E+05 0.000E+00 0.000E+00 7.459E+05
 7.14546491E+00   5118.6 2.259E+02 1.031E+11 2.829E-03 1.043E-02 2.000E+05 0.000E+00 0.000E+00 7.467E+05
 8.62183345E+00   5138.1 2.726E+02 1.202E+11 3.198E-03 1.147E-02 2.000E+05 0.000E+00 0.000E+00 7.477E+05
 1.03549382E+01   5161.5 3.274E+02 1.414E+11 3.650E-03 1.275E-02 2.000E+05 0.000E+00 0.000E+00 7.491E+05
 1.23681663E+01   5190.2 3.910E+02 1.683E+11 4.215E-03 1.435E-02 2.000E+05 0.000E+00 0.000E+00 7.507E+05
 1.46776148E+01   5225.2 4.640E+02 2.033E+11 4.933E-03 1.640E-02 2.000E+05 0.000E+00 0.000E+00 7.526E+05
 1.72882767E+01   5268.0 5.465E+02 2.500E+11 5.866E-03 1.906E-02 2.000E+05 0.000E+00 0.000E+00 7.549E+05
 2.01891564E+01   5320.3 6.382E+02 3.138E+11 7.106E-03 2.260E-02 2.000E+05 0.000E+00 0.000E+00 7.575E+05
 2.33483768E+01   5384.2 7.380E+02 4.036E+11 8.797E-03 2.743E-02 2.000E+05 0.000E+00 0.000E+00 7.605E+05
 2.67098298E+01   5462.0 8.442E+02 5.337E+11 1.117E-02 3.420E-02 2.000E+05 0.000E+00 0.000E+00 7.638E+05
 3.01926945E+01   5556.0 9.542E+02 7.277E+11 1.458E-02 4.397E-02 2.000E+05 0.000E+00 0.000E+00 7.673E+05
 3.36951420E+01   5669.2 1.065E+03 1.026E+12 1.964E-02 5.846E-02 2.000E+05 0.000E+00 0.000E+00 7.707E+05
 3.71011727E+01   5804.6 1.172E+03 1.498E+12 2.742E-02 8.076E-02 2.000E+05 1.130E-04 0.000E+00 7.737E+05
 4.02925767E+01   5965.7 1.273E+03 2.267E+12 3.981E-02 1.164E-01 2.000E+05 1.674E-02 5.670E+01 7.758E+05
 4.31609253E+01   6156.4 1.363E+03 3.559E+12 6.041E-02 1.763E-01 2.000E+05 8.533E-01 2.881E+02 7.765E+05
 4.56181749E+01   6382.3 1.440E+03 5.804E+12 9.656E-02 2.827E-01 2.000E+05 4.630E+01 1.017E+03 7.759E+05
 4.76029137E+01   6651.5 1.502E+03 9.853E+12 1.647E-01 4.869E-01 2.000E+05 3.837E+03 3.666E+03 7.746E+05
 4.90954266E+01   6970.4 1.549E+03 1.733E+13 3.030E-01 9.106E-01 2.000E+05 4.058E+05 1.511E+04 7.751E+05
 5.01196508E+01   7355.1 1.580E+03 3.175E+13 6.177E-01 1.909E+00 2.000E+05 4.577E+06 6.676E+04 7.817E+05
 5.07394907E+01   7826.2 1.597E+03 6.048E+13 1.430E+00 4.374E+00 2.000E+05 2.525E+08 1.320E+05 8.002E+05
 5.10963521E+01   8307.2 1.606E+03 1.059E+14 3.192E+00 7.931E+00 2.000E+05 1.350E+09 5.095E+05 8.315E+05
 5.13456935E+01   8636.0 1.612E+03 1.474E+14 5.279E+00 8.187E+00 2.000E+05 3.089E+09 7.674E+05 8.606E+05
 5.15711858E+01   8857.2 1.618E+03 1.797E+14 7.193E+00 6.882E+00 2.000E+05 4.454E+09 8.438E+05 8.839E+05
 5.18009037E+01   9041.6 1.623E+03 2.090E+14 9.130E+00 5.904E+00 2.000E+05 5.254E+09 8.974E+05 9.057E+05
 5.20470808E+01   9210.4 1.630E+03 2.373E+14 1.118E+01 5.198E+00 2.000E+05 5.737E+09 9.313E+05 9.276E+05
 5.23189320E+01   9371.4 1.637E+03 2.650E+14 1.333E+01 4.686E+00 2.000E+05 6.019E+09 9.513E+05 9.500E+05
 5.26263107E+01   9532.0 1.645E+03 2.929E+14 1.558E+01 4.440E+00 2.000E+05 6.210E+09 9.797E+05 9.739E+05
 5.29783916E+01   9704.1 1.655E+03 3.224E+14 1.808E+01 4.247E+00 2.000E+05 6.303E+09 9.956E+05 1.001E+06
 5.33866345E+01   9879.8 1.666E+03 3.516E+14 2.061E+01 4.214E+00 2.000E+05 6.426E+09 1.020E+06 1.030E+06
 5.38660377E+01  10087.9 1.679E+03 3.837E+14 2.332E+01 4.473E+00 2.000E+05 6.423E+09 1.063E+06 1.065E+06
 5.44375102E+01  10331.1 1.695E+03 4.164E+14 2.575E+01 4.559E+00 2.000E+05 6.415E+09 1.056E+06 1.107E+06
 5.51393107E+01  10604.6 1.713E+03 4.464E+14 2.748E+01 6.264E+00 2.000E+05 6.429E+09 1.165E+06 1.153E+06
 5.60550805E+01  11190.0 1.735E+03 4.814E+14 2.715E+01 8.491E+00 2.000E+05 6.067E+09 1.194E+06 1.246E+06
PRADK 2.0445E+00
BEGIN                    ITERATION  15 COMPLETED
