TEFF   6000.  GRAVITY 2.50000 LTE 
TITLE  [-3.5a] VTURB=2  L/H=1.25 NOVER NEW ODF                                  
 OPACITY IFOP 1 1 1 1 1 1 1 1 1 1 1 1 1 0 1 0 0 0 0 0
 CONVECTION ON   1.25 TURBULENCE OFF  0.00  0.00  0.00  0.00
ABUNDANCE SCALE   0.00032 ABUNDANCE CHANGE 1 0.92156 2 0.07844
 ABUNDANCE CHANGE  3 -10.94  4 -10.64  5  -9.49  6  -3.52  7  -4.12  8  -2.81
 ABUNDANCE CHANGE  9  -7.48 10  -3.56 11  -5.71 12  -4.06 13  -5.57 14  -4.09
 ABUNDANCE CHANGE 15  -6.59 16  -4.31 17  -6.54 18  -5.24 19  -6.92 20  -5.28
 ABUNDANCE CHANGE 21  -8.87 22  -6.62 23  -8.04 24  -6.37 25  -6.65 26  -4.54
 ABUNDANCE CHANGE 27  -7.12 28  -5.79 29  -7.83 30  -7.44 31  -9.16 32  -8.63
 ABUNDANCE CHANGE 33  -9.67 34  -8.63 35  -9.41 36  -8.73 37  -9.44 38  -9.07
 ABUNDANCE CHANGE 39  -9.80 40  -9.44 41 -10.62 42 -10.12 43 -20.00 44 -10.20
 ABUNDANCE CHANGE 45 -10.92 46 -10.35 47 -11.10 48 -10.27 49 -10.38 50 -10.04
 ABUNDANCE CHANGE 51 -11.04 52  -9.80 53 -10.53 54  -9.87 55 -10.91 56  -9.91
 ABUNDANCE CHANGE 57 -10.87 58 -10.46 59 -11.33 60 -10.54 61 -20.00 62 -11.03
 ABUNDANCE CHANGE 63 -11.53 64 -10.92 65 -11.69 66 -10.90 67 -11.78 68 -11.11
 ABUNDANCE CHANGE 69 -12.04 70 -10.96 71 -11.98 72 -11.16 73 -12.17 74 -10.93
 ABUNDANCE CHANGE 75 -11.76 76 -10.59 77 -10.69 78 -10.24 79 -11.03 80 -10.91
 ABUNDANCE CHANGE 81 -11.14 82 -10.09 83 -11.33 84 -20.00 85 -20.00 86 -20.00
 ABUNDANCE CHANGE 87 -20.00 88 -20.00 89 -20.00 90 -11.95 91 -20.00 92 -12.54
 ABUNDANCE CHANGE 93 -20.00 94 -20.00 95 -20.00 96 -20.00 97 -20.00 98 -20.00
 ABUNDANCE CHANGE 99 -20.00
READ DECK6 72 RHOX,T,P,XNE,ABROSS,ACCRAD,VTURB, FLXCNV,VCONV,VELSND
 2.62660492E-04   4392.0 8.306E-02 1.483E+08 5.077E-04 4.207E-03 2.000E+05 0.000E+00 0.000E+00 3.398E+06
 3.55064963E-04   4393.9 1.123E-01 1.738E+08 4.549E-04 4.097E-03 2.000E+05 0.000E+00 0.000E+00 3.004E+06
 4.92892120E-04   4396.4 1.559E-01 2.070E+08 4.057E-04 3.997E-03 2.000E+05 0.000E+00 0.000E+00 2.626E+06
 6.98966583E-04   4400.0 2.210E-01 2.503E+08 3.619E-04 3.909E-03 2.000E+05 0.000E+00 0.000E+00 2.277E+06
 1.00793634E-03   4405.0 3.187E-01 3.069E+08 3.240E-04 3.836E-03 2.000E+05 0.000E+00 0.000E+00 1.965E+06
 1.46576275E-03   4412.0 4.635E-01 3.808E+08 2.932E-04 3.778E-03 2.000E+05 0.000E+00 0.000E+00 1.696E+06
 2.13591069E-03   4420.8 6.754E-01 4.766E+08 2.689E-04 3.735E-03 2.000E+05 0.000E+00 0.000E+00 1.473E+06
 3.10134969E-03   4431.9 9.807E-01 6.011E+08 2.512E-04 3.705E-03 2.000E+05 0.000E+00 0.000E+00 1.293E+06
 4.46419101E-03   4445.6 1.412E+00 7.625E+08 2.398E-04 3.688E-03 2.000E+05 0.000E+00 0.000E+00 1.151E+06
 6.34569588E-03   4461.7 2.007E+00 9.700E+08 2.341E-04 3.684E-03 2.000E+05 0.000E+00 0.000E+00 1.042E+06
 8.88489559E-03   4479.9 2.810E+00 1.234E+09 2.338E-04 3.689E-03 2.000E+05 0.000E+00 0.000E+00 9.604E+05
 1.22365434E-02   4499.8 3.869E+00 1.568E+09 2.386E-04 3.706E-03 2.000E+05 0.000E+00 0.000E+00 8.994E+05
 1.65785631E-02   4520.3 5.243E+00 1.978E+09 2.475E-04 3.730E-03 2.000E+05 0.000E+00 0.000E+00 8.543E+05
 2.21091110E-02   4541.6 6.991E+00 2.483E+09 2.611E-04 3.765E-03 2.000E+05 0.000E+00 0.000E+00 8.211E+05
 2.90673587E-02   4562.2 9.192E+00 3.083E+09 2.780E-04 3.807E-03 2.000E+05 0.000E+00 0.000E+00 7.966E+05
 3.77114647E-02   4584.6 1.193E+01 3.826E+09 3.008E-04 3.853E-03 2.000E+05 0.000E+00 0.000E+00 7.786E+05
 4.82934442E-02   4608.3 1.527E+01 4.736E+09 3.295E-04 3.904E-03 2.000E+05 0.000E+00 0.000E+00 7.655E+05
 6.11389832E-02   4630.9 1.933E+01 5.801E+09 3.626E-04 3.964E-03 2.000E+05 0.000E+00 0.000E+00 7.558E+05
 7.66733827E-02   4652.7 2.425E+01 7.044E+09 4.006E-04 4.034E-03 2.000E+05 0.000E+00 0.000E+00 7.487E+05
 9.54059616E-02   4673.3 3.017E+01 8.477E+09 4.433E-04 4.116E-03 2.000E+05 0.000E+00 0.000E+00 7.434E+05
 1.17968276E-01   4692.5 3.730E+01 1.011E+10 4.909E-04 4.210E-03 2.000E+05 0.000E+00 0.000E+00 7.395E+05
 1.45140671E-01   4710.1 4.590E+01 1.195E+10 5.435E-04 4.316E-03 2.000E+05 0.000E+00 0.000E+00 7.367E+05
 1.77875422E-01   4726.3 5.625E+01 1.403E+10 6.015E-04 4.436E-03 2.000E+05 0.000E+00 0.000E+00 7.346E+05
 2.17338659E-01   4741.0 6.873E+01 1.634E+10 6.650E-04 4.571E-03 2.000E+05 0.000E+00 0.000E+00 7.331E+05
 2.64953801E-01   4754.3 8.378E+01 1.892E+10 7.348E-04 4.720E-03 2.000E+05 0.000E+00 0.000E+00 7.321E+05
 3.22449753E-01   4766.4 1.020E+02 2.178E+10 8.111E-04 4.887E-03 2.000E+05 0.000E+00 0.000E+00 7.314E+05
 3.91959176E-01   4777.0 1.239E+02 2.493E+10 8.941E-04 5.072E-03 2.000E+05 0.000E+00 0.000E+00 7.310E+05
 4.76029258E-01   4786.9 1.505E+02 2.844E+10 9.858E-04 5.278E-03 2.000E+05 0.000E+00 0.000E+00 7.308E+05
 5.77873929E-01   4794.9 1.827E+02 3.223E+10 1.084E-03 5.505E-03 2.000E+05 0.000E+00 0.000E+00 7.307E+05
 7.01336760E-01   4802.6 2.218E+02 3.647E+10 1.193E-03 5.760E-03 2.000E+05 0.000E+00 0.000E+00 7.307E+05
 8.50872753E-01   4809.9 2.691E+02 4.120E+10 1.314E-03 6.044E-03 2.000E+05 0.000E+00 0.000E+00 7.309E+05
 1.03181644E+00   4817.1 3.263E+02 4.652E+10 1.449E-03 6.362E-03 2.000E+05 0.000E+00 0.000E+00 7.311E+05
 1.25061402E+00   4824.0 3.955E+02 5.244E+10 1.598E-03 6.718E-03 2.000E+05 0.000E+00 0.000E+00 7.314E+05
 1.51483987E+00   4831.2 4.790E+02 5.917E+10 1.766E-03 7.120E-03 2.000E+05 0.000E+00 0.000E+00 7.318E+05
 1.83345993E+00   4838.5 5.798E+02 6.674E+10 1.954E-03 7.571E-03 2.000E+05 0.000E+00 0.000E+00 7.323E+05
 2.21700102E+00   4846.4 7.011E+02 7.541E+10 2.168E-03 8.084E-03 2.000E+05 0.000E+00 0.000E+00 7.328E+05
 2.67774498E+00   4854.9 8.468E+02 8.530E+10 2.409E-03 8.667E-03 2.000E+05 0.000E+00 0.000E+00 7.334E+05
 3.22981670E+00   4864.4 1.021E+03 9.677E+10 2.685E-03 9.338E-03 2.000E+05 0.000E+00 0.000E+00 7.341E+05
 3.88914704E+00   4875.2 1.230E+03 1.101E+11 3.003E-03 1.012E-02 2.000E+05 0.000E+00 0.000E+00 7.349E+05
 4.67330786E+00   4887.9 1.478E+03 1.260E+11 3.376E-03 1.103E-02 2.000E+05 0.000E+00 0.000E+00 7.358E+05
 5.60073770E+00   4903.0 1.771E+03 1.451E+11 3.817E-03 1.212E-02 2.000E+05 0.000E+00 0.000E+00 7.369E+05
 6.69067947E+00   4921.3 2.116E+03 1.685E+11 4.347E-03 1.342E-02 2.000E+05 0.000E+00 0.000E+00 7.382E+05
 7.96087547E+00   4943.6 2.517E+03 1.978E+11 4.998E-03 1.503E-02 2.000E+05 0.000E+00 0.000E+00 7.398E+05
 9.42616401E+00   4970.9 2.981E+03 2.353E+11 5.810E-03 1.704E-02 2.000E+05 0.000E+00 0.000E+00 7.417E+05
 1.10959000E+01   5004.6 3.509E+03 2.845E+11 6.846E-03 1.960E-02 2.000E+05 0.000E+00 0.000E+00 7.441E+05
 1.29704775E+01   5046.0 4.101E+03 3.508E+11 8.198E-03 2.294E-02 2.000E+05 0.000E+00 0.000E+00 7.470E+05
 1.50390144E+01   5096.8 4.756E+03 4.426E+11 1.000E-02 2.740E-02 2.000E+05 0.000E+00 0.000E+00 7.505E+05
 1.72764002E+01   5158.9 5.463E+03 5.734E+11 1.246E-02 3.348E-02 2.000E+05 0.000E+00 0.000E+00 7.547E+05
 1.96415895E+01   5234.7 6.211E+03 7.655E+11 1.592E-02 4.199E-02 2.000E+05 0.000E+00 0.000E+00 7.597E+05
 2.20785907E+01   5326.5 6.981E+03 1.057E+12 2.088E-02 5.421E-02 2.000E+05 0.000E+00 0.000E+00 7.656E+05
 2.45183836E+01   5437.4 7.753E+03 1.515E+12 2.825E-02 7.231E-02 2.000E+05 0.000E+00 0.000E+00 7.723E+05
 2.68851251E+01   5570.5 8.501E+03 2.256E+12 3.947E-02 9.988E-02 2.000E+05 3.958E-02 0.000E+00 7.799E+05
 2.91043638E+01   5729.1 9.202E+03 3.500E+12 5.714E-02 1.432E-01 2.000E+05 1.394E+01 2.144E+02 7.880E+05
 3.11115602E+01   5916.7 9.837E+03 5.645E+12 8.583E-02 2.135E-01 2.000E+05 5.232E+02 1.483E+03 7.961E+05
 3.28588810E+01   6136.9 1.039E+04 9.444E+12 1.341E-01 3.322E-01 2.000E+05 1.421E+04 4.802E+03 8.036E+05
 3.43170829E+01   6395.0 1.085E+04 1.638E+13 2.191E-01 5.422E-01 2.000E+05 3.876E+05 1.406E+04 8.092E+05
 3.54813483E+01   6693.2 1.122E+04 2.917E+13 3.745E-01 9.309E-01 2.000E+05 3.859E+06 4.128E+04 8.121E+05
 3.63525505E+01   7055.8 1.149E+04 5.472E+13 6.954E-01 1.742E+00 2.000E+05 3.942E+07 8.160E+04 8.127E+05
 3.69444073E+01   7490.7 1.168E+04 1.067E+14 1.413E+00 3.374E+00 2.000E+05 4.288E+08 1.691E+05 8.139E+05
 3.73424740E+01   7896.8 1.180E+04 1.854E+14 2.672E+00 5.017E+00 2.000E+05 1.524E+09 3.554E+05 8.195E+05
 3.76538649E+01   8186.4 1.190E+04 2.652E+14 4.150E+00 5.090E+00 2.000E+05 2.899E+09 4.411E+05 8.273E+05
 3.79401673E+01   8401.4 1.199E+04 3.401E+14 5.699E+00 4.460E+00 2.000E+05 3.919E+09 4.684E+05 8.352E+05
 3.82273547E+01   8581.1 1.208E+04 4.142E+14 7.382E+00 3.894E+00 2.000E+05 4.552E+09 4.826E+05 8.432E+05
 3.85280994E+01   8742.8 1.217E+04 4.908E+14 9.260E+00 3.447E+00 2.000E+05 4.946E+09 4.877E+05 8.515E+05
 3.88523033E+01   8891.4 1.227E+04 5.700E+14 1.132E+01 3.091E+00 2.000E+05 5.190E+09 4.884E+05 8.600E+05
 3.92081798E+01   9034.9 1.238E+04 6.549E+14 1.368E+01 2.840E+00 2.000E+05 5.353E+09 4.893E+05 8.691E+05
 3.96029886E+01   9174.9 1.251E+04 7.463E+14 1.637E+01 2.611E+00 2.000E+05 5.466E+09 4.870E+05 8.787E+05
 4.00448730E+01   9313.1 1.265E+04 8.448E+14 1.944E+01 2.447E+00 2.000E+05 5.548E+09 4.876E+05 8.888E+05
 4.05422445E+01   9455.2 1.280E+04 9.550E+14 2.297E+01 2.284E+00 2.000E+05 5.609E+09 4.847E+05 9.001E+05
 4.11061938E+01   9594.9 1.298E+04 1.073E+15 2.690E+01 2.153E+00 2.000E+05 5.658E+09 4.860E+05 9.120E+05
 4.17463733E+01   9746.1 1.318E+04 1.209E+15 3.169E+01 2.040E+00 2.000E+05 5.693E+09 4.833E+05 9.256E+05
 4.24765598E+01   9891.0 1.341E+04 1.351E+15 3.682E+01 2.045E+00 2.000E+05 5.716E+09 4.849E+05 9.395E+05
PRADK 1.7371E+00
BEGIN                    ITERATION  15 COMPLETED
