TEFF   4750.  GRAVITY 5.00000 LTE 
TITLE  [-3.5a] VTURB=2  L/H=1.25 NOVER NEW ODF                                  
 OPACITY IFOP 1 1 1 1 1 1 1 1 1 1 1 1 1 0 1 0 0 0 0 0
 CONVECTION ON   1.25 TURBULENCE OFF  0.00  0.00  0.00  0.00
ABUNDANCE SCALE   0.00032 ABUNDANCE CHANGE 1 0.92156 2 0.07844
 ABUNDANCE CHANGE  3 -10.94  4 -10.64  5  -9.49  6  -3.52  7  -4.12  8  -2.81
 ABUNDANCE CHANGE  9  -7.48 10  -3.56 11  -5.71 12  -4.06 13  -5.57 14  -4.09
 ABUNDANCE CHANGE 15  -6.59 16  -4.31 17  -6.54 18  -5.24 19  -6.92 20  -5.28
 ABUNDANCE CHANGE 21  -8.87 22  -6.62 23  -8.04 24  -6.37 25  -6.65 26  -4.54
 ABUNDANCE CHANGE 27  -7.12 28  -5.79 29  -7.83 30  -7.44 31  -9.16 32  -8.63
 ABUNDANCE CHANGE 33  -9.67 34  -8.63 35  -9.41 36  -8.73 37  -9.44 38  -9.07
 ABUNDANCE CHANGE 39  -9.80 40  -9.44 41 -10.62 42 -10.12 43 -20.00 44 -10.20
 ABUNDANCE CHANGE 45 -10.92 46 -10.35 47 -11.10 48 -10.27 49 -10.38 50 -10.04
 ABUNDANCE CHANGE 51 -11.04 52  -9.80 53 -10.53 54  -9.87 55 -10.91 56  -9.91
 ABUNDANCE CHANGE 57 -10.87 58 -10.46 59 -11.33 60 -10.54 61 -20.00 62 -11.03
 ABUNDANCE CHANGE 63 -11.53 64 -10.92 65 -11.69 66 -10.90 67 -11.78 68 -11.11
 ABUNDANCE CHANGE 69 -12.04 70 -10.96 71 -11.98 72 -11.16 73 -12.17 74 -10.93
 ABUNDANCE CHANGE 75 -11.76 76 -10.59 77 -10.69 78 -10.24 79 -11.03 80 -10.91
 ABUNDANCE CHANGE 81 -11.14 82 -10.09 83 -11.33 84 -20.00 85 -20.00 86 -20.00
 ABUNDANCE CHANGE 87 -20.00 88 -20.00 89 -20.00 90 -11.95 91 -20.00 92 -12.54
 ABUNDANCE CHANGE 93 -20.00 94 -20.00 95 -20.00 96 -20.00 97 -20.00 98 -20.00
 ABUNDANCE CHANGE 99 -20.00
READ DECK6 72 RHOX,T,P,XNE,ABROSS,ACCRAD,VTURB, FLXCNV,VCONV,VELSND
 4.51987049E-03   3710.1 4.520E+02 4.158E+08 2.950E-05 3.575E-04 2.000E+05 0.000E+00 0.000E+00 6.380E+05
 5.93070473E-03   3719.9 5.931E+02 5.068E+08 3.355E-05 3.646E-04 2.000E+05 0.000E+00 0.000E+00 6.373E+05
 7.60018495E-03   3726.1 7.600E+02 5.984E+08 3.751E-05 3.716E-04 2.000E+05 0.000E+00 0.000E+00 6.361E+05
 9.57947193E-03   3735.5 9.579E+02 7.125E+08 4.241E-05 3.799E-04 2.000E+05 0.000E+00 0.000E+00 6.351E+05
 1.19175592E-02   3744.2 1.192E+03 8.392E+08 4.778E-05 3.891E-04 2.000E+05 0.000E+00 0.000E+00 6.340E+05
 1.46811352E-02   3753.8 1.468E+03 9.872E+08 5.398E-05 3.996E-04 2.000E+05 0.000E+00 0.000E+00 6.328E+05
 1.79441254E-02   3763.1 1.794E+03 1.155E+09 6.093E-05 4.111E-04 2.000E+05 0.000E+00 0.000E+00 6.314E+05
 2.17969234E-02   3772.7 2.180E+03 1.349E+09 6.883E-05 4.239E-04 2.000E+05 0.000E+00 0.000E+00 6.299E+05
 2.63532873E-02   3781.4 2.635E+03 1.563E+09 7.749E-05 4.377E-04 2.000E+05 0.000E+00 0.000E+00 6.281E+05
 3.17483778E-02   3790.1 3.175E+03 1.809E+09 8.729E-05 4.531E-04 2.000E+05 0.000E+00 0.000E+00 6.262E+05
 3.81478321E-02   3797.9 3.815E+03 2.080E+09 9.799E-05 4.704E-04 2.000E+05 0.000E+00 0.000E+00 6.239E+05
 4.57394615E-02   3806.2 4.574E+03 2.395E+09 1.103E-04 4.892E-04 2.000E+05 0.000E+00 0.000E+00 6.215E+05
 5.47275954E-02   3814.8 5.473E+03 2.757E+09 1.243E-04 5.097E-04 2.000E+05 0.000E+00 0.000E+00 6.189E+05
 6.53727833E-02   3822.9 6.537E+03 3.164E+09 1.398E-04 5.324E-04 2.000E+05 0.000E+00 0.000E+00 6.162E+05
 7.80001754E-02   3830.7 7.800E+03 3.623E+09 1.571E-04 5.574E-04 2.000E+05 0.000E+00 0.000E+00 6.131E+05
 9.29696460E-02   3838.8 9.297E+03 4.152E+09 1.769E-04 5.857E-04 2.000E+05 0.000E+00 0.000E+00 6.101E+05
 1.10743472E-01   3845.7 1.107E+04 4.731E+09 1.982E-04 6.169E-04 2.000E+05 0.000E+00 0.000E+00 6.066E+05
 1.31884260E-01   3852.7 1.319E+04 5.392E+09 2.223E-04 6.523E-04 2.000E+05 0.000E+00 0.000E+00 6.031E+05
 1.57016589E-01   3859.7 1.570E+04 6.143E+09 2.494E-04 6.918E-04 2.000E+05 0.000E+00 0.000E+00 5.994E+05
 1.86886797E-01   3866.7 1.869E+04 6.999E+09 2.799E-04 7.359E-04 2.000E+05 0.000E+00 0.000E+00 5.958E+05
 2.22384800E-01   3873.6 2.224E+04 7.970E+09 3.140E-04 7.851E-04 2.000E+05 0.000E+00 0.000E+00 5.921E+05
 2.64569968E-01   3880.6 2.646E+04 9.078E+09 3.525E-04 8.398E-04 2.000E+05 0.000E+00 0.000E+00 5.885E+05
 3.14652296E-01   3888.0 3.147E+04 1.035E+10 3.961E-04 9.011E-04 2.000E+05 0.000E+00 0.000E+00 5.850E+05
 3.74160670E-01   3894.7 3.742E+04 1.178E+10 4.441E-04 9.689E-04 2.000E+05 0.000E+00 0.000E+00 5.814E+05
 4.44874448E-01   3902.0 4.449E+04 1.342E+10 4.988E-04 1.045E-03 2.000E+05 0.000E+00 0.000E+00 5.780E+05
 5.28803574E-01   3909.5 5.288E+04 1.531E+10 5.604E-04 1.129E-03 2.000E+05 0.000E+00 0.000E+00 5.747E+05
 6.28448185E-01   3916.9 6.284E+04 1.745E+10 6.293E-04 1.222E-03 2.000E+05 0.000E+00 0.000E+00 5.715E+05
 7.46798755E-01   3924.3 7.468E+04 1.990E+10 7.064E-04 1.326E-03 2.000E+05 0.000E+00 0.000E+00 5.685E+05
 8.87475052E-01   3931.6 8.875E+04 2.267E+10 7.920E-04 1.439E-03 2.000E+05 0.000E+00 0.000E+00 5.654E+05
 1.05492688E+00   3938.6 1.055E+05 2.580E+10 8.866E-04 1.563E-03 2.000E+05 0.000E+00 0.000E+00 5.624E+05
 1.25456502E+00   3945.4 1.255E+05 2.934E+10 9.909E-04 1.700E-03 2.000E+05 0.000E+00 0.000E+00 5.593E+05
 1.49294890E+00   3951.9 1.493E+05 3.335E+10 1.106E-03 1.851E-03 2.000E+05 0.000E+00 0.000E+00 5.562E+05
 1.77776058E+00   3958.5 1.778E+05 3.794E+10 1.234E-03 2.018E-03 2.000E+05 0.000E+00 0.000E+00 5.531E+05
 2.11823772E+00   3965.0 2.118E+05 4.316E+10 1.377E-03 2.203E-03 2.000E+05 0.000E+00 0.000E+00 5.499E+05
 2.52499753E+00   3972.2 2.525E+05 4.924E+10 1.538E-03 2.411E-03 2.000E+05 0.000E+00 0.000E+00 5.468E+05
 3.01021947E+00   3979.8 3.010E+05 5.628E+10 1.720E-03 2.644E-03 2.000E+05 0.000E+00 0.000E+00 5.438E+05
 3.58855801E+00   3988.4 3.589E+05 6.453E+10 1.927E-03 2.906E-03 2.000E+05 0.000E+00 0.000E+00 5.408E+05
 4.27448452E+00   3999.7 4.274E+05 7.465E+10 2.175E-03 3.217E-03 2.000E+05 0.000E+00 0.000E+00 5.381E+05
 5.07862788E+00   4015.9 5.079E+05 8.768E+10 2.490E-03 3.604E-03 2.000E+05 0.000E+00 0.000E+00 5.363E+05
 6.03616740E+00   4019.8 6.036E+05 9.868E+10 2.734E-03 3.921E-03 2.000E+05 0.000E+00 0.000E+00 5.323E+05
 7.08920911E+00   4082.8 7.089E+05 1.354E+11 3.646E-03 5.008E-03 2.000E+05 1.489E+05 0.000E+00 5.387E+05
 8.15604913E+00   4138.7 8.156E+05 1.800E+11 4.737E-03 6.263E-03 2.000E+05 3.525E+06 4.381E+03 5.443E+05
 9.20868137E+00   4210.9 9.209E+05 2.529E+11 6.532E-03 8.240E-03 2.000E+05 6.603E+06 1.198E+04 5.530E+05
 1.02805785E+01   4260.0 1.028E+06 3.239E+11 8.224E-03 1.004E-02 2.000E+05 1.653E+07 0.000E+00 5.580E+05
 1.13989823E+01   4319.0 1.140E+06 4.297E+11 1.073E-02 1.262E-02 2.000E+05 2.793E+07 1.839E+04 5.647E+05
 1.25516799E+01   4374.7 1.255E+06 5.603E+11 1.376E-02 1.563E-02 2.000E+05 5.490E+07 8.401E+03 5.710E+05
 1.37571117E+01   4429.2 1.376E+06 7.244E+11 1.749E-02 1.916E-02 2.000E+05 7.920E+07 2.545E+04 5.771E+05
 1.50070244E+01   4488.7 1.501E+06 9.500E+11 2.253E-02 2.367E-02 2.000E+05 8.815E+07 0.000E+00 5.841E+05
 1.63355523E+01   4536.7 1.634E+06 1.188E+12 2.768E-02 2.781E-02 2.000E+05 1.772E+08 2.674E+04 5.892E+05
 1.77258967E+01   4604.6 1.773E+06 1.593E+12 3.630E-02 3.440E-02 2.000E+05 2.596E+08 3.105E+04 5.974E+05
 1.91913447E+01   4656.3 1.919E+06 2.001E+12 4.465E-02 3.956E-02 2.000E+05 3.413E+08 2.681E+04 6.031E+05
 2.07403945E+01   4724.3 2.074E+06 2.654E+12 5.768E-02 4.692E-02 2.000E+05 4.872E+08 3.828E+04 6.112E+05
 2.23672914E+01   4785.0 2.237E+06 3.409E+12 7.221E-02 5.286E-02 2.000E+05 6.120E+08 3.478E+04 6.182E+05
 2.40854838E+01   4853.6 2.409E+06 4.474E+12 9.214E-02 5.919E-02 2.000E+05 8.078E+08 4.183E+04 6.264E+05
 2.58893221E+01   4921.9 2.589E+06 5.827E+12 1.165E-01 6.382E-02 2.000E+05 9.909E+08 4.438E+04 6.344E+05
 2.77827386E+01   4995.6 2.778E+06 7.671E+12 1.485E-01 6.711E-02 2.000E+05 1.191E+09 4.413E+04 6.433E+05
 2.97776103E+01   5067.8 2.978E+06 9.984E+12 1.870E-01 6.785E-02 2.000E+05 1.406E+09 5.151E+04 6.518E+05
 3.18604549E+01   5151.3 3.186E+06 1.335E+13 2.407E-01 6.784E-02 2.000E+05 1.564E+09 4.710E+04 6.620E+05
 3.40591685E+01   5225.3 3.406E+06 1.722E+13 2.995E-01 6.558E-02 2.000E+05 1.755E+09 5.507E+04 6.707E+05
 3.63544900E+01   5320.6 3.635E+06 2.345E+13 3.896E-01 6.546E-02 2.000E+05 1.855E+09 5.119E+04 6.825E+05
 3.87764023E+01   5398.3 3.878E+06 3.011E+13 4.813E-01 6.321E-02 2.000E+05 1.975E+09 5.531E+04 6.915E+05
 4.13115616E+01   5503.6 4.131E+06 4.137E+13 6.282E-01 6.586E-02 2.000E+05 2.041E+09 5.550E+04 7.044E+05
 4.39795820E+01   5589.6 4.398E+06 5.348E+13 7.778E-01 6.432E-02 2.000E+05 2.085E+09 5.372E+04 7.144E+05
 4.67865846E+01   5701.5 4.679E+06 7.322E+13 1.007E+00 7.095E-02 2.000E+05 2.145E+09 5.856E+04 7.278E+05
 4.97330887E+01   5801.0 4.973E+06 9.625E+13 1.260E+00 6.988E-02 2.000E+05 2.141E+09 5.263E+04 7.392E+05
 5.28434940E+01   5916.8 5.284E+06 1.303E+14 1.611E+00 7.682E-02 2.000E+05 2.200E+09 5.940E+04 7.524E+05
 5.61050754E+01   6032.3 5.610E+06 1.744E+14 2.037E+00 7.814E-02 2.000E+05 2.192E+09 5.390E+04 7.651E+05
 5.95476284E+01   6152.9 5.955E+06 2.336E+14 2.575E+00 8.317E-02 2.000E+05 2.221E+09 5.801E+04 7.780E+05
 6.31677386E+01   6282.5 6.317E+06 3.155E+14 3.271E+00 8.756E-02 2.000E+05 2.239E+09 5.625E+04 7.915E+05
 6.69887774E+01   6412.0 6.699E+06 4.214E+14 4.114E+00 9.110E-02 2.000E+05 2.228E+09 5.604E+04 8.043E+05
 7.10248059E+01   6552.3 7.102E+06 5.685E+14 5.210E+00 9.657E-02 2.000E+05 2.273E+09 5.725E+04 8.176E+05
 7.52801607E+01   6693.5 7.528E+06 7.595E+14 6.545E+00 1.089E-01 2.000E+05 2.235E+09 5.573E+04 8.302E+05
PRADK 6.6137E-01
BEGIN                    ITERATION  15 COMPLETED
