TEFF   6500.  GRAVITY 1.50000 LTE 
TITLE  [-3.5a] VTURB=2  L/H=1.25 NOVER NEW ODF                                  
 OPACITY IFOP 1 1 1 1 1 1 1 1 1 1 1 1 1 0 1 0 0 0 0 0
 CONVECTION ON   1.25 TURBULENCE OFF  0.00  0.00  0.00  0.00
ABUNDANCE SCALE   0.00032 ABUNDANCE CHANGE 1 0.92156 2 0.07844
 ABUNDANCE CHANGE  3 -10.94  4 -10.64  5  -9.49  6  -3.52  7  -4.12  8  -2.81
 ABUNDANCE CHANGE  9  -7.48 10  -3.56 11  -5.71 12  -4.06 13  -5.57 14  -4.09
 ABUNDANCE CHANGE 15  -6.59 16  -4.31 17  -6.54 18  -5.24 19  -6.92 20  -5.28
 ABUNDANCE CHANGE 21  -8.87 22  -6.62 23  -8.04 24  -6.37 25  -6.65 26  -4.54
 ABUNDANCE CHANGE 27  -7.12 28  -5.79 29  -7.83 30  -7.44 31  -9.16 32  -8.63
 ABUNDANCE CHANGE 33  -9.67 34  -8.63 35  -9.41 36  -8.73 37  -9.44 38  -9.07
 ABUNDANCE CHANGE 39  -9.80 40  -9.44 41 -10.62 42 -10.12 43 -20.00 44 -10.20
 ABUNDANCE CHANGE 45 -10.92 46 -10.35 47 -11.10 48 -10.27 49 -10.38 50 -10.04
 ABUNDANCE CHANGE 51 -11.04 52  -9.80 53 -10.53 54  -9.87 55 -10.91 56  -9.91
 ABUNDANCE CHANGE 57 -10.87 58 -10.46 59 -11.33 60 -10.54 61 -20.00 62 -11.03
 ABUNDANCE CHANGE 63 -11.53 64 -10.92 65 -11.69 66 -10.90 67 -11.78 68 -11.11
 ABUNDANCE CHANGE 69 -12.04 70 -10.96 71 -11.98 72 -11.16 73 -12.17 74 -10.93
 ABUNDANCE CHANGE 75 -11.76 76 -10.59 77 -10.69 78 -10.24 79 -11.03 80 -10.91
 ABUNDANCE CHANGE 81 -11.14 82 -10.09 83 -11.33 84 -20.00 85 -20.00 86 -20.00
 ABUNDANCE CHANGE 87 -20.00 88 -20.00 89 -20.00 90 -11.95 91 -20.00 92 -12.54
 ABUNDANCE CHANGE 93 -20.00 94 -20.00 95 -20.00 96 -20.00 97 -20.00 98 -20.00
 ABUNDANCE CHANGE 99 -20.00
READ DECK6 72 RHOX,T,P,XNE,ABROSS,ACCRAD,VTURB, FLXCNV,VCONV,VELSND
 7.66964779E-06   4616.7 2.484E-04 1.869E+07 1.680E-02 6.023E-02 2.000E+05 0.000E+00 0.000E+00 2.713E+07
 1.04143951E-05   4617.7 3.385E-04 2.206E+07 1.453E-02 5.259E-02 2.000E+05 0.000E+00 0.000E+00 2.412E+07
 1.46275582E-05   4618.7 4.774E-04 2.651E+07 1.232E-02 4.531E-02 2.000E+05 0.000E+00 0.000E+00 2.121E+07
 2.13953114E-05   4619.7 6.985E-04 3.240E+07 1.030E-02 3.844E-02 2.000E+05 0.000E+00 2.332E+07 1.841E+07
 3.24689737E-05   4620.7 1.057E-03 4.023E+07 8.476E-03 3.222E-02 2.000E+05 0.000E+00 1.331E+07 1.582E+07
 5.06810537E-05   4621.7 1.640E-03 5.056E+07 6.898E-03 2.684E-02 2.000E+05 0.000E+00 7.233E+06 1.350E+07
 8.08016424E-05   4622.8 2.602E-03 6.421E+07 5.569E-03 2.233E-02 2.000E+05 0.000E+00 5.849E+06 1.147E+07
 1.30619985E-04   4625.8 4.188E-03 8.267E+07 4.505E-03 1.876E-02 2.000E+05 0.000E+00 4.971E+06 9.704E+06
 2.12824580E-04   4629.9 6.800E-03 1.073E+08 3.652E-03 1.593E-02 2.000E+05 0.000E+00 2.960E+06 8.188E+06
 3.48169775E-04   4634.2 1.110E-02 1.395E+08 2.963E-03 1.366E-02 2.000E+05 0.000E+00 5.842E+05 6.899E+06
 5.70236424E-04   4639.4 1.814E-02 1.822E+08 2.418E-03 1.188E-02 2.000E+05 0.000E+00 1.277E+05 5.802E+06
 9.32776276E-04   4644.8 2.962E-02 2.378E+08 1.981E-03 1.047E-02 2.000E+05 0.000E+00 0.000E+00 4.873E+06
 1.51771936E-03   4653.6 4.814E-02 3.136E+08 1.654E-03 9.418E-03 2.000E+05 0.000E+00 0.000E+00 4.081E+06
 2.44508947E-03   4664.7 7.749E-02 4.148E+08 1.403E-03 8.620E-03 2.000E+05 0.000E+00 0.000E+00 3.417E+06
 3.88578194E-03   4679.9 1.231E-01 5.530E+08 1.219E-03 8.039E-03 2.000E+05 0.000E+00 0.000E+00 2.866E+06
 6.06806084E-03   4699.1 1.921E-01 7.413E+08 1.087E-03 7.620E-03 2.000E+05 0.000E+00 0.000E+00 2.414E+06
 9.28513754E-03   4722.8 2.938E-01 9.991E+08 9.966E-04 7.330E-03 2.000E+05 0.000E+00 0.000E+00 2.049E+06
 1.38970437E-02   4750.7 4.397E-01 1.350E+09 9.394E-04 7.138E-03 2.000E+05 0.000E+00 0.000E+00 1.758E+06
 2.03201009E-02   4783.0 6.427E-01 1.829E+09 9.111E-04 7.028E-03 2.000E+05 0.000E+00 0.000E+00 1.528E+06
 2.90887107E-02   4815.1 9.200E-01 2.448E+09 8.958E-04 6.972E-03 2.000E+05 0.000E+00 0.000E+00 1.349E+06
 4.08734232E-02   4848.5 1.293E+00 3.253E+09 8.961E-04 6.966E-03 2.000E+05 0.000E+00 0.000E+00 1.210E+06
 5.64736459E-02   4881.8 1.786E+00 4.281E+09 9.081E-04 6.997E-03 2.000E+05 0.000E+00 0.000E+00 1.101E+06
 7.68864956E-02   4914.4 2.431E+00 5.570E+09 9.301E-04 7.061E-03 2.000E+05 0.000E+00 0.000E+00 1.017E+06
 1.03327955E-01   4946.0 3.267E+00 7.167E+09 9.619E-04 7.158E-03 2.000E+05 0.000E+00 0.000E+00 9.520E+05
 1.37255978E-01   4976.7 4.340E+00 9.128E+09 1.004E-03 7.292E-03 2.000E+05 0.000E+00 0.000E+00 9.019E+05
 1.80361767E-01   5006.7 5.703E+00 1.153E+10 1.059E-03 7.467E-03 2.000E+05 0.000E+00 0.000E+00 8.633E+05
 2.34568361E-01   5036.4 7.416E+00 1.444E+10 1.129E-03 7.688E-03 2.000E+05 0.000E+00 0.000E+00 8.337E+05
 3.02040061E-01   5066.0 9.549E+00 1.799E+10 1.215E-03 7.958E-03 2.000E+05 0.000E+00 0.000E+00 8.111E+05
 3.85261128E-01   5094.9 1.218E+01 2.222E+10 1.319E-03 8.274E-03 2.000E+05 0.000E+00 0.000E+00 7.940E+05
 4.87208753E-01   5122.9 1.540E+01 2.724E+10 1.439E-03 8.637E-03 2.000E+05 0.000E+00 0.000E+00 7.811E+05
 6.11508542E-01   5149.4 1.933E+01 3.308E+10 1.576E-03 9.039E-03 2.000E+05 0.000E+00 0.000E+00 7.714E+05
 7.62866471E-01   5173.2 2.412E+01 3.969E+10 1.726E-03 9.472E-03 2.000E+05 0.000E+00 0.000E+00 7.643E+05
 9.47281957E-01   5194.3 2.995E+01 4.711E+10 1.888E-03 9.941E-03 2.000E+05 0.000E+00 0.000E+00 7.592E+05
 1.17275114E+00   5211.2 3.708E+01 5.512E+10 2.054E-03 1.043E-02 2.000E+05 0.000E+00 0.000E+00 7.555E+05
 1.44900029E+00   5226.2 4.581E+01 6.403E+10 2.236E-03 1.098E-02 2.000E+05 0.000E+00 0.000E+00 7.530E+05
 1.78779093E+00   5238.5 5.652E+01 7.374E+10 2.430E-03 1.158E-02 2.000E+05 0.000E+00 0.000E+00 7.514E+05
 2.20242373E+00   5250.9 6.963E+01 8.488E+10 2.655E-03 1.229E-02 2.000E+05 0.000E+00 0.000E+00 7.505E+05
 2.70780509E+00   5263.2 8.560E+01 9.753E+10 2.910E-03 1.310E-02 2.000E+05 0.000E+00 0.000E+00 7.501E+05
 3.32053136E+00   5277.0 1.050E+02 1.124E+11 3.211E-03 1.407E-02 2.000E+05 0.000E+00 0.000E+00 7.502E+05
 4.05888748E+00   5292.1 1.283E+02 1.298E+11 3.564E-03 1.521E-02 2.000E+05 0.000E+00 0.000E+00 7.506E+05
 4.94245362E+00   5309.8 1.562E+02 1.506E+11 3.986E-03 1.658E-02 2.000E+05 0.000E+00 0.000E+00 7.513E+05
 5.99166895E+00   5330.5 1.894E+02 1.759E+11 4.494E-03 1.825E-02 2.000E+05 0.000E+00 0.000E+00 7.523E+05
 7.22649024E+00   5355.3 2.284E+02 2.071E+11 5.117E-03 2.030E-02 2.000E+05 0.000E+00 0.000E+00 7.536E+05
 8.66470883E+00   5385.0 2.739E+02 2.463E+11 5.891E-03 2.285E-02 2.000E+05 0.000E+00 0.000E+00 7.551E+05
 1.03189185E+01   5421.6 3.261E+02 2.972E+11 6.879E-03 2.613E-02 2.000E+05 0.000E+00 0.000E+00 7.567E+05
 1.21935535E+01   5465.9 3.854E+02 3.643E+11 8.158E-03 3.039E-02 2.000E+05 0.000E+00 0.000E+00 7.586E+05
 1.42818619E+01   5520.2 4.513E+02 4.555E+11 9.860E-03 3.607E-02 2.000E+05 0.000E+00 0.000E+00 7.607E+05
 1.65614514E+01   5586.3 5.233E+02 5.826E+11 1.218E-02 4.382E-02 2.000E+05 0.000E+00 0.000E+00 7.629E+05
 1.89924483E+01   5666.7 6.001E+02 7.649E+11 1.542E-02 5.470E-02 2.000E+05 0.000E+00 0.000E+00 7.651E+05
 2.15159614E+01   5764.0 6.797E+02 1.034E+12 2.011E-02 7.043E-02 2.000E+05 0.000E+00 0.000E+00 7.671E+05
 2.40553930E+01   5881.4 7.598E+02 1.444E+12 2.710E-02 9.399E-02 2.000E+05 0.000E+00 0.000E+00 7.687E+05
 2.65227913E+01   6021.9 8.376E+02 2.084E+12 3.790E-02 1.306E-01 2.000E+05 1.916E-04 0.000E+00 7.696E+05
 2.88269410E+01   6189.8 9.101E+02 3.118E+12 5.531E-02 1.904E-01 2.000E+05 1.539E-02 7.313E+01 7.695E+05
 3.08789313E+01   6391.1 9.745E+02 4.852E+12 8.507E-02 2.940E-01 2.000E+05 8.860E-01 2.987E+02 7.687E+05
 3.26027668E+01   6632.7 1.028E+03 7.869E+12 1.395E-01 4.875E-01 2.000E+05 6.785E+01 1.090E+03 7.678E+05
 3.39512076E+01   6922.6 1.070E+03 1.328E+13 2.468E-01 8.768E-01 2.000E+05 9.019E+03 4.367E+03 7.691E+05
 3.49232541E+01   7265.9 1.100E+03 2.313E+13 4.754E-01 1.723E+00 2.000E+05 8.865E+05 2.093E+04 7.757E+05
 3.55558558E+01   7681.8 1.118E+03 4.172E+13 1.024E+00 3.813E+00 2.000E+05 1.404E+07 9.043E+04 7.923E+05
 3.59214656E+01   8183.2 1.127E+03 7.645E+13 2.440E+00 8.674E+00 2.000E+05 4.514E+08 2.093E+05 8.252E+05
 3.61395428E+01   8645.2 1.132E+03 1.214E+14 4.997E+00 1.360E+01 2.000E+05 1.897E+09 6.781E+05 8.692E+05
 3.63067985E+01   8958.6 1.135E+03 1.579E+14 7.617E+00 1.314E+01 2.000E+05 3.788E+09 9.225E+05 9.073E+05
 3.64664287E+01   9187.1 1.138E+03 1.862E+14 9.978E+00 1.128E+01 2.000E+05 5.177E+09 1.012E+06 9.394E+05
 3.66345605E+01   9390.5 1.141E+03 2.118E+14 1.231E+01 1.025E+01 2.000E+05 5.987E+09 1.095E+06 9.707E+05
 3.68195459E+01   9596.6 1.146E+03 2.368E+14 1.469E+01 9.271E+00 2.000E+05 6.472E+09 1.129E+06 1.005E+06
 3.70305165E+01   9792.2 1.150E+03 2.592E+14 1.689E+01 9.385E+00 2.000E+05 6.781E+09 1.194E+06 1.038E+06
 3.72759183E+01  10046.9 1.156E+03 2.845E+14 1.932E+01 9.866E+00 2.000E+05 6.758E+09 1.228E+06 1.083E+06
 3.75696237E+01  10302.1 1.162E+03 3.052E+14 2.087E+01 1.074E+01 2.000E+05 6.920E+09 1.253E+06 1.128E+06
 3.79399961E+01  10705.7 1.168E+03 3.262E+14 2.149E+01 2.024E+01 2.000E+05 5.781E+09 1.451E+06 1.197E+06
 3.85085394E+01  11830.6 1.169E+03 3.311E+14 1.561E+01 3.841E+01 2.000E+05 2.333E+09 8.037E+05 1.375E+06
 4.00992500E+01  14763.6 1.183E+03 2.839E+14 5.324E+00 8.747E+00 2.000E+05 1.635E+08 2.029E+04 1.623E+06
 4.46070373E+01  14987.9 1.292E+03 3.018E+14 4.558E+00 7.470E-01 2.000E+05 1.579E+03 0.000E+00 1.635E+06
 4.98506623E+01  14988.9 1.451E+03 3.381E+14 5.011E+00 6.971E-03 2.000E+05 1.579E+03 0.000E+00 1.633E+06
PRADK 2.3925E+00
BEGIN                    ITERATION  15 COMPLETED
