TEFF   5250.  GRAVITY 4.00000 LTE 
TITLE  [-3.5a] VTURB=2  L/H=1.25 NOVER NEW ODF                                  
 OPACITY IFOP 1 1 1 1 1 1 1 1 1 1 1 1 1 0 1 0 0 0 0 0
 CONVECTION ON   1.25 TURBULENCE OFF  0.00  0.00  0.00  0.00
ABUNDANCE SCALE   0.00032 ABUNDANCE CHANGE 1 0.92156 2 0.07844
 ABUNDANCE CHANGE  3 -10.94  4 -10.64  5  -9.49  6  -3.52  7  -4.12  8  -2.81
 ABUNDANCE CHANGE  9  -7.48 10  -3.56 11  -5.71 12  -4.06 13  -5.57 14  -4.09
 ABUNDANCE CHANGE 15  -6.59 16  -4.31 17  -6.54 18  -5.24 19  -6.92 20  -5.28
 ABUNDANCE CHANGE 21  -8.87 22  -6.62 23  -8.04 24  -6.37 25  -6.65 26  -4.54
 ABUNDANCE CHANGE 27  -7.12 28  -5.79 29  -7.83 30  -7.44 31  -9.16 32  -8.63
 ABUNDANCE CHANGE 33  -9.67 34  -8.63 35  -9.41 36  -8.73 37  -9.44 38  -9.07
 ABUNDANCE CHANGE 39  -9.80 40  -9.44 41 -10.62 42 -10.12 43 -20.00 44 -10.20
 ABUNDANCE CHANGE 45 -10.92 46 -10.35 47 -11.10 48 -10.27 49 -10.38 50 -10.04
 ABUNDANCE CHANGE 51 -11.04 52  -9.80 53 -10.53 54  -9.87 55 -10.91 56  -9.91
 ABUNDANCE CHANGE 57 -10.87 58 -10.46 59 -11.33 60 -10.54 61 -20.00 62 -11.03
 ABUNDANCE CHANGE 63 -11.53 64 -10.92 65 -11.69 66 -10.90 67 -11.78 68 -11.11
 ABUNDANCE CHANGE 69 -12.04 70 -10.96 71 -11.98 72 -11.16 73 -12.17 74 -10.93
 ABUNDANCE CHANGE 75 -11.76 76 -10.59 77 -10.69 78 -10.24 79 -11.03 80 -10.91
 ABUNDANCE CHANGE 81 -11.14 82 -10.09 83 -11.33 84 -20.00 85 -20.00 86 -20.00
 ABUNDANCE CHANGE 87 -20.00 88 -20.00 89 -20.00 90 -11.95 91 -20.00 92 -12.54
 ABUNDANCE CHANGE 93 -20.00 94 -20.00 95 -20.00 96 -20.00 97 -20.00 98 -20.00
 ABUNDANCE CHANGE 99 -20.00
READ DECK6 72 RHOX,T,P,XNE,ABROSS,ACCRAD,VTURB, FLXCNV,VCONV,VELSND
 3.09005273E-03   3994.8 3.090E+01 4.706E+08 4.315E-05 1.072E-03 2.000E+05 0.000E+00 0.000E+00 6.839E+05
 4.07376824E-03   4006.8 4.074E+01 5.740E+08 4.727E-05 1.079E-03 2.000E+05 0.000E+00 0.000E+00 6.808E+05
 5.28194141E-03   4012.6 5.282E+01 6.729E+08 5.091E-05 1.087E-03 2.000E+05 0.000E+00 0.000E+00 6.783E+05
 6.75499372E-03   4024.9 6.755E+01 8.089E+08 5.647E-05 1.096E-03 2.000E+05 0.000E+00 0.000E+00 6.772E+05
 8.53069842E-03   4034.8 8.531E+01 9.549E+08 6.233E-05 1.106E-03 2.000E+05 0.000E+00 0.000E+00 6.763E+05
 1.06590919E-02   4047.9 1.066E+02 1.138E+09 6.982E-05 1.117E-03 2.000E+05 0.000E+00 0.000E+00 6.761E+05
 1.31966424E-02   4059.7 1.320E+02 1.341E+09 7.802E-05 1.130E-03 2.000E+05 0.000E+00 0.000E+00 6.761E+05
 1.62134901E-02   4072.8 1.621E+02 1.584E+09 8.778E-05 1.145E-03 2.000E+05 0.000E+00 0.000E+00 6.764E+05
 1.97896877E-02   4085.2 1.979E+02 1.858E+09 9.865E-05 1.161E-03 2.000E+05 0.000E+00 0.000E+00 6.768E+05
 2.40314663E-02   4097.4 2.403E+02 2.172E+09 1.109E-04 1.180E-03 2.000E+05 0.000E+00 0.000E+00 6.772E+05
 2.90650180E-02   4109.1 2.906E+02 2.525E+09 1.246E-04 1.200E-03 2.000E+05 0.000E+00 0.000E+00 6.777E+05
 3.50392340E-02   4120.7 3.504E+02 2.928E+09 1.400E-04 1.222E-03 2.000E+05 0.000E+00 0.000E+00 6.782E+05
 4.21293665E-02   4131.9 4.213E+02 3.385E+09 1.573E-04 1.248E-03 2.000E+05 0.000E+00 0.000E+00 6.788E+05
 5.05468646E-02   4142.8 5.055E+02 3.904E+09 1.767E-04 1.277E-03 2.000E+05 0.000E+00 0.000E+00 6.793E+05
 6.05495902E-02   4153.2 6.055E+02 4.486E+09 1.981E-04 1.309E-03 2.000E+05 0.000E+00 0.000E+00 6.798E+05
 7.24527133E-02   4163.1 7.245E+02 5.138E+09 2.218E-04 1.345E-03 2.000E+05 0.000E+00 0.000E+00 6.803E+05
 8.66380267E-02   4172.4 8.664E+02 5.866E+09 2.481E-04 1.385E-03 2.000E+05 0.000E+00 0.000E+00 6.807E+05
 1.03565401E-01   4181.2 1.036E+03 6.680E+09 2.770E-04 1.429E-03 2.000E+05 0.000E+00 0.000E+00 6.811E+05
 1.23794952E-01   4189.4 1.238E+03 7.583E+09 3.089E-04 1.479E-03 2.000E+05 0.000E+00 0.000E+00 6.813E+05
 1.48009959E-01   4197.0 1.480E+03 8.587E+09 3.439E-04 1.535E-03 2.000E+05 0.000E+00 0.000E+00 6.815E+05
 1.77019785E-01   4204.2 1.770E+03 9.711E+09 3.827E-04 1.597E-03 2.000E+05 0.000E+00 0.000E+00 6.816E+05
 2.11815106E-01   4210.9 2.118E+03 1.095E+10 4.251E-04 1.665E-03 2.000E+05 0.000E+00 0.000E+00 6.816E+05
 2.53582474E-01   4217.3 2.536E+03 1.234E+10 4.723E-04 1.741E-03 2.000E+05 0.000E+00 0.000E+00 6.814E+05
 3.03747344E-01   4223.3 3.037E+03 1.388E+10 5.241E-04 1.825E-03 2.000E+05 0.000E+00 0.000E+00 6.812E+05
 3.64055583E-01   4228.8 3.641E+03 1.559E+10 5.811E-04 1.919E-03 2.000E+05 0.000E+00 0.000E+00 6.808E+05
 4.36621006E-01   4234.0 4.366E+03 1.749E+10 6.438E-04 2.022E-03 2.000E+05 0.000E+00 0.000E+00 6.802E+05
 5.23935572E-01   4239.1 5.239E+03 1.962E+10 7.137E-04 2.139E-03 2.000E+05 0.000E+00 0.000E+00 6.794E+05
 6.29008765E-01   4244.0 6.290E+03 2.198E+10 7.907E-04 2.267E-03 2.000E+05 0.000E+00 0.000E+00 6.785E+05
 7.55420675E-01   4248.9 7.554E+03 2.465E+10 8.769E-04 2.411E-03 2.000E+05 0.000E+00 0.000E+00 6.774E+05
 9.07434832E-01   4253.8 9.074E+03 2.763E+10 9.724E-04 2.571E-03 2.000E+05 0.000E+00 0.000E+00 6.760E+05
 1.09010447E+00   4258.9 1.090E+04 3.100E+10 1.080E-03 2.751E-03 2.000E+05 0.000E+00 0.000E+00 6.744E+05
 1.30939951E+00   4264.1 1.309E+04 3.481E+10 1.200E-03 2.954E-03 2.000E+05 0.000E+00 0.000E+00 6.726E+05
 1.57229766E+00   4269.9 1.572E+04 3.916E+10 1.336E-03 3.182E-03 2.000E+05 0.000E+00 0.000E+00 6.705E+05
 1.88701439E+00   4275.9 1.887E+04 4.409E+10 1.489E-03 3.438E-03 2.000E+05 0.000E+00 0.000E+00 6.683E+05
 2.26320535E+00   4282.4 2.263E+04 4.974E+10 1.663E-03 3.728E-03 2.000E+05 0.000E+00 0.000E+00 6.658E+05
 2.71210436E+00   4289.5 2.712E+04 5.621E+10 1.860E-03 4.056E-03 2.000E+05 0.000E+00 0.000E+00 6.631E+05
 3.24668369E+00   4297.4 3.247E+04 6.369E+10 2.085E-03 4.432E-03 2.000E+05 0.000E+00 0.000E+00 6.604E+05
 3.88136109E+00   4306.4 3.881E+04 7.245E+10 2.346E-03 4.867E-03 2.000E+05 0.000E+00 0.000E+00 6.575E+05
 4.63190366E+00   4316.8 4.632E+04 8.281E+10 2.652E-03 5.375E-03 2.000E+05 0.000E+00 0.000E+00 6.548E+05
 5.51523911E+00   4328.8 5.515E+04 9.519E+10 3.011E-03 5.971E-03 2.000E+05 0.000E+00 0.000E+00 6.522E+05
 6.54891665E+00   4343.3 6.549E+04 1.103E+11 3.444E-03 6.683E-03 2.000E+05 0.000E+00 0.000E+00 6.499E+05
 7.74912581E+00   4360.6 7.749E+04 1.290E+11 3.973E-03 7.545E-03 2.000E+05 0.000E+00 0.000E+00 6.482E+05
 9.12936678E+00   4381.7 9.129E+04 1.528E+11 4.633E-03 8.614E-03 2.000E+05 0.000E+00 0.000E+00 6.471E+05
 1.06966021E+01   4407.7 1.070E+05 1.839E+11 5.479E-03 9.971E-03 2.000E+05 0.000E+00 0.000E+00 6.470E+05
 1.24506298E+01   4439.1 1.245E+05 2.252E+11 6.578E-03 1.172E-02 2.000E+05 0.000E+00 0.000E+00 6.479E+05
 1.43798073E+01   4477.7 1.438E+05 2.820E+11 8.054E-03 1.403E-02 2.000E+05 0.000E+00 0.000E+00 6.503E+05
 1.64628476E+01   4523.6 1.646E+05 3.606E+11 1.004E-02 1.710E-02 2.000E+05 0.000E+00 0.000E+00 6.542E+05
 1.86600171E+01   4580.9 1.866E+05 4.777E+11 1.289E-02 2.146E-02 2.000E+05 0.000E+00 0.000E+00 6.602E+05
 2.09090537E+01   4651.9 2.091E+05 6.589E+11 1.710E-02 2.780E-02 2.000E+05 0.000E+00 0.000E+00 6.686E+05
 2.30900913E+01   4752.3 2.309E+05 9.925E+11 2.440E-02 3.865E-02 2.000E+05 6.332E+05 0.000E+00 6.819E+05
 2.50884425E+01   4873.1 2.509E+05 1.567E+12 3.608E-02 5.571E-02 2.000E+05 1.217E+07 1.598E+04 6.979E+05
 2.68471107E+01   5020.8 2.684E+05 2.624E+12 5.574E-02 8.359E-02 2.000E+05 5.499E+07 4.153E+04 7.169E+05
 2.83644073E+01   5180.1 2.836E+05 4.405E+12 8.572E-02 1.239E-01 2.000E+05 1.427E+08 6.025E+04 7.358E+05
 2.96982335E+01   5343.2 2.970E+05 7.231E+12 1.286E-01 1.769E-01 2.000E+05 2.763E+08 7.705E+04 7.533E+05
 3.08825007E+01   5520.8 3.088E+05 1.195E+13 1.932E-01 2.474E-01 2.000E+05 4.754E+08 9.168E+04 7.704E+05
 3.19412621E+01   5704.3 3.194E+05 1.942E+13 2.851E-01 3.276E-01 2.000E+05 7.710E+08 1.101E+05 7.863E+05
 3.29161372E+01   5880.6 3.291E+05 3.008E+13 4.043E-01 3.964E-01 2.000E+05 1.144E+09 1.268E+05 8.001E+05
 3.38551832E+01   6043.4 3.385E+05 4.410E+13 5.486E-01 4.380E-01 2.000E+05 1.552E+09 1.407E+05 8.118E+05
 3.47871971E+01   6203.7 3.479E+05 6.308E+13 7.302E-01 4.586E-01 2.000E+05 1.944E+09 1.525E+05 8.224E+05
 3.57321034E+01   6357.9 3.573E+05 8.760E+13 9.507E-01 4.600E-01 2.000E+05 2.276E+09 1.598E+05 8.319E+05
 3.67055457E+01   6511.6 3.670E+05 1.198E+14 1.224E+00 4.578E-01 2.000E+05 2.537E+09 1.658E+05 8.406E+05
 3.77187506E+01   6664.4 3.772E+05 1.613E+14 1.561E+00 4.551E-01 2.000E+05 2.731E+09 1.687E+05 8.485E+05
 3.87827236E+01   6817.2 3.878E+05 2.145E+14 1.976E+00 4.578E-01 2.000E+05 2.876E+09 1.709E+05 8.557E+05
 3.99057621E+01   6972.2 3.990E+05 2.831E+14 2.492E+00 4.630E-01 2.000E+05 2.984E+09 1.718E+05 8.624E+05
 4.10963616E+01   7127.7 4.109E+05 3.699E+14 3.127E+00 4.696E-01 2.000E+05 3.071E+09 1.718E+05 8.684E+05
 4.23628568E+01   7286.1 4.236E+05 4.805E+14 3.917E+00 4.786E-01 2.000E+05 3.138E+09 1.721E+05 8.738E+05
 4.37123896E+01   7446.6 4.371E+05 6.199E+14 4.896E+00 4.817E-01 2.000E+05 3.192E+09 1.702E+05 8.786E+05
 4.51551758E+01   7607.5 4.515E+05 7.927E+14 6.097E+00 4.880E-01 2.000E+05 3.241E+09 1.703E+05 8.829E+05
 4.66977933E+01   7774.0 4.670E+05 1.012E+15 7.609E+00 4.896E-01 2.000E+05 3.273E+09 1.672E+05 8.868E+05
 4.83552293E+01   7935.9 4.835E+05 1.274E+15 9.403E+00 4.886E-01 2.000E+05 3.305E+09 1.662E+05 8.901E+05
 5.01340123E+01   8107.7 5.013E+05 1.610E+15 1.172E+01 4.899E-01 2.000E+05 3.330E+09 1.632E+05 8.933E+05
 5.20510052E+01   8269.9 5.205E+05 1.995E+15 1.437E+01 5.189E-01 2.000E+05 3.340E+09 1.609E+05 8.962E+05
PRADK 1.0085E+00
BEGIN                    ITERATION  15 COMPLETED
