TEFF   6500.  GRAVITY 2.00000 LTE 
TITLE  [-3.5a] VTURB=2  L/H=1.25 NOVER NEW ODF                                  
 OPACITY IFOP 1 1 1 1 1 1 1 1 1 1 1 1 1 0 1 0 0 0 0 0
 CONVECTION ON   1.25 TURBULENCE OFF  0.00  0.00  0.00  0.00
ABUNDANCE SCALE   0.00032 ABUNDANCE CHANGE 1 0.92156 2 0.07844
 ABUNDANCE CHANGE  3 -10.94  4 -10.64  5  -9.49  6  -3.52  7  -4.12  8  -2.81
 ABUNDANCE CHANGE  9  -7.48 10  -3.56 11  -5.71 12  -4.06 13  -5.57 14  -4.09
 ABUNDANCE CHANGE 15  -6.59 16  -4.31 17  -6.54 18  -5.24 19  -6.92 20  -5.28
 ABUNDANCE CHANGE 21  -8.87 22  -6.62 23  -8.04 24  -6.37 25  -6.65 26  -4.54
 ABUNDANCE CHANGE 27  -7.12 28  -5.79 29  -7.83 30  -7.44 31  -9.16 32  -8.63
 ABUNDANCE CHANGE 33  -9.67 34  -8.63 35  -9.41 36  -8.73 37  -9.44 38  -9.07
 ABUNDANCE CHANGE 39  -9.80 40  -9.44 41 -10.62 42 -10.12 43 -20.00 44 -10.20
 ABUNDANCE CHANGE 45 -10.92 46 -10.35 47 -11.10 48 -10.27 49 -10.38 50 -10.04
 ABUNDANCE CHANGE 51 -11.04 52  -9.80 53 -10.53 54  -9.87 55 -10.91 56  -9.91
 ABUNDANCE CHANGE 57 -10.87 58 -10.46 59 -11.33 60 -10.54 61 -20.00 62 -11.03
 ABUNDANCE CHANGE 63 -11.53 64 -10.92 65 -11.69 66 -10.90 67 -11.78 68 -11.11
 ABUNDANCE CHANGE 69 -12.04 70 -10.96 71 -11.98 72 -11.16 73 -12.17 74 -10.93
 ABUNDANCE CHANGE 75 -11.76 76 -10.59 77 -10.69 78 -10.24 79 -11.03 80 -10.91
 ABUNDANCE CHANGE 81 -11.14 82 -10.09 83 -11.33 84 -20.00 85 -20.00 86 -20.00
 ABUNDANCE CHANGE 87 -20.00 88 -20.00 89 -20.00 90 -11.95 91 -20.00 92 -12.54
 ABUNDANCE CHANGE 93 -20.00 94 -20.00 95 -20.00 96 -20.00 97 -20.00 98 -20.00
 ABUNDANCE CHANGE 99 -20.00
READ DECK6 72 RHOX,T,P,XNE,ABROSS,ACCRAD,VTURB, FLXCNV,VCONV,VELSND
 1.41624353E-05   4683.8 1.426E-03 5.884E+07 9.325E-03 3.565E-02 2.000E+05 0.000E+00 0.000E+00 1.337E+07
 1.92137822E-05   4684.8 1.938E-03 6.910E+07 8.088E-03 3.153E-02 2.000E+05 0.000E+00 0.000E+00 1.198E+07
 2.70074213E-05   4685.8 2.728E-03 8.264E+07 6.896E-03 2.759E-02 2.000E+05 0.000E+00 0.000E+00 1.061E+07
 3.93648924E-05   4686.8 3.975E-03 1.005E+08 5.794E-03 2.393E-02 2.000E+05 0.000E+00 1.114E+06 9.303E+06
 5.93295989E-05   4687.8 5.982E-03 1.241E+08 4.801E-03 2.063E-02 2.000E+05 0.000E+00 0.000E+00 8.076E+06
 9.16718768E-05   4689.3 9.226E-03 1.554E+08 3.948E-03 1.781E-02 2.000E+05 0.000E+00 1.671E+05 6.957E+06
 1.44175851E-04   4692.4 1.449E-02 1.974E+08 3.246E-03 1.550E-02 2.000E+05 0.000E+00 2.021E+05 5.951E+06
 2.29340371E-04   4696.8 2.302E-02 2.532E+08 2.673E-03 1.364E-02 2.000E+05 0.000E+00 0.000E+00 5.064E+06
 3.67112903E-04   4701.9 3.682E-02 3.267E+08 2.208E-03 1.214E-02 2.000E+05 0.000E+00 0.000E+00 4.294E+06
 5.88626331E-04   4708.8 5.899E-02 4.244E+08 1.840E-03 1.096E-02 2.000E+05 0.000E+00 0.000E+00 3.628E+06
 9.42595641E-04   4715.3 9.441E-02 5.503E+08 1.539E-03 1.001E-02 2.000E+05 0.000E+00 0.000E+00 3.065E+06
 1.50269264E-03   4724.5 1.504E-01 7.185E+08 1.308E-03 9.289E-03 2.000E+05 0.000E+00 0.000E+00 2.587E+06
 2.37236634E-03   4736.9 2.374E-01 9.442E+08 1.135E-03 8.753E-03 2.000E+05 0.000E+00 0.000E+00 2.188E+06
 3.69270379E-03   4752.8 3.695E-01 1.247E+09 1.009E-03 8.363E-03 2.000E+05 0.000E+00 0.000E+00 1.863E+06
 5.64434276E-03   4772.9 5.647E-01 1.655E+09 9.228E-04 8.096E-03 2.000E+05 0.000E+00 0.000E+00 1.601E+06
 8.44831330E-03   4796.4 8.450E-01 2.199E+09 8.678E-04 7.926E-03 2.000E+05 0.000E+00 0.000E+00 1.395E+06
 1.23740170E-02   4822.2 1.238E+00 2.910E+09 8.363E-04 7.836E-03 2.000E+05 0.000E+00 0.000E+00 1.235E+06
 1.77311887E-02   4850.7 1.773E+00 3.841E+09 8.273E-04 7.813E-03 2.000E+05 0.000E+00 0.000E+00 1.113E+06
 2.48729033E-02   4880.4 2.487E+00 5.031E+09 8.357E-04 7.841E-03 2.000E+05 0.000E+00 0.000E+00 1.021E+06
 3.42082259E-02   4910.8 3.421E+00 6.531E+09 8.598E-04 7.916E-03 2.000E+05 0.000E+00 0.000E+00 9.509E+05
 4.62188877E-02   4940.7 4.622E+00 8.378E+09 8.969E-04 8.031E-03 2.000E+05 0.000E+00 0.000E+00 8.986E+05
 6.14799100E-02   4969.7 6.148E+00 1.062E+10 9.463E-04 8.184E-03 2.000E+05 0.000E+00 0.000E+00 8.594E+05
 8.06796898E-02   4997.3 8.068E+00 1.330E+10 1.007E-03 8.374E-03 2.000E+05 0.000E+00 0.000E+00 8.300E+05
 1.04632567E-01   5023.8 1.046E+01 1.649E+10 1.081E-03 8.605E-03 2.000E+05 0.000E+00 0.000E+00 8.080E+05
 1.34291262E-01   5049.1 1.343E+01 2.024E+10 1.168E-03 8.880E-03 2.000E+05 0.000E+00 0.000E+00 7.915E+05
 1.70779482E-01   5073.4 1.708E+01 2.463E+10 1.269E-03 9.201E-03 2.000E+05 0.000E+00 0.000E+00 7.791E+05
 2.15415993E-01   5096.8 2.154E+01 2.974E+10 1.387E-03 9.569E-03 2.000E+05 0.000E+00 0.000E+00 7.700E+05
 2.69758935E-01   5119.4 2.697E+01 3.567E+10 1.522E-03 9.987E-03 2.000E+05 0.000E+00 0.000E+00 7.632E+05
 3.35656610E-01   5141.1 3.356E+01 4.252E+10 1.677E-03 1.046E-02 2.000E+05 0.000E+00 0.000E+00 7.583E+05
 4.15390193E-01   5161.3 4.154E+01 5.028E+10 1.849E-03 1.098E-02 2.000E+05 0.000E+00 0.000E+00 7.549E+05
 5.11747454E-01   5180.3 5.117E+01 5.908E+10 2.041E-03 1.155E-02 2.000E+05 0.000E+00 0.000E+00 7.525E+05
 6.28298501E-01   5196.7 6.282E+01 6.876E+10 2.247E-03 1.216E-02 2.000E+05 0.000E+00 0.000E+00 7.510E+05
 7.69441937E-01   5211.8 7.694E+01 7.956E+10 2.474E-03 1.284E-02 2.000E+05 0.000E+00 0.000E+00 7.502E+05
 9.40796401E-01   5223.7 9.407E+01 9.113E+10 2.712E-03 1.356E-02 2.000E+05 0.000E+00 0.000E+00 7.498E+05
 1.14911804E+00   5234.9 1.149E+02 1.041E+11 2.977E-03 1.438E-02 2.000E+05 0.000E+00 0.000E+00 7.499E+05
 1.40251689E+00   5244.2 1.402E+02 1.182E+11 3.262E-03 1.528E-02 2.000E+05 0.000E+00 0.000E+00 7.502E+05
 1.71037957E+00   5254.0 1.710E+02 1.343E+11 3.587E-03 1.632E-02 2.000E+05 0.000E+00 0.000E+00 7.507E+05
 2.08314432E+00   5264.2 2.083E+02 1.526E+11 3.956E-03 1.751E-02 2.000E+05 0.000E+00 0.000E+00 7.515E+05
 2.53270938E+00   5275.8 2.532E+02 1.740E+11 4.386E-03 1.891E-02 2.000E+05 0.000E+00 0.000E+00 7.524E+05
 3.07189967E+00   5289.6 3.071E+02 1.994E+11 4.891E-03 2.056E-02 2.000E+05 0.000E+00 0.000E+00 7.535E+05
 3.71463813E+00   5305.7 3.714E+02 2.297E+11 5.488E-03 2.253E-02 2.000E+05 0.000E+00 0.000E+00 7.548E+05
 4.47541628E+00   5325.5 4.475E+02 2.666E+11 6.208E-03 2.491E-02 2.000E+05 0.000E+00 0.000E+00 7.563E+05
 5.36814901E+00   5349.4 5.367E+02 3.124E+11 7.087E-03 2.783E-02 2.000E+05 0.000E+00 0.000E+00 7.579E+05
 6.40541477E+00   5378.6 6.404E+02 3.702E+11 8.178E-03 3.146E-02 2.000E+05 0.000E+00 0.000E+00 7.597E+05
 7.59585666E+00   5414.8 7.594E+02 4.454E+11 9.569E-03 3.611E-02 2.000E+05 0.000E+00 0.000E+00 7.619E+05
 8.94251948E+00   5459.1 8.940E+02 5.450E+11 1.137E-02 4.212E-02 2.000E+05 0.000E+00 0.000E+00 7.642E+05
 1.04404694E+01   5513.6 1.044E+03 6.810E+11 1.375E-02 5.013E-02 2.000E+05 0.000E+00 0.000E+00 7.669E+05
 1.20737947E+01   5580.1 1.207E+03 8.712E+11 1.700E-02 6.103E-02 2.000E+05 0.000E+00 0.000E+00 7.698E+05
 1.38142644E+01   5661.3 1.381E+03 1.145E+12 2.155E-02 7.629E-02 2.000E+05 0.000E+00 0.000E+00 7.730E+05
 1.56207935E+01   5759.6 1.561E+03 1.551E+12 2.808E-02 9.821E-02 2.000E+05 0.000E+00 0.000E+00 7.762E+05
 1.74405329E+01   5878.3 1.743E+03 2.172E+12 3.778E-02 1.308E-01 2.000E+05 0.000E+00 0.000E+00 7.792E+05
 1.92132751E+01   6020.1 1.920E+03 3.146E+12 5.264E-02 1.809E-01 2.000E+05 1.243E-03 0.000E+00 7.818E+05
 2.08773318E+01   6189.1 2.086E+03 4.720E+12 7.631E-02 2.614E-01 2.000E+05 1.347E-01 1.069E+02 7.834E+05
 2.23736120E+01   6390.4 2.235E+03 7.353E+12 1.159E-01 3.975E-01 2.000E+05 6.818E+00 4.872E+02 7.838E+05
 2.36517584E+01   6630.5 2.363E+03 1.191E+13 1.861E-01 6.431E-01 2.000E+05 3.878E+02 1.712E+03 7.833E+05
 2.46771825E+01   6917.5 2.464E+03 2.008E+13 3.199E-01 1.119E+00 2.000E+05 3.497E+04 6.255E+03 7.830E+05
 2.54433451E+01   7255.5 2.540E+03 3.489E+13 5.922E-01 2.113E+00 2.000E+05 1.827E+06 2.648E+04 7.857E+05
 2.59610169E+01   7673.0 2.590E+03 6.372E+13 1.234E+00 4.518E+00 2.000E+05 3.132E+07 9.192E+04 7.960E+05
 2.62700271E+01   8173.1 2.619E+03 1.187E+14 2.847E+00 9.841E+00 2.000E+05 5.912E+08 2.172E+05 8.195E+05
 2.64611804E+01   8612.5 2.635E+03 1.895E+14 5.613E+00 1.438E+01 2.000E+05 2.193E+09 5.666E+05 8.508E+05
 2.66112889E+01   8902.5 2.648E+03 2.482E+14 8.439E+00 1.346E+01 2.000E+05 4.108E+09 7.173E+05 8.772E+05
 2.67550026E+01   9115.8 2.661E+03 2.971E+14 1.113E+01 1.141E+01 2.000E+05 5.449E+09 7.763E+05 8.996E+05
 2.69047593E+01   9301.4 2.674E+03 3.428E+14 1.391E+01 9.929E+00 2.000E+05 6.272E+09 8.197E+05 9.213E+05
 2.70674363E+01   9475.2 2.689E+03 3.878E+14 1.681E+01 8.805E+00 2.000E+05 6.766E+09 8.464E+05 9.434E+05
 2.72491442E+01   9643.7 2.706E+03 4.326E+14 1.987E+01 8.005E+00 2.000E+05 7.081E+09 8.639E+05 9.664E+05
 2.74558066E+01   9814.0 2.725E+03 4.784E+14 2.315E+01 7.696E+00 2.000E+05 7.280E+09 8.918E+05 9.911E+05
 2.76931649E+01   9999.5 2.747E+03 5.274E+14 2.680E+01 7.336E+00 2.000E+05 7.350E+09 8.984E+05 1.019E+06
 2.79707311E+01  10184.8 2.772E+03 5.750E+14 3.014E+01 7.390E+00 2.000E+05 7.531E+09 9.272E+05 1.049E+06
 2.82996550E+01  10421.3 2.803E+03 6.307E+14 3.394E+01 7.962E+00 2.000E+05 7.481E+09 9.675E+05 1.088E+06
 2.86938362E+01  10684.8 2.839E+03 6.848E+14 3.719E+01 7.981E+00 2.000E+05 7.471E+09 9.460E+05 1.131E+06
 2.91810160E+01  10987.9 2.883E+03 7.355E+14 3.933E+01 1.227E+01 2.000E+05 7.467E+09 1.076E+06 1.180E+06
 2.98455770E+01  11765.8 2.939E+03 7.945E+14 3.596E+01 1.720E+01 2.000E+05 6.762E+09 1.076E+06 1.296E+06
PRADK 2.3934E+00
BEGIN                    ITERATION  15 COMPLETED
