TEFF   5750.  GRAVITY 4.00000 LTE 
TITLE  [-3.5a] VTURB=2  L/H=1.25 NOVER NEW ODF                                  
 OPACITY IFOP 1 1 1 1 1 1 1 1 1 1 1 1 1 0 1 0 0 0 0 0
 CONVECTION ON   1.25 TURBULENCE OFF  0.00  0.00  0.00  0.00
ABUNDANCE SCALE   0.00032 ABUNDANCE CHANGE 1 0.92156 2 0.07844
 ABUNDANCE CHANGE  3 -10.94  4 -10.64  5  -9.49  6  -3.52  7  -4.12  8  -2.81
 ABUNDANCE CHANGE  9  -7.48 10  -3.56 11  -5.71 12  -4.06 13  -5.57 14  -4.09
 ABUNDANCE CHANGE 15  -6.59 16  -4.31 17  -6.54 18  -5.24 19  -6.92 20  -5.28
 ABUNDANCE CHANGE 21  -8.87 22  -6.62 23  -8.04 24  -6.37 25  -6.65 26  -4.54
 ABUNDANCE CHANGE 27  -7.12 28  -5.79 29  -7.83 30  -7.44 31  -9.16 32  -8.63
 ABUNDANCE CHANGE 33  -9.67 34  -8.63 35  -9.41 36  -8.73 37  -9.44 38  -9.07
 ABUNDANCE CHANGE 39  -9.80 40  -9.44 41 -10.62 42 -10.12 43 -20.00 44 -10.20
 ABUNDANCE CHANGE 45 -10.92 46 -10.35 47 -11.10 48 -10.27 49 -10.38 50 -10.04
 ABUNDANCE CHANGE 51 -11.04 52  -9.80 53 -10.53 54  -9.87 55 -10.91 56  -9.91
 ABUNDANCE CHANGE 57 -10.87 58 -10.46 59 -11.33 60 -10.54 61 -20.00 62 -11.03
 ABUNDANCE CHANGE 63 -11.53 64 -10.92 65 -11.69 66 -10.90 67 -11.78 68 -11.11
 ABUNDANCE CHANGE 69 -12.04 70 -10.96 71 -11.98 72 -11.16 73 -12.17 74 -10.93
 ABUNDANCE CHANGE 75 -11.76 76 -10.59 77 -10.69 78 -10.24 79 -11.03 80 -10.91
 ABUNDANCE CHANGE 81 -11.14 82 -10.09 83 -11.33 84 -20.00 85 -20.00 86 -20.00
 ABUNDANCE CHANGE 87 -20.00 88 -20.00 89 -20.00 90 -11.95 91 -20.00 92 -12.54
 ABUNDANCE CHANGE 93 -20.00 94 -20.00 95 -20.00 96 -20.00 97 -20.00 98 -20.00
 ABUNDANCE CHANGE 99 -20.00
READ DECK6 72 RHOX,T,P,XNE,ABROSS,ACCRAD,VTURB, FLXCNV,VCONV,VELSND
 9.47509284E-04   4354.4 9.474E+00 1.356E+09 1.407E-04 3.015E-03 2.000E+05 0.000E+00 0.000E+00 7.707E+05
 1.25757590E-03   4362.8 1.257E+01 1.618E+09 1.462E-04 3.031E-03 2.000E+05 0.000E+00 0.000E+00 7.534E+05
 1.65584051E-03   4367.7 1.656E+01 1.896E+09 1.517E-04 3.048E-03 2.000E+05 0.000E+00 0.000E+00 7.404E+05
 2.16065743E-03   4377.3 2.161E+01 2.255E+09 1.617E-04 3.073E-03 2.000E+05 0.000E+00 0.000E+00 7.310E+05
 2.79087847E-03   4385.8 2.791E+01 2.654E+09 1.731E-04 3.101E-03 2.000E+05 0.000E+00 0.000E+00 7.241E+05
 3.56902751E-03   4396.8 3.569E+01 3.142E+09 1.884E-04 3.136E-03 2.000E+05 0.000E+00 0.000E+00 7.192E+05
 4.51920138E-03   4408.1 4.519E+01 3.705E+09 2.064E-04 3.177E-03 2.000E+05 0.000E+00 0.000E+00 7.158E+05
 5.67080704E-03   4420.4 5.671E+01 4.365E+09 2.279E-04 3.223E-03 2.000E+05 0.000E+00 0.000E+00 7.134E+05
 7.05725886E-03   4433.2 7.057E+01 5.131E+09 2.530E-04 3.277E-03 2.000E+05 0.000E+00 0.000E+00 7.119E+05
 8.72104597E-03   4445.5 8.721E+01 5.997E+09 2.813E-04 3.335E-03 2.000E+05 0.000E+00 0.000E+00 7.108E+05
 1.07156907E-02   4457.4 1.072E+02 6.974E+09 3.129E-04 3.400E-03 2.000E+05 0.000E+00 0.000E+00 7.102E+05
 1.31127374E-02   4467.6 1.311E+02 8.037E+09 3.468E-04 3.470E-03 2.000E+05 0.000E+00 0.000E+00 7.097E+05
 1.59869237E-02   4479.1 1.599E+02 9.294E+09 3.869E-04 3.552E-03 2.000E+05 0.000E+00 0.000E+00 7.097E+05
 1.94232841E-02   4490.1 1.942E+02 1.070E+10 4.312E-04 3.641E-03 2.000E+05 0.000E+00 0.000E+00 7.097E+05
 2.35317562E-02   4501.1 2.353E+02 1.231E+10 4.813E-04 3.742E-03 2.000E+05 0.000E+00 0.000E+00 7.099E+05
 2.84402800E-02   4511.9 2.844E+02 1.412E+10 5.371E-04 3.854E-03 2.000E+05 0.000E+00 0.000E+00 7.103E+05
 3.43088002E-02   4522.1 3.431E+02 1.614E+10 5.988E-04 3.979E-03 2.000E+05 0.000E+00 0.000E+00 7.106E+05
 4.13282514E-02   4532.0 4.133E+02 1.842E+10 6.676E-04 4.119E-03 2.000E+05 0.000E+00 0.000E+00 7.111E+05
 4.97336655E-02   4541.2 4.973E+02 2.093E+10 7.426E-04 4.272E-03 2.000E+05 0.000E+00 0.000E+00 7.115E+05
 5.98109118E-02   4549.9 5.981E+02 2.375E+10 8.258E-04 4.443E-03 2.000E+05 0.000E+00 0.000E+00 7.119E+05
 7.19105979E-02   4557.7 7.191E+02 2.684E+10 9.162E-04 4.629E-03 2.000E+05 0.000E+00 0.000E+00 7.123E+05
 8.64554780E-02   4565.3 8.645E+02 3.030E+10 1.016E-03 4.838E-03 2.000E+05 0.000E+00 0.000E+00 7.127E+05
 1.03966419E-01   4571.8 1.040E+03 3.407E+10 1.125E-03 5.065E-03 2.000E+05 0.000E+00 0.000E+00 7.131E+05
 1.25040707E-01   4578.9 1.250E+03 3.840E+10 1.247E-03 5.321E-03 2.000E+05 0.000E+00 0.000E+00 7.135E+05
 1.50421309E-01   4584.7 1.504E+03 4.306E+10 1.379E-03 5.598E-03 2.000E+05 0.000E+00 0.000E+00 7.138E+05
 1.81020630E-01   4590.6 1.810E+03 4.832E+10 1.526E-03 5.909E-03 2.000E+05 0.000E+00 0.000E+00 7.141E+05
 2.17933828E-01   4595.7 2.179E+03 5.405E+10 1.685E-03 6.248E-03 2.000E+05 0.000E+00 0.000E+00 7.143E+05
 2.62476554E-01   4600.9 2.625E+03 6.052E+10 1.863E-03 6.629E-03 2.000E+05 0.000E+00 0.000E+00 7.145E+05
 3.16230680E-01   4605.6 3.162E+03 6.762E+10 2.058E-03 7.047E-03 2.000E+05 0.000E+00 0.000E+00 7.146E+05
 3.81118217E-01   4610.3 3.811E+03 7.557E+10 2.274E-03 7.517E-03 2.000E+05 0.000E+00 0.000E+00 7.147E+05
 4.59430796E-01   4614.7 4.594E+03 8.439E+10 2.513E-03 8.038E-03 2.000E+05 0.000E+00 0.000E+00 7.147E+05
 5.53886520E-01   4619.5 5.539E+03 9.434E+10 2.780E-03 8.622E-03 2.000E+05 0.000E+00 0.000E+00 7.147E+05
 6.67733971E-01   4624.2 6.677E+03 1.055E+11 3.076E-03 9.271E-03 2.000E+05 0.000E+00 0.000E+00 7.146E+05
 8.04818545E-01   4629.4 8.048E+03 1.181E+11 3.409E-03 1.000E-02 2.000E+05 0.000E+00 0.000E+00 7.145E+05
 9.69629167E-01   4635.0 9.696E+03 1.324E+11 3.784E-03 1.083E-02 2.000E+05 0.000E+00 0.000E+00 7.143E+05
 1.16740512E+00   4641.3 1.167E+04 1.487E+11 4.210E-03 1.177E-02 2.000E+05 0.000E+00 0.000E+00 7.141E+05
 1.40409331E+00   4648.7 1.404E+04 1.677E+11 4.699E-03 1.284E-02 2.000E+05 0.000E+00 0.000E+00 7.138E+05
 1.68643674E+00   4657.4 1.686E+04 1.898E+11 5.262E-03 1.408E-02 2.000E+05 0.000E+00 0.000E+00 7.135E+05
 2.02200529E+00   4667.6 2.022E+04 2.158E+11 5.916E-03 1.551E-02 2.000E+05 0.000E+00 0.000E+00 7.133E+05
 2.41901302E+00   4679.7 2.419E+04 2.468E+11 6.684E-03 1.719E-02 2.000E+05 0.000E+00 0.000E+00 7.131E+05
 2.88609202E+00   4694.3 2.886E+04 2.843E+11 7.600E-03 1.919E-02 2.000E+05 0.000E+00 0.000E+00 7.131E+05
 3.43183232E+00   4712.0 3.432E+04 3.305E+11 8.707E-03 2.159E-02 2.000E+05 0.000E+00 0.000E+00 7.133E+05
 4.06386424E+00   4733.7 4.064E+04 3.889E+11 1.008E-02 2.456E-02 2.000E+05 0.000E+00 0.000E+00 7.138E+05
 4.78814715E+00   4760.2 4.788E+04 4.637E+11 1.179E-02 2.826E-02 2.000E+05 0.000E+00 0.000E+00 7.148E+05
 5.60804109E+00   4792.7 5.608E+04 5.622E+11 1.399E-02 3.298E-02 2.000E+05 0.000E+00 0.000E+00 7.165E+05
 6.52169122E+00   4832.8 6.522E+04 6.964E+11 1.689E-02 3.918E-02 2.000E+05 0.000E+00 0.000E+00 7.190E+05
 7.52150321E+00   4881.8 7.521E+04 8.830E+11 2.078E-02 4.745E-02 2.000E+05 0.000E+00 0.000E+00 7.226E+05
 8.59320124E+00   4942.0 8.593E+04 1.152E+12 2.615E-02 5.882E-02 2.000E+05 0.000E+00 0.000E+00 7.275E+05
 9.71492767E+00   5015.3 9.715E+04 1.552E+12 3.374E-02 7.482E-02 2.000E+05 0.000E+00 0.000E+00 7.337E+05
 1.08577683E+01   5104.5 1.086E+05 2.168E+12 4.477E-02 9.803E-02 2.000E+05 0.000E+00 0.000E+00 7.416E+05
 1.19939275E+01   5209.0 1.199E+05 3.121E+12 6.073E-02 1.316E-01 2.000E+05 0.000E+00 0.000E+00 7.507E+05
 1.30882788E+01   5339.9 1.309E+05 4.756E+12 8.602E-02 1.849E-01 2.000E+05 9.639E+04 0.000E+00 7.619E+05
 1.40916511E+01   5506.1 1.409E+05 7.769E+12 1.284E-01 2.746E-01 2.000E+05 3.809E+06 1.150E+04 7.754E+05
 1.49713048E+01   5705.3 1.497E+05 1.333E+13 1.987E-01 4.222E-01 2.000E+05 3.211E+07 3.825E+04 7.904E+05
 1.57153199E+01   5943.2 1.572E+05 2.401E+13 3.193E-01 6.692E-01 2.000E+05 1.065E+08 7.249E+04 8.066E+05
 1.63194299E+01   6225.0 1.632E+05 4.515E+13 5.321E-01 1.072E+00 2.000E+05 3.123E+08 9.359E+04 8.234E+05
 1.68064631E+01   6514.1 1.681E+05 8.135E+13 8.633E-01 1.571E+00 2.000E+05 7.686E+08 1.406E+05 8.380E+05
 1.72250095E+01   6766.0 1.722E+05 1.306E+14 1.285E+00 1.951E+00 2.000E+05 1.428E+09 1.750E+05 8.484E+05
 1.76112620E+01   6991.6 1.761E+05 1.940E+14 1.809E+00 2.164E+00 2.000E+05 2.145E+09 2.004E+05 8.559E+05
 1.79842294E+01   7200.1 1.798E+05 2.738E+14 2.455E+00 2.228E+00 2.000E+05 2.799E+09 2.176E+05 8.615E+05
 1.83560386E+01   7394.7 1.836E+05 3.715E+14 3.242E+00 2.194E+00 2.000E+05 3.321E+09 2.273E+05 8.655E+05
 1.87356514E+01   7578.7 1.874E+05 4.892E+14 4.193E+00 2.133E+00 2.000E+05 3.719E+09 2.331E+05 8.686E+05
 1.91301506E+01   7756.0 1.913E+05 6.307E+14 5.342E+00 2.071E+00 2.000E+05 4.005E+09 2.356E+05 8.711E+05
 1.95456585E+01   7927.4 1.955E+05 7.983E+14 6.725E+00 2.002E+00 2.000E+05 4.215E+09 2.350E+05 8.732E+05
 1.99880075E+01   8094.1 1.999E+05 9.955E+14 8.387E+00 1.964E+00 2.000E+05 4.380E+09 2.351E+05 8.751E+05
 2.04619400E+01   8260.8 2.046E+05 1.232E+15 1.041E+01 1.900E+00 2.000E+05 4.489E+09 2.318E+05 8.772E+05
 2.09741301E+01   8420.9 2.097E+05 1.501E+15 1.278E+01 1.839E+00 2.000E+05 4.590E+09 2.294E+05 8.793E+05
 2.15296441E+01   8585.8 2.153E+05 1.827E+15 1.573E+01 1.798E+00 2.000E+05 4.661E+09 2.269E+05 8.819E+05
 2.21347228E+01   8745.1 2.213E+05 2.197E+15 1.917E+01 1.709E+00 2.000E+05 4.711E+09 2.210E+05 8.847E+05
 2.27982547E+01   8905.6 2.280E+05 2.631E+15 2.329E+01 1.671E+00 2.000E+05 4.770E+09 2.201E+05 8.880E+05
 2.35251281E+01   9070.5 2.352E+05 3.147E+15 2.833E+01 1.589E+00 2.000E+05 4.789E+09 2.130E+05 8.919E+05
 2.43278634E+01   9225.4 2.433E+05 3.711E+15 3.398E+01 1.633E+00 2.000E+05 4.825E+09 2.107E+05 8.961E+05
PRADK 1.4620E+00
BEGIN                    ITERATION  15 COMPLETED
