TEFF   4500.  GRAVITY 2.00000 LTE 
TITLE  [-3.5a] VTURB=2  L/H=1.25 NOVER NEW ODF                                  
 OPACITY IFOP 1 1 1 1 1 1 1 1 1 1 1 1 1 0 1 0 0 0 0 0
 CONVECTION ON   1.25 TURBULENCE OFF  0.00  0.00  0.00  0.00
ABUNDANCE SCALE   0.00032 ABUNDANCE CHANGE 1 0.92156 2 0.07844
 ABUNDANCE CHANGE  3 -10.94  4 -10.64  5  -9.49  6  -3.52  7  -4.12  8  -2.81
 ABUNDANCE CHANGE  9  -7.48 10  -3.56 11  -5.71 12  -4.06 13  -5.57 14  -4.09
 ABUNDANCE CHANGE 15  -6.59 16  -4.31 17  -6.54 18  -5.24 19  -6.92 20  -5.28
 ABUNDANCE CHANGE 21  -8.87 22  -6.62 23  -8.04 24  -6.37 25  -6.65 26  -4.54
 ABUNDANCE CHANGE 27  -7.12 28  -5.79 29  -7.83 30  -7.44 31  -9.16 32  -8.63
 ABUNDANCE CHANGE 33  -9.67 34  -8.63 35  -9.41 36  -8.73 37  -9.44 38  -9.07
 ABUNDANCE CHANGE 39  -9.80 40  -9.44 41 -10.62 42 -10.12 43 -20.00 44 -10.20
 ABUNDANCE CHANGE 45 -10.92 46 -10.35 47 -11.10 48 -10.27 49 -10.38 50 -10.04
 ABUNDANCE CHANGE 51 -11.04 52  -9.80 53 -10.53 54  -9.87 55 -10.91 56  -9.91
 ABUNDANCE CHANGE 57 -10.87 58 -10.46 59 -11.33 60 -10.54 61 -20.00 62 -11.03
 ABUNDANCE CHANGE 63 -11.53 64 -10.92 65 -11.69 66 -10.90 67 -11.78 68 -11.11
 ABUNDANCE CHANGE 69 -12.04 70 -10.96 71 -11.98 72 -11.16 73 -12.17 74 -10.93
 ABUNDANCE CHANGE 75 -11.76 76 -10.59 77 -10.69 78 -10.24 79 -11.03 80 -10.91
 ABUNDANCE CHANGE 81 -11.14 82 -10.09 83 -11.33 84 -20.00 85 -20.00 86 -20.00
 ABUNDANCE CHANGE 87 -20.00 88 -20.00 89 -20.00 90 -11.95 91 -20.00 92 -12.54
 ABUNDANCE CHANGE 93 -20.00 94 -20.00 95 -20.00 96 -20.00 97 -20.00 98 -20.00
 ABUNDANCE CHANGE 99 -20.00
READ DECK6 72 RHOX,T,P,XNE,ABROSS,ACCRAD,VTURB, FLXCNV,VCONV,VELSND
 3.03674143E-02   3304.9 3.037E+00 2.498E+06 4.391E-06 1.457E-04 2.000E+05 0.000E+00 0.000E+00 6.879E+05
 4.03488676E-02   3314.8 4.035E+00 3.116E+06 4.520E-06 1.457E-04 2.000E+05 0.000E+00 0.000E+00 6.696E+05
 5.32881024E-02   3322.5 5.329E+00 3.819E+06 4.647E-06 1.458E-04 2.000E+05 0.000E+00 0.000E+00 6.557E+05
 7.00238260E-02   3330.8 7.002E+00 4.685E+06 4.805E-06 1.459E-04 2.000E+05 0.000E+00 0.000E+00 6.453E+05
 9.15558667E-02   3339.1 9.155E+00 5.735E+06 4.989E-06 1.460E-04 2.000E+05 0.000E+00 0.000E+00 6.375E+05
 1.19161127E-01   3347.3 1.192E+01 7.002E+06 5.197E-06 1.461E-04 2.000E+05 0.000E+00 0.000E+00 6.317E+05
 1.54430361E-01   3355.6 1.544E+01 8.533E+06 5.434E-06 1.463E-04 2.000E+05 0.000E+00 0.000E+00 6.273E+05
 1.99325444E-01   3364.1 1.993E+01 1.040E+07 5.703E-06 1.466E-04 2.000E+05 0.000E+00 0.000E+00 6.240E+05
 2.56252128E-01   3373.1 2.562E+01 1.268E+07 6.010E-06 1.469E-04 2.000E+05 0.000E+00 0.000E+00 6.217E+05
 3.28123751E-01   3383.0 3.281E+01 1.549E+07 6.361E-06 1.472E-04 2.000E+05 0.000E+00 0.000E+00 6.199E+05
 4.18477915E-01   3393.5 4.185E+01 1.897E+07 6.761E-06 1.476E-04 2.000E+05 0.000E+00 0.000E+00 6.187E+05
 5.31558405E-01   3405.1 5.316E+01 2.331E+07 7.221E-06 1.480E-04 2.000E+05 0.000E+00 0.000E+00 6.180E+05
 6.72413157E-01   3417.7 6.724E+01 2.871E+07 7.748E-06 1.485E-04 2.000E+05 0.000E+00 0.000E+00 6.175E+05
 8.47064819E-01   3431.3 8.471E+01 3.546E+07 8.352E-06 1.491E-04 2.000E+05 0.000E+00 0.000E+00 6.173E+05
 1.06242893E+00   3446.4 1.062E+02 4.400E+07 9.057E-06 1.497E-04 2.000E+05 0.000E+00 0.000E+00 6.174E+05
 1.32698753E+00   3461.4 1.327E+02 5.442E+07 9.847E-06 1.504E-04 2.000E+05 0.000E+00 0.000E+00 6.175E+05
 1.65005946E+00   3479.3 1.650E+02 6.808E+07 1.080E-05 1.511E-04 2.000E+05 0.000E+00 0.000E+00 6.180E+05
 2.04178615E+00   3498.3 2.042E+02 8.535E+07 1.190E-05 1.518E-04 2.000E+05 0.000E+00 0.000E+00 6.187E+05
 2.51430791E+00   3517.8 2.514E+02 1.069E+08 1.320E-05 1.526E-04 2.000E+05 0.000E+00 0.000E+00 6.194E+05
 3.08019807E+00   3538.6 3.080E+02 1.343E+08 1.475E-05 1.536E-04 2.000E+05 0.000E+00 0.000E+00 6.203E+05
 3.75463025E+00   3558.4 3.755E+02 1.670E+08 1.652E-05 1.549E-04 2.000E+05 0.000E+00 0.000E+00 6.210E+05
 4.55604597E+00   3578.1 4.556E+02 2.070E+08 1.857E-05 1.564E-04 2.000E+05 0.000E+00 0.000E+00 6.218E+05
 5.50553184E+00   3596.8 5.506E+02 2.543E+08 2.091E-05 1.582E-04 2.000E+05 0.000E+00 0.000E+00 6.223E+05
 6.63085412E+00   3613.8 6.631E+02 3.089E+08 2.351E-05 1.603E-04 2.000E+05 0.000E+00 0.000E+00 6.226E+05
 7.96475648E+00   3629.8 7.965E+02 3.724E+08 2.645E-05 1.627E-04 2.000E+05 0.000E+00 0.000E+00 6.227E+05
 9.55652310E+00   3641.0 9.556E+02 4.376E+08 2.939E-05 1.655E-04 2.000E+05 0.000E+00 0.000E+00 6.220E+05
 1.14653342E+01   3651.8 1.147E+03 5.130E+08 3.272E-05 1.688E-04 2.000E+05 0.000E+00 0.000E+00 6.210E+05
 1.37515584E+01   3661.8 1.375E+03 5.985E+08 3.643E-05 1.725E-04 2.000E+05 0.000E+00 0.000E+00 6.198E+05
 1.64900217E+01   3671.0 1.649E+03 6.954E+08 4.055E-05 1.766E-04 2.000E+05 0.000E+00 0.000E+00 6.182E+05
 1.97705754E+01   3679.4 1.977E+03 8.049E+08 4.514E-05 1.814E-04 2.000E+05 0.000E+00 0.000E+00 6.163E+05
 2.37008189E+01   3687.2 2.370E+03 9.286E+08 5.025E-05 1.867E-04 2.000E+05 0.000E+00 0.000E+00 6.141E+05
 2.84070922E+01   3694.7 2.841E+03 1.069E+09 5.599E-05 1.928E-04 2.000E+05 0.000E+00 0.000E+00 6.116E+05
 3.40349097E+01   3702.0 3.403E+03 1.231E+09 6.249E-05 1.998E-04 2.000E+05 0.000E+00 0.000E+00 6.088E+05
 4.07482686E+01   3709.7 4.075E+03 1.418E+09 6.997E-05 2.080E-04 2.000E+05 0.000E+00 0.000E+00 6.059E+05
 4.87279108E+01   3718.1 4.873E+03 1.638E+09 7.866E-05 2.175E-04 2.000E+05 0.000E+00 0.000E+00 6.030E+05
 5.81698087E+01   3727.4 5.817E+03 1.899E+09 8.887E-05 2.286E-04 2.000E+05 0.000E+00 0.000E+00 6.002E+05
 6.92834237E+01   3738.0 6.928E+03 2.210E+09 1.010E-04 2.417E-04 2.000E+05 0.000E+00 0.000E+00 5.976E+05
 8.22869517E+01   3750.3 8.229E+03 2.585E+09 1.154E-04 2.572E-04 2.000E+05 0.000E+00 0.000E+00 5.953E+05
 9.73971119E+01   3764.5 9.740E+03 3.043E+09 1.330E-04 2.759E-04 2.000E+05 0.000E+00 0.000E+00 5.935E+05
 1.14811581E+02   3781.2 1.148E+04 3.611E+09 1.545E-04 2.988E-04 2.000E+05 0.000E+00 0.000E+00 5.922E+05
 1.34693382E+02   3800.6 1.347E+04 4.321E+09 1.813E-04 3.268E-04 2.000E+05 0.000E+00 0.000E+00 5.917E+05
 1.57211157E+02   3822.5 1.572E+04 5.209E+09 2.142E-04 3.601E-04 2.000E+05 0.000E+00 0.000E+00 5.917E+05
 1.82517937E+02   3847.3 1.825E+04 6.334E+09 2.554E-04 4.011E-04 2.000E+05 0.000E+00 0.000E+00 5.925E+05
 2.10640341E+02   3876.0 2.106E+04 7.807E+09 3.086E-04 4.534E-04 2.000E+05 0.000E+00 0.000E+00 5.942E+05
 2.41437586E+02   3909.2 2.414E+04 9.778E+09 3.788E-04 5.212E-04 2.000E+05 0.000E+00 0.000E+00 5.969E+05
 2.74586644E+02   3948.0 2.746E+04 1.249E+10 4.738E-04 6.112E-04 2.000E+05 0.000E+00 0.000E+00 6.010E+05
 3.09543433E+02   3993.3 3.095E+04 1.633E+10 6.060E-04 7.333E-04 2.000E+05 0.000E+00 0.000E+00 6.064E+05
 3.45526641E+02   4046.2 3.455E+04 2.195E+10 7.952E-04 9.035E-04 2.000E+05 0.000E+00 0.000E+00 6.136E+05
 3.81613079E+02   4107.6 3.816E+04 3.040E+10 1.072E-03 1.146E-03 2.000E+05 0.000E+00 0.000E+00 6.225E+05
 4.16803566E+02   4179.2 4.168E+04 4.359E+10 1.488E-03 1.501E-03 2.000E+05 1.445E+01 0.000E+00 6.334E+05
 4.49971670E+02   4264.3 4.500E+04 6.540E+10 2.147E-03 2.048E-03 2.000E+05 2.606E+04 7.572E+02 6.465E+05
 4.80034488E+02   4365.1 4.800E+04 1.030E+11 3.220E-03 2.916E-03 2.000E+05 5.117E+05 9.267E+03 6.619E+05
 5.06256794E+02   4483.1 5.063E+04 1.700E+11 5.011E-03 4.331E-03 2.000E+05 4.676E+06 2.437E+04 6.788E+05
 5.28407063E+02   4620.0 5.284E+04 2.933E+11 8.040E-03 6.663E-03 2.000E+05 1.374E+07 4.957E+04 6.968E+05
 5.46305305E+02   4788.7 5.463E+04 5.475E+11 1.366E-02 1.081E-02 2.000E+05 3.641E+07 5.834E+04 7.164E+05
 5.59860222E+02   4995.1 5.599E+04 1.104E+12 2.454E-02 1.811E-02 2.000E+05 1.209E+08 9.092E+04 7.371E+05
 5.70213836E+02   5195.6 5.702E+04 2.069E+12 4.115E-02 2.666E-02 2.000E+05 3.072E+08 1.393E+05 7.546E+05
 5.78960809E+02   5365.1 5.790E+04 3.395E+12 6.160E-02 3.270E-02 2.000E+05 5.665E+08 1.745E+05 7.679E+05
 5.87024743E+02   5517.0 5.870E+04 5.159E+12 8.651E-02 3.581E-02 2.000E+05 8.406E+08 2.017E+05 7.789E+05
 5.94837890E+02   5659.1 5.948E+04 7.485E+12 1.170E-01 3.658E-02 2.000E+05 1.084E+09 2.202E+05 7.885E+05
 6.02665407E+02   5793.4 6.027E+04 1.047E+13 1.536E-01 3.607E-02 2.000E+05 1.277E+09 2.330E+05 7.970E+05
 6.10673657E+02   5925.7 6.107E+04 1.437E+13 1.989E-01 3.540E-02 2.000E+05 1.419E+09 2.416E+05 8.047E+05
 6.18988914E+02   6054.9 6.190E+04 1.932E+13 2.537E-01 3.494E-02 2.000E+05 1.519E+09 2.467E+05 8.117E+05
 6.27709898E+02   6184.9 6.277E+04 2.573E+13 3.217E-01 3.506E-02 2.000E+05 1.589E+09 2.504E+05 8.182E+05
 6.36914429E+02   6315.1 6.369E+04 3.389E+13 4.051E-01 3.525E-02 2.000E+05 1.642E+09 2.520E+05 8.240E+05
 6.46676828E+02   6447.0 6.467E+04 4.433E+13 5.088E-01 3.604E-02 2.000E+05 1.681E+09 2.540E+05 8.293E+05
 6.57042458E+02   6582.0 6.570E+04 5.773E+13 6.388E-01 3.641E-02 2.000E+05 1.713E+09 2.532E+05 8.340E+05
 6.68088178E+02   6716.7 6.681E+04 7.442E+13 7.974E-01 3.705E-02 2.000E+05 1.741E+09 2.545E+05 8.380E+05
 6.79839136E+02   6858.6 6.798E+04 9.622E+13 1.002E+00 3.763E-02 2.000E+05 1.759E+09 2.522E+05 8.415E+05
 6.92385386E+02   6995.9 6.923E+04 1.223E+14 1.245E+00 3.781E-02 2.000E+05 1.777E+09 2.515E+05 8.443E+05
 7.05759991E+02   7143.3 7.057E+04 1.566E+14 1.566E+00 3.854E-02 2.000E+05 1.794E+09 2.494E+05 8.467E+05
 7.20029795E+02   7283.7 7.200E+04 1.966E+14 1.940E+00 4.141E-02 2.000E+05 1.795E+09 2.465E+05 8.485E+05
PRADK 5.4295E-01
BEGIN                    ITERATION  15 COMPLETED
