TEFF   5250.  GRAVITY 1.50000 LTE 
TITLE  [-3.5a] VTURB=2  L/H=1.25 NOVER NEW ODF                                  
 OPACITY IFOP 1 1 1 1 1 1 1 1 1 1 1 1 1 0 1 0 0 0 0 0
 CONVECTION ON   1.25 TURBULENCE OFF  0.00  0.00  0.00  0.00
ABUNDANCE SCALE   0.00032 ABUNDANCE CHANGE 1 0.92156 2 0.07844
 ABUNDANCE CHANGE  3 -10.94  4 -10.64  5  -9.49  6  -3.52  7  -4.12  8  -2.81
 ABUNDANCE CHANGE  9  -7.48 10  -3.56 11  -5.71 12  -4.06 13  -5.57 14  -4.09
 ABUNDANCE CHANGE 15  -6.59 16  -4.31 17  -6.54 18  -5.24 19  -6.92 20  -5.28
 ABUNDANCE CHANGE 21  -8.87 22  -6.62 23  -8.04 24  -6.37 25  -6.65 26  -4.54
 ABUNDANCE CHANGE 27  -7.12 28  -5.79 29  -7.83 30  -7.44 31  -9.16 32  -8.63
 ABUNDANCE CHANGE 33  -9.67 34  -8.63 35  -9.41 36  -8.73 37  -9.44 38  -9.07
 ABUNDANCE CHANGE 39  -9.80 40  -9.44 41 -10.62 42 -10.12 43 -20.00 44 -10.20
 ABUNDANCE CHANGE 45 -10.92 46 -10.35 47 -11.10 48 -10.27 49 -10.38 50 -10.04
 ABUNDANCE CHANGE 51 -11.04 52  -9.80 53 -10.53 54  -9.87 55 -10.91 56  -9.91
 ABUNDANCE CHANGE 57 -10.87 58 -10.46 59 -11.33 60 -10.54 61 -20.00 62 -11.03
 ABUNDANCE CHANGE 63 -11.53 64 -10.92 65 -11.69 66 -10.90 67 -11.78 68 -11.11
 ABUNDANCE CHANGE 69 -12.04 70 -10.96 71 -11.98 72 -11.16 73 -12.17 74 -10.93
 ABUNDANCE CHANGE 75 -11.76 76 -10.59 77 -10.69 78 -10.24 79 -11.03 80 -10.91
 ABUNDANCE CHANGE 81 -11.14 82 -10.09 83 -11.33 84 -20.00 85 -20.00 86 -20.00
 ABUNDANCE CHANGE 87 -20.00 88 -20.00 89 -20.00 90 -11.95 91 -20.00 92 -12.54
 ABUNDANCE CHANGE 93 -20.00 94 -20.00 95 -20.00 96 -20.00 97 -20.00 98 -20.00
 ABUNDANCE CHANGE 99 -20.00
READ DECK6 72 RHOX,T,P,XNE,ABROSS,ACCRAD,VTURB, FLXCNV,VCONV,VELSND
 2.79705691E-03   3789.5 8.845E-02 8.494E+06 4.767E-05 7.094E-04 2.000E+05 0.000E+00 0.000E+00 2.817E+06
 3.75264349E-03   3799.1 1.187E-01 1.038E+07 4.541E-05 7.084E-04 2.000E+05 0.000E+00 0.000E+00 2.460E+06
 5.10230686E-03   3804.8 1.613E-01 1.249E+07 4.248E-05 7.063E-04 2.000E+05 0.000E+00 0.000E+00 2.141E+06
 7.01171494E-03   3814.7 2.217E-01 1.546E+07 4.036E-05 7.044E-04 2.000E+05 0.000E+00 0.000E+00 1.862E+06
 9.69235994E-03   3825.3 3.065E-01 1.927E+07 3.848E-05 7.027E-04 2.000E+05 0.000E+00 0.000E+00 1.624E+06
 1.34184517E-02   3838.5 4.243E-01 2.437E+07 3.714E-05 7.013E-04 2.000E+05 0.000E+00 0.000E+00 1.426E+06
 1.85386213E-02   3853.6 5.862E-01 3.107E+07 3.622E-05 7.000E-04 2.000E+05 0.000E+00 0.000E+00 1.263E+06
 2.54983383E-02   3870.5 8.063E-01 3.988E+07 3.573E-05 6.989E-04 2.000E+05 0.000E+00 0.000E+00 1.133E+06
 3.48528453E-02   3888.8 1.102E+00 5.140E+07 3.563E-05 6.980E-04 2.000E+05 0.000E+00 0.000E+00 1.030E+06
 4.72952084E-02   3908.2 1.496E+00 6.630E+07 3.589E-05 6.973E-04 2.000E+05 0.000E+00 0.000E+00 9.485E+05
 6.36884718E-02   3928.1 2.014E+00 8.534E+07 3.648E-05 6.969E-04 2.000E+05 0.000E+00 0.000E+00 8.855E+05
 8.51042708E-02   3948.2 2.691E+00 1.094E+08 3.739E-05 6.969E-04 2.000E+05 0.000E+00 0.000E+00 8.368E+05
 1.12863084E-01   3968.1 3.569E+00 1.395E+08 3.860E-05 6.975E-04 2.000E+05 0.000E+00 0.000E+00 7.995E+05
 1.48573147E-01   3987.7 4.698E+00 1.767E+08 4.017E-05 6.987E-04 2.000E+05 0.000E+00 0.000E+00 7.710E+05
 1.94145824E-01   4007.1 6.139E+00 2.226E+08 4.214E-05 7.006E-04 2.000E+05 0.000E+00 0.000E+00 7.495E+05
 2.51806087E-01   4026.5 7.963E+00 2.790E+08 4.461E-05 7.032E-04 2.000E+05 0.000E+00 0.000E+00 7.333E+05
 3.24101693E-01   4045.9 1.025E+01 3.482E+08 4.765E-05 7.066E-04 2.000E+05 0.000E+00 0.000E+00 7.212E+05
 4.13961570E-01   4065.0 1.309E+01 4.319E+08 5.132E-05 7.109E-04 2.000E+05 0.000E+00 0.000E+00 7.122E+05
 5.24805816E-01   4083.8 1.660E+01 5.324E+08 5.567E-05 7.162E-04 2.000E+05 0.000E+00 0.000E+00 7.056E+05
 6.60628785E-01   4102.1 2.089E+01 6.518E+08 6.075E-05 7.225E-04 2.000E+05 0.000E+00 0.000E+00 7.007E+05
 8.26177732E-01   4119.7 2.613E+01 7.922E+08 6.661E-05 7.299E-04 2.000E+05 0.000E+00 0.000E+00 6.972E+05
 1.02709721E+00   4136.6 3.248E+01 9.560E+08 7.332E-05 7.385E-04 2.000E+05 0.000E+00 0.000E+00 6.947E+05
 1.27031015E+00   4152.2 4.017E+01 1.144E+09 8.083E-05 7.484E-04 2.000E+05 0.000E+00 0.000E+00 6.928E+05
 1.56406346E+00   4167.2 4.946E+01 1.360E+09 8.936E-05 7.599E-04 2.000E+05 0.000E+00 0.000E+00 6.916E+05
 1.91816306E+00   4181.2 6.066E+01 1.606E+09 9.891E-05 7.728E-04 2.000E+05 0.000E+00 0.000E+00 6.908E+05
 2.34445989E+00   4194.5 7.414E+01 1.887E+09 1.096E-04 7.875E-04 2.000E+05 0.000E+00 0.000E+00 6.902E+05
 2.85703497E+00   4207.1 9.035E+01 2.205E+09 1.216E-04 8.040E-04 2.000E+05 0.000E+00 0.000E+00 6.900E+05
 3.47296527E+00   4218.8 1.098E+02 2.563E+09 1.350E-04 8.225E-04 2.000E+05 0.000E+00 0.000E+00 6.899E+05
 4.21292255E+00   4229.9 1.332E+02 2.967E+09 1.499E-04 8.433E-04 2.000E+05 0.000E+00 0.000E+00 6.899E+05
 5.10155921E+00   4240.4 1.613E+02 3.422E+09 1.665E-04 8.665E-04 2.000E+05 0.000E+00 0.000E+00 6.900E+05
 6.16845006E+00   4250.3 1.951E+02 3.933E+09 1.849E-04 8.926E-04 2.000E+05 0.000E+00 0.000E+00 6.903E+05
 7.44915935E+00   4259.8 2.356E+02 4.508E+09 2.054E-04 9.218E-04 2.000E+05 0.000E+00 0.000E+00 6.905E+05
 8.98609751E+00   4269.0 2.842E+02 5.156E+09 2.283E-04 9.546E-04 2.000E+05 0.000E+00 0.000E+00 6.909E+05
 1.08296671E+01   4278.0 3.425E+02 5.887E+09 2.539E-04 9.916E-04 2.000E+05 0.000E+00 0.000E+00 6.912E+05
 1.30390552E+01   4286.9 4.123E+02 6.718E+09 2.827E-04 1.034E-03 2.000E+05 0.000E+00 0.000E+00 6.916E+05
 1.56827221E+01   4296.1 4.959E+02 7.670E+09 3.154E-04 1.082E-03 2.000E+05 0.000E+00 0.000E+00 6.921E+05
 1.88388499E+01   4305.9 5.957E+02 8.770E+09 3.528E-04 1.137E-03 2.000E+05 0.000E+00 0.000E+00 6.926E+05
 2.25955022E+01   4316.5 7.145E+02 1.006E+10 3.959E-04 1.202E-03 2.000E+05 0.000E+00 0.000E+00 6.932E+05
 2.70482537E+01   4328.4 8.553E+02 1.158E+10 4.465E-04 1.277E-03 2.000E+05 0.000E+00 0.000E+00 6.939E+05
 3.22975062E+01   4342.1 1.021E+03 1.341E+10 5.065E-04 1.367E-03 2.000E+05 0.000E+00 0.000E+00 6.948E+05
 3.84440014E+01   4358.2 1.216E+03 1.567E+10 5.792E-04 1.477E-03 2.000E+05 0.000E+00 0.000E+00 6.958E+05
 4.55802754E+01   4377.2 1.441E+03 1.847E+10 6.683E-04 1.611E-03 2.000E+05 0.000E+00 0.000E+00 6.971E+05
 5.37829865E+01   4400.0 1.701E+03 2.205E+10 7.797E-04 1.778E-03 2.000E+05 0.000E+00 0.000E+00 6.988E+05
 6.30984882E+01   4427.2 1.995E+03 2.671E+10 9.214E-04 1.991E-03 2.000E+05 0.000E+00 0.000E+00 7.007E+05
 7.35330102E+01   4459.9 2.325E+03 3.291E+10 1.105E-03 2.266E-03 2.000E+05 0.000E+00 0.000E+00 7.032E+05
 8.50367276E+01   4499.0 2.689E+03 4.136E+10 1.348E-03 2.628E-03 2.000E+05 0.000E+00 0.000E+00 7.062E+05
 9.74894318E+01   4545.9 3.083E+03 5.318E+10 1.677E-03 3.116E-03 2.000E+05 0.000E+00 0.000E+00 7.098E+05
 1.10701734E+02   4601.9 3.500E+03 7.017E+10 2.130E-03 3.782E-03 2.000E+05 0.000E+00 0.000E+00 7.141E+05
 1.24418977E+02   4668.5 3.934E+03 9.529E+10 2.768E-03 4.712E-03 2.000E+05 0.000E+00 0.000E+00 7.193E+05
 1.38316004E+02   4747.8 4.374E+03 1.338E+11 3.692E-03 6.051E-03 2.000E+05 0.000E+00 0.000E+00 7.253E+05
 1.52001874E+02   4842.6 4.806E+03 1.951E+11 5.077E-03 8.048E-03 2.000E+05 0.000E+00 0.000E+00 7.324E+05
 1.65064308E+02   4955.5 5.219E+03 2.962E+11 7.208E-03 1.111E-02 2.000E+05 5.017E-02 0.000E+00 7.407E+05
 1.77133156E+02   5089.2 5.601E+03 4.692E+11 1.058E-02 1.593E-02 2.000E+05 8.943E+00 2.662E+02 7.500E+05
 1.87909547E+02   5247.3 5.941E+03 7.769E+11 1.608E-02 2.378E-02 2.000E+05 2.775E+02 1.476E+03 7.604E+05
 1.97199606E+02   5432.9 6.235E+03 1.341E+12 2.531E-02 3.694E-02 2.000E+05 5.959E+03 4.518E+03 7.714E+05
 2.04926472E+02   5649.1 6.479E+03 2.407E+12 4.130E-02 5.972E-02 2.000E+05 1.107E+05 1.237E+04 7.826E+05
 2.11120901E+02   5899.4 6.674E+03 4.467E+12 6.999E-02 1.006E-01 2.000E+05 1.135E+06 3.242E+04 7.926E+05
 2.15894775E+02   6188.6 6.825E+03 8.538E+12 1.238E-01 1.780E-01 2.000E+05 4.673E+06 6.755E+04 8.000E+05
 2.19353968E+02   6536.9 6.933E+03 1.719E+13 2.360E-01 3.367E-01 2.000E+05 6.236E+07 9.436E+04 8.034E+05
 2.21696534E+02   6929.0 7.006E+03 3.464E+13 4.702E-01 6.088E-01 2.000E+05 4.139E+08 2.489E+05 8.031E+05
 2.23343857E+02   7270.4 7.057E+03 5.985E+13 8.387E-01 8.054E-01 2.000E+05 1.165E+09 4.160E+05 8.032E+05
 2.24689100E+02   7519.3 7.098E+03 8.634E+13 1.267E+00 7.780E-01 2.000E+05 1.947E+09 4.796E+05 8.053E+05
 2.25944186E+02   7711.2 7.137E+03 1.126E+14 1.731E+00 6.853E-01 2.000E+05 2.465E+09 4.992E+05 8.085E+05
 2.27202649E+02   7874.9 7.176E+03 1.398E+14 2.251E+00 6.098E-01 2.000E+05 2.774E+09 5.062E+05 8.125E+05
 2.28515122E+02   8021.1 7.217E+03 1.683E+14 2.838E+00 5.488E-01 2.000E+05 2.965E+09 5.063E+05 8.169E+05
 2.29917971E+02   8157.1 7.261E+03 1.986E+14 3.509E+00 5.024E-01 2.000E+05 3.085E+09 5.035E+05 8.219E+05
 2.31442482E+02   8286.6 7.308E+03 2.313E+14 4.278E+00 4.631E-01 2.000E+05 3.171E+09 5.001E+05 8.274E+05
 2.33116922E+02   8413.3 7.360E+03 2.672E+14 5.177E+00 4.316E-01 2.000E+05 3.228E+09 4.965E+05 8.334E+05
 2.34967912E+02   8538.1 7.418E+03 3.065E+14 6.227E+00 4.015E-01 2.000E+05 3.274E+09 4.908E+05 8.400E+05
 2.37026600E+02   8661.4 7.482E+03 3.495E+14 7.448E+00 3.795E-01 2.000E+05 3.308E+09 4.899E+05 8.471E+05
 2.39318822E+02   8789.2 7.554E+03 3.985E+14 8.917E+00 3.549E-01 2.000E+05 3.327E+09 4.819E+05 8.553E+05
 2.41890344E+02   8910.8 7.634E+03 4.498E+14 1.053E+01 3.588E-01 2.000E+05 3.354E+09 4.827E+05 8.635E+05
PRADK 1.0133E+00
BEGIN                    ITERATION  15 COMPLETED
