TEFF   5500.  GRAVITY 3.50000 LTE 
TITLE  [-3.5a] VTURB=2  L/H=1.25 NOVER NEW ODF                                  
 OPACITY IFOP 1 1 1 1 1 1 1 1 1 1 1 1 1 0 1 0 0 0 0 0
 CONVECTION ON   1.25 TURBULENCE OFF  0.00  0.00  0.00  0.00
ABUNDANCE SCALE   0.00032 ABUNDANCE CHANGE 1 0.92156 2 0.07844
 ABUNDANCE CHANGE  3 -10.94  4 -10.64  5  -9.49  6  -3.52  7  -4.12  8  -2.81
 ABUNDANCE CHANGE  9  -7.48 10  -3.56 11  -5.71 12  -4.06 13  -5.57 14  -4.09
 ABUNDANCE CHANGE 15  -6.59 16  -4.31 17  -6.54 18  -5.24 19  -6.92 20  -5.28
 ABUNDANCE CHANGE 21  -8.87 22  -6.62 23  -8.04 24  -6.37 25  -6.65 26  -4.54
 ABUNDANCE CHANGE 27  -7.12 28  -5.79 29  -7.83 30  -7.44 31  -9.16 32  -8.63
 ABUNDANCE CHANGE 33  -9.67 34  -8.63 35  -9.41 36  -8.73 37  -9.44 38  -9.07
 ABUNDANCE CHANGE 39  -9.80 40  -9.44 41 -10.62 42 -10.12 43 -20.00 44 -10.20
 ABUNDANCE CHANGE 45 -10.92 46 -10.35 47 -11.10 48 -10.27 49 -10.38 50 -10.04
 ABUNDANCE CHANGE 51 -11.04 52  -9.80 53 -10.53 54  -9.87 55 -10.91 56  -9.91
 ABUNDANCE CHANGE 57 -10.87 58 -10.46 59 -11.33 60 -10.54 61 -20.00 62 -11.03
 ABUNDANCE CHANGE 63 -11.53 64 -10.92 65 -11.69 66 -10.90 67 -11.78 68 -11.11
 ABUNDANCE CHANGE 69 -12.04 70 -10.96 71 -11.98 72 -11.16 73 -12.17 74 -10.93
 ABUNDANCE CHANGE 75 -11.76 76 -10.59 77 -10.69 78 -10.24 79 -11.03 80 -10.91
 ABUNDANCE CHANGE 81 -11.14 82 -10.09 83 -11.33 84 -20.00 85 -20.00 86 -20.00
 ABUNDANCE CHANGE 87 -20.00 88 -20.00 89 -20.00 90 -11.95 91 -20.00 92 -12.54
 ABUNDANCE CHANGE 93 -20.00 94 -20.00 95 -20.00 96 -20.00 97 -20.00 98 -20.00
 ABUNDANCE CHANGE 99 -20.00
READ DECK6 72 RHOX,T,P,XNE,ABROSS,ACCRAD,VTURB, FLXCNV,VCONV,VELSND
 1.99703776E-03   4136.7 6.315E+00 4.214E+08 6.677E-05 1.774E-03 2.000E+05 0.000E+00 0.000E+00 7.734E+05
 2.65498699E-03   4146.6 8.396E+00 5.088E+08 6.842E-05 1.779E-03 2.000E+05 0.000E+00 0.000E+00 7.518E+05
 3.51221819E-03   4152.7 1.111E+01 6.020E+08 6.994E-05 1.785E-03 2.000E+05 0.000E+00 0.000E+00 7.353E+05
 4.61424263E-03   4163.7 1.459E+01 7.262E+08 7.359E-05 1.793E-03 2.000E+05 0.000E+00 0.000E+00 7.233E+05
 6.00447442E-03   4174.5 1.899E+01 8.705E+08 7.814E-05 1.802E-03 2.000E+05 0.000E+00 0.000E+00 7.145E+05
 7.73559935E-03   4187.2 2.446E+01 1.048E+09 8.434E-05 1.813E-03 2.000E+05 0.000E+00 0.000E+00 7.082E+05
 9.86298546E-03   4200.7 3.119E+01 1.258E+09 9.198E-05 1.827E-03 2.000E+05 0.000E+00 0.000E+00 7.038E+05
 1.24502997E-02   4215.2 3.937E+01 1.509E+09 1.014E-04 1.842E-03 2.000E+05 0.000E+00 0.000E+00 7.008E+05
 1.55698969E-02   4230.1 4.924E+01 1.804E+09 1.124E-04 1.860E-03 2.000E+05 0.000E+00 0.000E+00 6.988E+05
 1.93109728E-02   4245.1 6.107E+01 2.147E+09 1.253E-04 1.881E-03 2.000E+05 0.000E+00 0.000E+00 6.975E+05
 2.37837976E-02   4259.5 7.521E+01 2.540E+09 1.398E-04 1.903E-03 2.000E+05 0.000E+00 0.000E+00 6.967E+05
 2.91244700E-02   4273.5 9.210E+01 2.990E+09 1.562E-04 1.929E-03 2.000E+05 0.000E+00 0.000E+00 6.963E+05
 3.54897604E-02   4287.4 1.122E+02 3.507E+09 1.750E-04 1.958E-03 2.000E+05 0.000E+00 0.000E+00 6.961E+05
 4.30663781E-02   4300.9 1.362E+02 4.096E+09 1.961E-04 1.991E-03 2.000E+05 0.000E+00 0.000E+00 6.962E+05
 5.20830739E-02   4313.9 1.647E+02 4.765E+09 2.197E-04 2.028E-03 2.000E+05 0.000E+00 0.000E+00 6.964E+05
 6.28203008E-02   4326.3 1.987E+02 5.518E+09 2.459E-04 2.070E-03 2.000E+05 0.000E+00 0.000E+00 6.967E+05
 7.56187386E-02   4337.9 2.391E+02 6.362E+09 2.749E-04 2.116E-03 2.000E+05 0.000E+00 0.000E+00 6.971E+05
 9.08938922E-02   4348.8 2.874E+02 7.307E+09 3.070E-04 2.168E-03 2.000E+05 0.000E+00 0.000E+00 6.975E+05
 1.09150646E-01   4359.0 3.452E+02 8.359E+09 3.422E-04 2.226E-03 2.000E+05 0.000E+00 0.000E+00 6.979E+05
 1.31015913E-01   4368.1 4.143E+02 9.516E+09 3.806E-04 2.291E-03 2.000E+05 0.000E+00 0.000E+00 6.983E+05
 1.57274038E-01   4376.1 4.973E+02 1.078E+10 4.221E-04 2.364E-03 2.000E+05 0.000E+00 0.000E+00 6.986E+05
 1.88850085E-01   4383.7 5.972E+02 1.220E+10 4.680E-04 2.444E-03 2.000E+05 0.000E+00 0.000E+00 6.990E+05
 2.26859656E-01   4390.5 7.174E+02 1.376E+10 5.181E-04 2.533E-03 2.000E+05 0.000E+00 0.000E+00 6.993E+05
 2.72650748E-01   4397.0 8.622E+02 1.549E+10 5.734E-04 2.632E-03 2.000E+05 0.000E+00 0.000E+00 6.996E+05
 3.27846452E-01   4403.0 1.037E+03 1.742E+10 6.341E-04 2.741E-03 2.000E+05 0.000E+00 0.000E+00 6.998E+05
 3.94429095E-01   4408.4 1.247E+03 1.954E+10 7.008E-04 2.863E-03 2.000E+05 0.000E+00 0.000E+00 7.000E+05
 4.74788060E-01   4413.6 1.501E+03 2.191E+10 7.742E-04 2.997E-03 2.000E+05 0.000E+00 0.000E+00 7.001E+05
 5.71774856E-01   4418.6 1.808E+03 2.454E+10 8.555E-04 3.147E-03 2.000E+05 0.000E+00 0.000E+00 7.002E+05
 6.88843503E-01   4423.3 2.178E+03 2.747E+10 9.450E-04 3.313E-03 2.000E+05 0.000E+00 0.000E+00 7.003E+05
 8.30131260E-01   4427.9 2.625E+03 3.074E+10 1.045E-03 3.499E-03 2.000E+05 0.000E+00 0.000E+00 7.003E+05
 1.00056230E+00   4432.6 3.164E+03 3.441E+10 1.155E-03 3.705E-03 2.000E+05 0.000E+00 0.000E+00 7.002E+05
 1.20600739E+00   4437.3 3.814E+03 3.853E+10 1.278E-03 3.938E-03 2.000E+05 0.000E+00 0.000E+00 7.001E+05
 1.45339548E+00   4442.4 4.596E+03 4.318E+10 1.417E-03 4.199E-03 2.000E+05 0.000E+00 0.000E+00 6.999E+05
 1.75076177E+00   4448.0 5.536E+03 4.850E+10 1.573E-03 4.495E-03 2.000E+05 0.000E+00 0.000E+00 6.997E+05
 2.10760376E+00   4454.0 6.665E+03 5.454E+10 1.749E-03 4.828E-03 2.000E+05 0.000E+00 0.000E+00 6.995E+05
 2.53484804E+00   4460.9 8.016E+03 6.151E+10 1.951E-03 5.208E-03 2.000E+05 0.000E+00 0.000E+00 6.991E+05
 3.04509713E+00   4468.5 9.629E+03 6.955E+10 2.181E-03 5.641E-03 2.000E+05 0.000E+00 0.000E+00 6.988E+05
 3.65247275E+00   4477.5 1.155E+04 7.898E+10 2.449E-03 6.146E-03 2.000E+05 0.000E+00 0.000E+00 6.984E+05
 4.37245590E+00   4488.0 1.383E+04 9.012E+10 2.761E-03 6.733E-03 2.000E+05 0.000E+00 0.000E+00 6.981E+05
 5.22165844E+00   4500.4 1.651E+04 1.035E+11 3.129E-03 7.425E-03 2.000E+05 0.000E+00 0.000E+00 6.978E+05
 6.21753505E+00   4515.1 1.966E+04 1.197E+11 3.571E-03 8.250E-03 2.000E+05 0.000E+00 0.000E+00 6.977E+05
 7.37686317E+00   4532.8 2.333E+04 1.397E+11 4.107E-03 9.249E-03 2.000E+05 0.000E+00 0.000E+00 6.978E+05
 8.71439326E+00   4554.3 2.756E+04 1.650E+11 4.771E-03 1.048E-02 2.000E+05 0.000E+00 0.000E+00 6.983E+05
 1.02406715E+01   4580.4 3.238E+04 1.976E+11 5.609E-03 1.202E-02 2.000E+05 0.000E+00 0.000E+00 6.993E+05
 1.19601384E+01   4612.1 3.782E+04 2.407E+11 6.685E-03 1.398E-02 2.000E+05 0.000E+00 0.000E+00 7.010E+05
 1.38683215E+01   4650.6 4.386E+04 2.991E+11 8.101E-03 1.654E-02 2.000E+05 0.000E+00 0.000E+00 7.035E+05
 1.59477435E+01   4697.6 5.043E+04 3.807E+11 1.001E-02 1.998E-02 2.000E+05 0.000E+00 0.000E+00 7.071E+05
 1.81666344E+01   4754.7 5.745E+04 4.983E+11 1.266E-02 2.469E-02 2.000E+05 0.000E+00 0.000E+00 7.119E+05
 2.04770087E+01   4824.4 6.475E+04 6.742E+11 1.643E-02 3.137E-02 2.000E+05 0.000E+00 0.000E+00 7.182E+05
 2.28172418E+01   4908.6 7.215E+04 9.454E+11 2.194E-02 4.108E-02 2.000E+05 0.000E+00 0.000E+00 7.260E+05
 2.51194933E+01   5009.9 7.944E+04 1.379E+12 3.019E-02 5.556E-02 2.000E+05 0.000E+00 0.000E+00 7.354E+05
 2.73136940E+01   5132.2 8.638E+04 2.105E+12 4.299E-02 7.800E-02 2.000E+05 2.935E+04 0.000E+00 7.464E+05
 2.93253329E+01   5283.1 9.274E+04 3.407E+12 6.397E-02 1.148E-01 2.000E+05 1.364E+06 8.770E+03 7.593E+05
 3.10842910E+01   5469.2 9.830E+04 5.880E+12 9.983E-02 1.774E-01 2.000E+05 1.375E+07 3.091E+04 7.741E+05
 3.25626411E+01   5688.3 1.030E+05 1.059E+13 1.608E-01 2.817E-01 2.000E+05 6.755E+07 6.303E+04 7.900E+05
 3.37665335E+01   5944.8 1.068E+05 1.985E+13 2.671E-01 4.539E-01 2.000E+05 1.950E+08 9.990E+04 8.066E+05
 3.47230912E+01   6230.5 1.098E+05 3.744E+13 4.480E-01 7.054E-01 2.000E+05 4.905E+08 1.297E+05 8.226E+05
 3.55084767E+01   6495.7 1.123E+05 6.419E+13 7.012E-01 9.423E-01 2.000E+05 1.016E+09 1.796E+05 8.350E+05
 3.62053298E+01   6726.3 1.145E+05 9.918E+13 1.016E+00 1.080E+00 2.000E+05 1.641E+09 2.097E+05 8.436E+05
 3.68647628E+01   6932.6 1.166E+05 1.430E+14 1.398E+00 1.128E+00 2.000E+05 2.227E+09 2.318E+05 8.498E+05
 3.75120131E+01   7127.8 1.186E+05 1.983E+14 1.876E+00 1.126E+00 2.000E+05 2.704E+09 2.451E+05 8.543E+05
 3.81660962E+01   7307.0 1.207E+05 2.640E+14 2.441E+00 1.091E+00 2.000E+05 3.059E+09 2.517E+05 8.576E+05
 3.88406671E+01   7481.3 1.228E+05 3.445E+14 3.137E+00 1.067E+00 2.000E+05 3.319E+09 2.561E+05 8.600E+05
 3.95462998E+01   7647.6 1.251E+05 4.394E+14 3.970E+00 1.032E+00 2.000E+05 3.504E+09 2.561E+05 8.619E+05
 4.02939946E+01   7810.1 1.274E+05 5.523E+14 4.973E+00 1.011E+00 2.000E+05 3.645E+09 2.561E+05 8.636E+05
 4.10921724E+01   7970.5 1.299E+05 6.865E+14 6.194E+00 9.849E-01 2.000E+05 3.748E+09 2.538E+05 8.652E+05
 4.19503675E+01   8127.2 1.327E+05 8.429E+14 7.654E+00 9.571E-01 2.000E+05 3.830E+09 2.509E+05 8.670E+05
 4.28782954E+01   8284.2 1.356E+05 1.028E+15 9.424E+00 9.320E-01 2.000E+05 3.893E+09 2.483E+05 8.689E+05
 4.38854702E+01   8440.0 1.388E+05 1.244E+15 1.155E+01 8.960E-01 2.000E+05 3.942E+09 2.431E+05 8.712E+05
 4.49846706E+01   8593.5 1.422E+05 1.493E+15 1.408E+01 8.707E-01 2.000E+05 3.985E+09 2.410E+05 8.739E+05
 4.61839095E+01   8752.3 1.460E+05 1.791E+15 1.721E+01 8.353E-01 2.000E+05 4.008E+09 2.345E+05 8.771E+05
 4.75028549E+01   8901.4 1.502E+05 2.117E+15 2.071E+01 8.603E-01 2.000E+05 4.036E+09 2.319E+05 8.806E+05
PRADK 1.2227E+00
BEGIN                    ITERATION  15 COMPLETED
