TEFF   4750.  GRAVITY 4.00000 LTE 
TITLE  [-4.0a] N(He)/Ntot=0.089 VTURB=2.0  L/H=1.25 NOVER                       
 OPACITY IFOP 1 1 1 1 1 1 1 1 1 1 1 1 1 0 1 0 0 0 0 0
 CONVECTION ON   1.25 TURBULENCE OFF  0.00  0.00  0.00  0.00
ABUNDANCE SCALE   0.00010 ABUNDANCE CHANGE 1 0.92160 2 0.07844
 ABUNDANCE CHANGE  3 -10.88  4 -10.89  5  -9.44  6  -3.49  7  -4.07  8  -2.77
 ABUNDANCE CHANGE  9  -7.44 10  -3.56 11  -5.71 12  -4.06 13  -5.57 14  -4.09
 ABUNDANCE CHANGE 15  -6.59 16  -4.34 17  -6.54 18  -5.14 19  -6.94 20  -5.28
 ABUNDANCE CHANGE 21  -8.86 22  -6.61 23  -8.04 24  -6.37 25  -6.65 26  -4.54
 ABUNDANCE CHANGE 27  -7.12 28  -5.79 29  -7.83 30  -7.44 31  -9.16 32  -8.63
 ABUNDANCE CHANGE 33  -9.67 34  -8.69 35  -9.41 36  -8.81 37  -9.44 38  -9.07
 ABUNDANCE CHANGE 39  -9.80 40  -9.44 41 -10.62 42 -10.12 43 -20.00 44 -10.20
 ABUNDANCE CHANGE 45 -10.92 46 -10.35 47 -11.10 48 -10.18 49 -10.58 50 -10.04
 ABUNDANCE CHANGE 51 -11.04 52  -9.80 53 -10.53 54  -9.81 55 -10.92 56  -9.91
 ABUNDANCE CHANGE 57 -10.87 58 -10.46 59 -11.33 60 -10.54 61 -20.00 62 -11.04
 ABUNDANCE CHANGE 63 -11.53 64 -10.92 65 -11.94 66 -10.94 67 -11.78 68 -11.11
 ABUNDANCE CHANGE 69 -12.04 70 -10.96 71 -11.28 72 -11.16 73 -11.91 74 -10.93
 ABUNDANCE CHANGE 75 -11.77 76 -10.59 77 -10.69 78 -10.24 79 -11.03 80 -10.95
 ABUNDANCE CHANGE 81 -11.14 82 -10.19 83 -11.33 84 -20.00 85 -20.00 86 -20.00
 ABUNDANCE CHANGE 87 -20.00 88 -20.00 89 -20.00 90 -11.92 91 -20.00 92 -12.51
 ABUNDANCE CHANGE 93 -20.00 94 -20.00 95 -20.00 96 -20.00 97 -20.00 98 -20.00
 ABUNDANCE CHANGE 99 -20.00
READ DECK6 72 RHOX,T,P,XNE,ABROSS,ACCRAD,VTURB, FLXCNV,VCONV,VELSND
 6.80643299E-03   3737.2 6.807E+01 1.768E+08 1.959E-05 3.246E-04 2.000E+05 0.000E+00 0.000E+00 6.497E+05
 8.98195086E-03   3745.1 8.982E+01 2.125E+08 2.130E-05 3.269E-04 2.000E+05 0.000E+00 0.000E+00 6.489E+05
 1.16499622E-02   3752.3 1.165E+02 2.523E+08 2.316E-05 3.294E-04 2.000E+05 0.000E+00 0.000E+00 6.484E+05
 1.49043145E-02   3761.4 1.490E+02 3.007E+08 2.544E-05 3.324E-04 2.000E+05 0.000E+00 0.000E+00 6.483E+05
 1.88496278E-02   3770.5 1.885E+02 3.561E+08 2.801E-05 3.357E-04 2.000E+05 0.000E+00 0.000E+00 6.482E+05
 2.36139423E-02   3780.4 2.361E+02 4.215E+08 3.100E-05 3.396E-04 2.000E+05 0.000E+00 0.000E+00 6.483E+05
 2.93508125E-02   3789.9 2.935E+02 4.958E+08 3.434E-05 3.438E-04 2.000E+05 0.000E+00 0.000E+00 6.484E+05
 3.62589663E-02   3798.7 3.626E+02 5.790E+08 3.802E-05 3.486E-04 2.000E+05 0.000E+00 0.000E+00 6.485E+05
 4.45713361E-02   3807.5 4.457E+02 6.743E+08 4.218E-05 3.537E-04 2.000E+05 0.000E+00 0.000E+00 6.485E+05
 5.45649163E-02   3815.7 5.457E+02 7.811E+08 4.677E-05 3.593E-04 2.000E+05 0.000E+00 0.000E+00 6.484E+05
 6.65848195E-02   3823.5 6.659E+02 9.010E+08 5.185E-05 3.655E-04 2.000E+05 0.000E+00 0.000E+00 6.482E+05
 8.10374825E-02   3831.0 8.104E+02 1.036E+09 5.753E-05 3.724E-04 2.000E+05 0.000E+00 0.000E+00 6.478E+05
 9.83925830E-02   3838.6 9.839E+02 1.191E+09 6.393E-05 3.802E-04 2.000E+05 0.000E+00 0.000E+00 6.474E+05
 1.19239173E-01   3845.3 1.192E+03 1.361E+09 7.090E-05 3.887E-04 2.000E+05 0.000E+00 0.000E+00 6.467E+05
 1.44310390E-01   3851.7 1.443E+03 1.551E+09 7.861E-05 3.983E-04 2.000E+05 0.000E+00 0.000E+00 6.458E+05
 1.74466832E-01   3857.7 1.745E+03 1.763E+09 8.713E-05 4.089E-04 2.000E+05 0.000E+00 0.000E+00 6.447E+05
 2.10768382E-01   3863.3 2.108E+03 1.998E+09 9.648E-05 4.205E-04 2.000E+05 0.000E+00 0.000E+00 6.434E+05
 2.54495282E-01   3868.5 2.545E+03 2.260E+09 1.068E-04 4.335E-04 2.000E+05 0.000E+00 0.000E+00 6.417E+05
 3.07132468E-01   3873.7 3.071E+03 2.557E+09 1.184E-04 4.480E-04 2.000E+05 0.000E+00 0.000E+00 6.399E+05
 3.70543059E-01   3878.3 3.705E+03 2.880E+09 1.309E-04 4.640E-04 2.000E+05 0.000E+00 0.000E+00 6.376E+05
 4.47029918E-01   3882.6 4.470E+03 3.241E+09 1.447E-04 4.818E-04 2.000E+05 0.000E+00 0.000E+00 6.350E+05
 5.39288515E-01   3886.7 5.393E+03 3.643E+09 1.600E-04 5.015E-04 2.000E+05 0.000E+00 0.000E+00 6.320E+05
 6.50602293E-01   3890.5 6.506E+03 4.090E+09 1.768E-04 5.233E-04 2.000E+05 0.000E+00 0.000E+00 6.287E+05
 7.84926410E-01   3894.2 7.849E+03 4.590E+09 1.954E-04 5.475E-04 2.000E+05 0.000E+00 0.000E+00 6.250E+05
 9.46972272E-01   3897.9 9.470E+03 5.150E+09 2.160E-04 5.744E-04 2.000E+05 0.000E+00 0.000E+00 6.211E+05
 1.14245630E+00   3901.5 1.142E+04 5.773E+09 2.387E-04 6.043E-04 2.000E+05 0.000E+00 0.000E+00 6.168E+05
 1.37823185E+00   3905.1 1.378E+04 6.475E+09 2.641E-04 6.377E-04 2.000E+05 0.000E+00 0.000E+00 6.124E+05
 1.66230579E+00   3908.9 1.662E+04 7.269E+09 2.924E-04 6.750E-04 2.000E+05 0.000E+00 0.000E+00 6.078E+05
 2.00426617E+00   3912.9 2.004E+04 8.166E+09 3.240E-04 7.165E-04 2.000E+05 0.000E+00 0.000E+00 6.032E+05
 2.41554714E+00   3917.2 2.416E+04 9.184E+09 3.595E-04 7.627E-04 2.000E+05 0.000E+00 0.000E+00 5.985E+05
 2.90970483E+00   3921.7 2.910E+04 1.034E+10 3.992E-04 8.143E-04 2.000E+05 0.000E+00 0.000E+00 5.940E+05
 3.50291318E+00   3926.5 3.503E+04 1.165E+10 4.436E-04 8.719E-04 2.000E+05 0.000E+00 0.000E+00 5.896E+05
 4.21424279E+00   3931.8 4.214E+04 1.315E+10 4.936E-04 9.367E-04 2.000E+05 0.000E+00 0.000E+00 5.853E+05
 5.06611991E+00   3937.5 5.066E+04 1.487E+10 5.500E-04 1.009E-03 2.000E+05 0.000E+00 0.000E+00 5.812E+05
 6.08491274E+00   3943.7 6.085E+04 1.685E+10 6.137E-04 1.091E-03 2.000E+05 0.000E+00 0.000E+00 5.774E+05
 7.30151005E+00   3950.6 7.301E+04 1.914E+10 6.860E-04 1.183E-03 2.000E+05 0.000E+00 0.000E+00 5.738E+05
 8.75072439E+00   3958.4 8.751E+04 2.181E+10 7.691E-04 1.289E-03 2.000E+05 0.000E+00 0.000E+00 5.706E+05
 1.04716911E+01   3967.4 1.047E+05 2.497E+10 8.651E-04 1.410E-03 2.000E+05 0.000E+00 0.000E+00 5.676E+05
 1.25068427E+01   3977.8 1.251E+05 2.874E+10 9.778E-04 1.552E-03 2.000E+05 0.000E+00 0.000E+00 5.650E+05
 1.48980880E+01   3990.5 1.490E+05 3.337E+10 1.114E-03 1.721E-03 2.000E+05 0.000E+00 0.000E+00 5.629E+05
 1.76880003E+01   4004.9 1.769E+05 3.894E+10 1.275E-03 1.918E-03 2.000E+05 0.000E+00 0.000E+00 5.611E+05
 2.10392048E+01   4006.4 2.105E+05 4.279E+10 1.375E-03 2.050E-03 2.000E+05 0.000E+00 0.000E+00 5.571E+05
 2.48463255E+01   4051.0 2.486E+05 5.745E+10 1.802E-03 2.554E-03 2.000E+05 0.000E+00 0.000E+00 5.606E+05
 2.84650443E+01   4124.8 2.847E+05 8.623E+10 2.637E-03 3.497E-03 2.000E+05 1.377E+06 0.000E+00 5.696E+05
 3.18353658E+01   4191.3 3.184E+05 1.229E+11 3.674E-03 4.625E-03 2.000E+05 5.487E+06 1.412E+04 5.778E+05
 3.50510005E+01   4262.1 3.505E+05 1.759E+11 5.137E-03 6.165E-03 2.000E+05 1.321E+07 1.763E+04 5.870E+05
 3.82067431E+01   4323.1 3.821E+05 2.383E+11 6.807E-03 7.851E-03 2.000E+05 3.230E+07 2.319E+04 5.948E+05
 4.13507760E+01   4392.3 4.135E+05 3.309E+11 9.217E-03 1.019E-02 2.000E+05 5.992E+07 3.202E+04 6.041E+05
 4.44844431E+01   4458.5 4.448E+05 4.492E+11 1.219E-02 1.292E-02 2.000E+05 9.782E+07 3.382E+04 6.131E+05
 4.76340435E+01   4530.0 4.763E+05 6.165E+11 1.626E-02 1.640E-02 2.000E+05 1.539E+08 4.324E+04 6.230E+05
 5.07724099E+01   4606.8 5.077E+05 8.541E+11 2.180E-02 2.077E-02 2.000E+05 2.215E+08 4.685E+04 6.338E+05
 5.39086855E+01   4685.2 5.391E+05 1.177E+12 2.899E-02 2.580E-02 2.000E+05 3.183E+08 5.393E+04 6.449E+05
 5.70301497E+01   4772.3 5.703E+05 1.655E+12 3.912E-02 3.204E-02 2.000E+05 4.418E+08 6.172E+04 6.575E+05
 6.01209527E+01   4862.8 6.012E+05 2.323E+12 5.257E-02 3.892E-02 2.000E+05 5.780E+08 6.705E+04 6.705E+05
 6.31877187E+01   4958.5 6.319E+05 3.274E+12 7.068E-02 4.633E-02 2.000E+05 7.486E+08 7.449E+04 6.840E+05
 6.62215336E+01   5061.3 6.622E+05 4.659E+12 9.547E-02 5.410E-02 2.000E+05 9.422E+08 8.163E+04 6.984E+05
 6.92199108E+01   5169.4 6.922E+05 6.639E+12 1.287E-01 6.140E-02 2.000E+05 1.132E+09 8.747E+04 7.129E+05
 7.21913986E+01   5282.2 7.219E+05 9.449E+12 1.727E-01 6.762E-02 2.000E+05 1.330E+09 9.292E+04 7.274E+05
 7.51488442E+01   5399.3 7.515E+05 1.341E+13 2.307E-01 7.207E-02 2.000E+05 1.527E+09 9.881E+04 7.417E+05
 7.81253942E+01   5515.8 7.812E+05 1.874E+13 3.033E-01 7.381E-02 2.000E+05 1.692E+09 1.022E+05 7.549E+05
 8.11644235E+01   5632.4 8.116E+05 2.582E+13 3.938E-01 7.453E-02 2.000E+05 1.832E+09 1.055E+05 7.673E+05
 8.42964244E+01   5751.5 8.429E+05 3.537E+13 5.079E-01 7.536E-02 2.000E+05 1.940E+09 1.078E+05 7.792E+05
 8.75493527E+01   5871.6 8.755E+05 4.801E+13 6.495E-01 7.651E-02 2.000E+05 2.013E+09 1.088E+05 7.904E+05
 9.09502189E+01   5995.0 9.095E+05 6.488E+13 8.270E-01 7.865E-02 2.000E+05 2.067E+09 1.098E+05 8.011E+05
 9.45183997E+01   6121.2 9.451E+05 8.726E+13 1.048E+00 8.127E-02 2.000E+05 2.117E+09 1.101E+05 8.114E+05
 9.82788408E+01   6250.8 9.828E+05 1.169E+14 1.325E+00 8.459E-02 2.000E+05 2.145E+09 1.110E+05 8.214E+05
 1.02247660E+02   6385.3 1.022E+06 1.565E+14 1.673E+00 8.703E-02 2.000E+05 2.168E+09 1.093E+05 8.310E+05
 1.06456700E+02   6520.6 1.065E+06 2.076E+14 2.097E+00 9.056E-02 2.000E+05 2.204E+09 1.113E+05 8.402E+05
 1.10911575E+02   6666.3 1.109E+06 2.777E+14 2.650E+00 9.377E-02 2.000E+05 2.206E+09 1.090E+05 8.494E+05
 1.15651714E+02   6807.2 1.156E+06 3.644E+14 3.299E+00 9.582E-02 2.000E+05 2.226E+09 1.089E+05 8.578E+05
 1.20692613E+02   6962.3 1.207E+06 4.850E+14 4.162E+00 1.005E-01 2.000E+05 2.255E+09 1.095E+05 8.664E+05
 1.26048202E+02   7112.5 1.260E+06 6.333E+14 5.179E+00 1.099E-01 2.000E+05 2.226E+09 1.067E+05 8.742E+05
PRADK 6.6677E-01
BEGIN                    ITERATION  15 COMPLETED
