TEFF   6000.  GRAVITY 3.00000 LTE 
TITLE  [-4.0a] N(He)/Ntot=0.089 VTURB=2.0  L/H=1.25 NOVER                       
 OPACITY IFOP 1 1 1 1 1 1 1 1 1 1 1 1 1 0 1 0 0 0 0 0
 CONVECTION ON   1.25 TURBULENCE OFF  0.00  0.00  0.00  0.00
ABUNDANCE SCALE   0.00010 ABUNDANCE CHANGE 1 0.92160 2 0.07844
 ABUNDANCE CHANGE  3 -10.88  4 -10.89  5  -9.44  6  -3.49  7  -4.07  8  -2.77
 ABUNDANCE CHANGE  9  -7.44 10  -3.56 11  -5.71 12  -4.06 13  -5.57 14  -4.09
 ABUNDANCE CHANGE 15  -6.59 16  -4.34 17  -6.54 18  -5.14 19  -6.94 20  -5.28
 ABUNDANCE CHANGE 21  -8.86 22  -6.61 23  -8.04 24  -6.37 25  -6.65 26  -4.54
 ABUNDANCE CHANGE 27  -7.12 28  -5.79 29  -7.83 30  -7.44 31  -9.16 32  -8.63
 ABUNDANCE CHANGE 33  -9.67 34  -8.69 35  -9.41 36  -8.81 37  -9.44 38  -9.07
 ABUNDANCE CHANGE 39  -9.80 40  -9.44 41 -10.62 42 -10.12 43 -20.00 44 -10.20
 ABUNDANCE CHANGE 45 -10.92 46 -10.35 47 -11.10 48 -10.18 49 -10.58 50 -10.04
 ABUNDANCE CHANGE 51 -11.04 52  -9.80 53 -10.53 54  -9.81 55 -10.92 56  -9.91
 ABUNDANCE CHANGE 57 -10.87 58 -10.46 59 -11.33 60 -10.54 61 -20.00 62 -11.04
 ABUNDANCE CHANGE 63 -11.53 64 -10.92 65 -11.94 66 -10.94 67 -11.78 68 -11.11
 ABUNDANCE CHANGE 69 -12.04 70 -10.96 71 -11.28 72 -11.16 73 -11.91 74 -10.93
 ABUNDANCE CHANGE 75 -11.77 76 -10.59 77 -10.69 78 -10.24 79 -11.03 80 -10.95
 ABUNDANCE CHANGE 81 -11.14 82 -10.19 83 -11.33 84 -20.00 85 -20.00 86 -20.00
 ABUNDANCE CHANGE 87 -20.00 88 -20.00 89 -20.00 90 -11.92 91 -20.00 92 -12.51
 ABUNDANCE CHANGE 93 -20.00 94 -20.00 95 -20.00 96 -20.00 97 -20.00 98 -20.00
 ABUNDANCE CHANGE 99 -20.00
READ DECK6 72 RHOX,T,P,XNE,ABROSS,ACCRAD,VTURB, FLXCNV,VCONV,VELSND
 1.96706048E-04   4564.9 1.967E-01 4.551E+08 6.779E-04 4.650E-03 2.000E+05 0.000E+00 0.000E+00 2.229E+06
 2.65958991E-04   4565.6 2.660E-01 5.306E+08 6.065E-04 4.498E-03 2.000E+05 0.000E+00 0.000E+00 1.993E+06
 3.69275287E-04   4567.3 3.693E-01 6.294E+08 5.416E-04 4.363E-03 2.000E+05 0.000E+00 0.000E+00 1.767E+06
 5.23516273E-04   4569.5 5.235E-01 7.559E+08 4.839E-04 4.245E-03 2.000E+05 0.000E+00 0.000E+00 1.559E+06
 7.53848989E-04   4573.5 7.539E-01 9.212E+08 4.363E-04 4.150E-03 2.000E+05 0.000E+00 0.000E+00 1.377E+06
 1.09147070E-03   4580.2 1.092E+00 1.137E+09 4.003E-04 4.080E-03 2.000E+05 0.000E+00 0.000E+00 1.223E+06
 1.57872328E-03   4587.5 1.579E+00 1.407E+09 3.725E-04 4.027E-03 2.000E+05 0.000E+00 0.000E+00 1.099E+06
 2.26830462E-03   4597.3 2.268E+00 1.750E+09 3.551E-04 3.996E-03 2.000E+05 0.000E+00 0.000E+00 1.002E+06
 3.22228326E-03   4608.5 3.222E+00 2.176E+09 3.459E-04 3.983E-03 2.000E+05 0.000E+00 0.000E+00 9.289E+05
 4.50976863E-03   4622.1 4.510E+00 2.710E+09 3.459E-04 3.988E-03 2.000E+05 0.000E+00 0.000E+00 8.744E+05
 6.21361008E-03   4635.0 6.214E+00 3.338E+09 3.511E-04 4.005E-03 2.000E+05 0.000E+00 0.000E+00 8.345E+05
 8.42389324E-03   4650.1 8.424E+00 4.111E+09 3.645E-04 4.038E-03 2.000E+05 0.000E+00 0.000E+00 8.055E+05
 1.12655348E-02   4659.9 1.127E+01 4.930E+09 3.778E-04 4.072E-03 2.000E+05 0.000E+00 0.000E+00 7.843E+05
 1.48746191E-02   4674.1 1.488E+01 5.968E+09 4.016E-04 4.128E-03 2.000E+05 0.000E+00 0.000E+00 7.689E+05
 1.93864051E-02   4687.0 1.939E+01 7.143E+09 4.298E-04 4.193E-03 2.000E+05 0.000E+00 0.000E+00 7.578E+05
 2.49740719E-02   4701.1 2.497E+01 8.532E+09 4.654E-04 4.275E-03 2.000E+05 0.000E+00 0.000E+00 7.497E+05
 3.18346548E-02   4714.3 3.184E+01 1.010E+10 5.064E-04 4.368E-03 2.000E+05 0.000E+00 0.000E+00 7.439E+05
 4.02238113E-02   4727.0 4.022E+01 1.189E+10 5.534E-04 4.475E-03 2.000E+05 0.000E+00 0.000E+00 7.397E+05
 5.04389336E-02   4739.4 5.044E+01 1.392E+10 6.071E-04 4.597E-03 2.000E+05 0.000E+00 0.000E+00 7.367E+05
 6.28517381E-02   4750.6 6.285E+01 1.617E+10 6.664E-04 4.731E-03 2.000E+05 0.000E+00 0.000E+00 7.345E+05
 7.79157527E-02   4761.2 7.792E+01 1.869E+10 7.329E-04 4.882E-03 2.000E+05 0.000E+00 0.000E+00 7.330E+05
 9.61818505E-02   4770.8 9.618E+01 2.148E+10 8.059E-04 5.048E-03 2.000E+05 0.000E+00 0.000E+00 7.320E+05
 1.18334307E-01   4779.4 1.183E+02 2.456E+10 8.861E-04 5.232E-03 2.000E+05 0.000E+00 0.000E+00 7.313E+05
 1.45198958E-01   4787.2 1.452E+02 2.796E+10 9.742E-04 5.436E-03 2.000E+05 0.000E+00 0.000E+00 7.309E+05
 1.77827561E-01   4793.4 1.778E+02 3.161E+10 1.068E-03 5.658E-03 2.000E+05 0.000E+00 0.000E+00 7.307E+05
 2.17495827E-01   4799.0 2.175E+02 3.566E+10 1.172E-03 5.904E-03 2.000E+05 0.000E+00 0.000E+00 7.305E+05
 2.65703426E-01   4804.2 2.657E+02 4.012E+10 1.286E-03 6.176E-03 2.000E+05 0.000E+00 0.000E+00 7.305E+05
 3.24268527E-01   4808.9 3.243E+02 4.507E+10 1.412E-03 6.478E-03 2.000E+05 0.000E+00 0.000E+00 7.306E+05
 3.95412062E-01   4813.2 3.954E+02 5.051E+10 1.550E-03 6.812E-03 2.000E+05 0.000E+00 0.000E+00 7.307E+05
 4.81779063E-01   4817.5 4.818E+02 5.659E+10 1.704E-03 7.185E-03 2.000E+05 0.000E+00 0.000E+00 7.309E+05
 5.86557495E-01   4821.6 5.866E+02 6.333E+10 1.873E-03 7.598E-03 2.000E+05 0.000E+00 0.000E+00 7.312E+05
 7.13554747E-01   4826.0 7.136E+02 7.091E+10 2.063E-03 8.061E-03 2.000E+05 0.000E+00 0.000E+00 7.315E+05
 8.67300860E-01   4830.4 8.673E+02 7.938E+10 2.273E-03 8.578E-03 2.000E+05 0.000E+00 0.000E+00 7.318E+05
 1.05320627E+00   4835.2 1.053E+03 8.894E+10 2.509E-03 9.159E-03 2.000E+05 0.000E+00 0.000E+00 7.321E+05
 1.27762100E+00   4840.6 1.278E+03 9.976E+10 2.774E-03 9.816E-03 2.000E+05 0.000E+00 0.000E+00 7.325E+05
 1.54802199E+00   4846.6 1.548E+03 1.121E+11 3.073E-03 1.056E-02 2.000E+05 0.000E+00 0.000E+00 7.330E+05
 1.87302242E+00   4853.6 1.873E+03 1.263E+11 3.414E-03 1.141E-02 2.000E+05 0.000E+00 0.000E+00 7.335E+05
 2.26251893E+00   4861.8 2.263E+03 1.427E+11 3.805E-03 1.238E-02 2.000E+05 0.000E+00 0.000E+00 7.341E+05
 2.72761167E+00   4871.7 2.728E+03 1.620E+11 4.258E-03 1.352E-02 2.000E+05 0.000E+00 0.000E+00 7.348E+05
 3.28051081E+00   4883.5 3.281E+03 1.849E+11 4.789E-03 1.484E-02 2.000E+05 0.000E+00 0.000E+00 7.356E+05
 3.93397349E+00   4898.1 3.934E+03 2.126E+11 5.421E-03 1.643E-02 2.000E+05 0.000E+00 0.000E+00 7.367E+05
 4.70096402E+00   4915.9 4.701E+03 2.466E+11 6.181E-03 1.833E-02 2.000E+05 0.000E+00 0.000E+00 7.379E+05
 5.59352980E+00   4938.1 5.593E+03 2.895E+11 7.119E-03 2.068E-02 2.000E+05 0.000E+00 0.000E+00 7.395E+05
 6.62151611E+00   4965.2 6.621E+03 3.441E+11 8.287E-03 2.360E-02 2.000E+05 0.000E+00 0.000E+00 7.414E+05
 7.79090056E+00   4998.9 7.791E+03 4.163E+11 9.785E-03 2.734E-02 2.000E+05 0.000E+00 0.000E+00 7.437E+05
 9.10144976E+00   5040.3 9.101E+03 5.132E+11 1.173E-02 3.220E-02 2.000E+05 0.000E+00 0.000E+00 7.466E+05
 1.05456520E+01   5091.0 1.055E+04 6.471E+11 1.433E-02 3.865E-02 2.000E+05 0.000E+00 0.000E+00 7.502E+05
 1.21066740E+01   5152.7 1.211E+04 8.374E+11 1.786E-02 4.742E-02 2.000E+05 0.000E+00 0.000E+00 7.545E+05
 1.37560505E+01   5228.3 1.376E+04 1.118E+12 2.283E-02 5.972E-02 2.000E+05 0.000E+00 0.000E+00 7.598E+05
 1.54531385E+01   5320.6 1.545E+04 1.546E+12 3.002E-02 7.747E-02 2.000E+05 0.000E+00 0.000E+00 7.660E+05
 1.71488289E+01   5432.2 1.715E+04 2.221E+12 4.067E-02 1.038E-01 2.000E+05 0.000E+00 0.000E+00 7.733E+05
 1.87924641E+01   5565.8 1.879E+04 3.315E+12 5.683E-02 1.436E-01 2.000E+05 7.697E-01 0.000E+00 7.817E+05
 2.03351866E+01   5724.8 2.033E+04 5.148E+12 8.211E-02 2.058E-01 2.000E+05 2.835E+02 4.447E+02 7.908E+05
 2.17336507E+01   5913.6 2.173E+04 8.332E+12 1.230E-01 3.064E-01 2.000E+05 1.001E+04 3.131E+03 8.006E+05
 2.29560289E+01   6135.0 2.295E+04 1.399E+13 1.912E-01 4.744E-01 2.000E+05 2.421E+05 9.954E+03 8.102E+05
 2.39819619E+01   6396.4 2.398E+04 2.444E+13 3.104E-01 7.692E-01 2.000E+05 3.471E+06 2.815E+04 8.187E+05
 2.48057654E+01   6702.0 2.480E+04 4.412E+13 5.283E-01 1.310E+00 2.000E+05 2.353E+07 6.589E+04 8.250E+05
 2.54246243E+01   7074.8 2.542E+04 8.409E+13 9.732E-01 2.379E+00 2.000E+05 1.713E+08 1.146E+05 8.282E+05
 2.58608855E+01   7486.9 2.586E+04 1.585E+14 1.849E+00 4.068E+00 2.000E+05 7.972E+08 2.176E+05 8.296E+05
 2.61852647E+01   7832.7 2.618E+04 2.559E+14 3.107E+00 5.138E+00 2.000E+05 1.981E+09 3.267E+05 8.320E+05
 2.64628908E+01   8091.3 2.645E+04 3.562E+14 4.535E+00 5.029E+00 2.000E+05 3.186E+09 3.703E+05 8.358E+05
 2.67279259E+01   8300.2 2.672E+04 4.584E+14 6.108E+00 4.527E+00 2.000E+05 4.042E+09 3.884E+05 8.404E+05
 2.69966339E+01   8482.0 2.699E+04 5.651E+14 7.875E+00 4.035E+00 2.000E+05 4.601E+09 3.959E+05 8.455E+05
 2.72787943E+01   8646.7 2.727E+04 6.777E+14 9.871E+00 3.635E+00 2.000E+05 4.959E+09 3.973E+05 8.512E+05
 2.75822031E+01   8801.0 2.757E+04 7.985E+14 1.213E+01 3.321E+00 2.000E+05 5.191E+09 3.964E+05 8.574E+05
 2.79136456E+01   8949.4 2.790E+04 9.299E+14 1.472E+01 3.070E+00 2.000E+05 5.347E+09 3.940E+05 8.640E+05
 2.82796374E+01   9094.3 2.827E+04 1.074E+15 1.771E+01 2.854E+00 2.000E+05 5.463E+09 3.911E+05 8.712E+05
 2.86867064E+01   9238.1 2.867E+04 1.233E+15 2.117E+01 2.677E+00 2.000E+05 5.544E+09 3.887E+05 8.791E+05
 2.91417667E+01   9382.5 2.913E+04 1.409E+15 2.518E+01 2.503E+00 2.000E+05 5.609E+09 3.842E+05 8.876E+05
 2.96541667E+01   9526.4 2.964E+04 1.604E+15 2.971E+01 2.370E+00 2.000E+05 5.660E+09 3.836E+05 8.968E+05
 3.02322503E+01   9678.3 3.021E+04 1.830E+15 3.517E+01 2.225E+00 2.000E+05 5.689E+09 3.778E+05 9.071E+05
 3.08880325E+01   9823.4 3.087E+04 2.069E+15 4.110E+01 2.241E+00 2.000E+05 5.726E+09 3.778E+05 9.177E+05
PRADK 1.7377E+00
BEGIN                    ITERATION  15 COMPLETED
