TEFF   6000.  GRAVITY 1.00000 LTE 
TITLE  [-4.0a] N(He)/Ntot=0.089 VTURB=2.0  L/H=1.25 NOVER                       
 OPACITY IFOP 1 1 1 1 1 1 1 1 1 1 1 1 1 0 1 0 0 0 0 0
 CONVECTION ON   1.25 TURBULENCE OFF  0.00  0.00  0.00  0.00
ABUNDANCE SCALE   0.00010 ABUNDANCE CHANGE 1 0.92160 2 0.07844
 ABUNDANCE CHANGE  3 -10.88  4 -10.89  5  -9.44  6  -3.49  7  -4.07  8  -2.77
 ABUNDANCE CHANGE  9  -7.44 10  -3.56 11  -5.71 12  -4.06 13  -5.57 14  -4.09
 ABUNDANCE CHANGE 15  -6.59 16  -4.34 17  -6.54 18  -5.14 19  -6.94 20  -5.28
 ABUNDANCE CHANGE 21  -8.86 22  -6.61 23  -8.04 24  -6.37 25  -6.65 26  -4.54
 ABUNDANCE CHANGE 27  -7.12 28  -5.79 29  -7.83 30  -7.44 31  -9.16 32  -8.63
 ABUNDANCE CHANGE 33  -9.67 34  -8.69 35  -9.41 36  -8.81 37  -9.44 38  -9.07
 ABUNDANCE CHANGE 39  -9.80 40  -9.44 41 -10.62 42 -10.12 43 -20.00 44 -10.20
 ABUNDANCE CHANGE 45 -10.92 46 -10.35 47 -11.10 48 -10.18 49 -10.58 50 -10.04
 ABUNDANCE CHANGE 51 -11.04 52  -9.80 53 -10.53 54  -9.81 55 -10.92 56  -9.91
 ABUNDANCE CHANGE 57 -10.87 58 -10.46 59 -11.33 60 -10.54 61 -20.00 62 -11.04
 ABUNDANCE CHANGE 63 -11.53 64 -10.92 65 -11.94 66 -10.94 67 -11.78 68 -11.11
 ABUNDANCE CHANGE 69 -12.04 70 -10.96 71 -11.28 72 -11.16 73 -11.91 74 -10.93
 ABUNDANCE CHANGE 75 -11.77 76 -10.59 77 -10.69 78 -10.24 79 -11.03 80 -10.95
 ABUNDANCE CHANGE 81 -11.14 82 -10.19 83 -11.33 84 -20.00 85 -20.00 86 -20.00
 ABUNDANCE CHANGE 87 -20.00 88 -20.00 89 -20.00 90 -11.92 91 -20.00 92 -12.51
 ABUNDANCE CHANGE 93 -20.00 94 -20.00 95 -20.00 96 -20.00 97 -20.00 98 -20.00
 ABUNDANCE CHANGE 99 -20.00
READ DECK6 72 RHOX,T,P,XNE,ABROSS,ACCRAD,VTURB, FLXCNV,VCONV,VELSND
 2.08790094E-05   4358.5 2.101E-04 6.367E+06 6.319E-03 1.651E-02 2.000E+05 0.000E+00 0.000E+00 3.027E+07
 2.83307775E-05   4358.5 2.857E-04 7.444E+06 5.459E-03 1.443E-02 2.000E+05 0.000E+00 0.000E+00 2.728E+07
 3.98556162E-05   4358.5 4.029E-04 8.867E+06 4.633E-03 1.245E-02 2.000E+05 0.000E+00 0.000E+00 2.429E+07
 5.82295715E-05   4358.5 5.887E-04 1.074E+07 3.875E-03 1.061E-02 2.000E+05 0.000E+00 0.000E+00 2.137E+07
 8.81086706E-05   4358.5 8.894E-04 1.324E+07 3.194E-03 8.962E-03 2.000E+05 0.000E+00 0.000E+00 1.858E+07
 1.36866532E-04   4358.6 1.379E-03 1.651E+07 2.607E-03 7.546E-03 2.000E+05 0.000E+00 1.005E+06 1.601E+07
 2.16607847E-04   4360.1 2.178E-03 2.092E+07 2.128E-03 6.398E-03 2.000E+05 0.000E+00 4.754E+06 1.366E+07
 3.46993292E-04   4362.7 3.484E-03 2.679E+07 1.738E-03 5.475E-03 2.000E+05 0.000E+00 3.224E+06 1.157E+07
 5.59799892E-04   4365.7 5.615E-03 3.446E+07 1.421E-03 4.731E-03 2.000E+05 0.000E+00 6.888E+05 9.737E+06
 9.06292700E-04   4369.3 9.083E-03 4.455E+07 1.167E-03 4.142E-03 2.000E+05 0.000E+00 1.738E+05 8.149E+06
 1.46839967E-03   4372.9 1.471E-02 5.756E+07 9.612E-04 3.670E-03 2.000E+05 0.000E+00 0.000E+00 6.790E+06
 2.37461662E-03   4377.9 2.377E-02 7.477E+07 7.996E-04 3.306E-03 2.000E+05 0.000E+00 0.000E+00 5.630E+06
 3.81674643E-03   4385.0 3.820E-02 9.766E+07 6.750E-04 3.029E-03 2.000E+05 0.000E+00 0.000E+00 4.655E+06
 6.07622407E-03   4394.3 6.079E-02 1.281E+08 5.793E-04 2.820E-03 2.000E+05 0.000E+00 0.000E+00 3.847E+06
 9.55285374E-03   4406.4 9.556E-02 1.689E+08 5.068E-04 2.664E-03 2.000E+05 0.000E+00 0.000E+00 3.188E+06
 1.47944438E-02   4421.4 1.480E-01 2.236E+08 4.529E-04 2.551E-03 2.000E+05 0.000E+00 0.000E+00 2.655E+06
 2.25287299E-02   4439.4 2.253E-01 2.969E+08 4.135E-04 2.469E-03 2.000E+05 0.000E+00 0.000E+00 2.230E+06
 3.37042624E-02   4459.8 3.370E-01 3.944E+08 3.853E-04 2.412E-03 2.000E+05 0.000E+00 0.000E+00 1.893E+06
 4.95370218E-02   4482.3 4.953E-01 5.231E+08 3.659E-04 2.374E-03 2.000E+05 0.000E+00 0.000E+00 1.628E+06
 7.15875295E-02   4505.7 7.158E-01 6.901E+08 3.529E-04 2.350E-03 2.000E+05 0.000E+00 0.000E+00 1.421E+06
 1.01859065E-01   4529.5 1.018E+00 9.037E+08 3.450E-04 2.338E-03 2.000E+05 0.000E+00 0.000E+00 1.260E+06
 1.42900638E-01   4553.2 1.429E+00 1.174E+09 3.414E-04 2.337E-03 2.000E+05 0.000E+00 0.000E+00 1.134E+06
 1.97756214E-01   4578.5 1.977E+00 1.521E+09 3.440E-04 2.348E-03 2.000E+05 0.000E+00 0.000E+00 1.037E+06
 2.68554884E-01   4613.9 2.685E+00 2.027E+09 3.626E-04 2.381E-03 2.000E+05 0.000E+00 0.000E+00 9.636E+05
 3.57914754E-01   4646.7 3.578E+00 2.645E+09 3.839E-04 2.419E-03 2.000E+05 0.000E+00 0.000E+00 9.084E+05
 4.69913230E-01   4678.9 4.698E+00 3.413E+09 4.103E-04 2.468E-03 2.000E+05 0.000E+00 0.000E+00 8.668E+05
 6.09292731E-01   4709.0 6.091E+00 4.335E+09 4.403E-04 2.525E-03 2.000E+05 0.000E+00 0.000E+00 8.354E+05
 7.82259177E-01   4736.7 7.821E+00 5.426E+09 4.736E-04 2.589E-03 2.000E+05 0.000E+00 0.000E+00 8.114E+05
 9.96588509E-01   4761.7 9.963E+00 6.692E+09 5.099E-04 2.660E-03 2.000E+05 0.000E+00 0.000E+00 7.930E+05
 1.26165003E+00   4784.6 1.261E+01 8.162E+09 5.503E-04 2.741E-03 2.000E+05 0.000E+00 0.000E+00 7.790E+05
 1.59078230E+00   4801.6 1.590E+01 9.725E+09 5.888E-04 2.823E-03 2.000E+05 0.000E+00 0.000E+00 7.681E+05
 1.99980559E+00   4817.9 1.999E+01 1.154E+10 6.336E-04 2.920E-03 2.000E+05 0.000E+00 0.000E+00 7.598E+05
 2.50548901E+00   4833.2 2.505E+01 1.361E+10 6.847E-04 3.031E-03 2.000E+05 0.000E+00 0.000E+00 7.534E+05
 3.12873140E+00   4846.9 3.128E+01 1.594E+10 7.417E-04 3.156E-03 2.000E+05 0.000E+00 0.000E+00 7.486E+05
 3.89474745E+00   4859.6 3.894E+01 1.857E+10 8.058E-04 3.299E-03 2.000E+05 0.000E+00 0.000E+00 7.451E+05
 4.83426801E+00   4871.0 4.833E+01 2.151E+10 8.769E-04 3.460E-03 2.000E+05 0.000E+00 0.000E+00 7.424E+05
 5.98314768E+00   4882.2 5.981E+01 2.485E+10 9.582E-04 3.647E-03 2.000E+05 0.000E+00 0.000E+00 7.406E+05
 7.38326623E+00   4893.1 7.381E+01 2.863E+10 1.050E-03 3.862E-03 2.000E+05 0.000E+00 0.000E+00 7.394E+05
 9.08097684E+00   4905.2 9.078E+01 3.305E+10 1.159E-03 4.118E-03 2.000E+05 0.000E+00 0.000E+00 7.387E+05
 1.11268476E+01   4918.6 1.112E+02 3.826E+10 1.286E-03 4.420E-03 2.000E+05 0.000E+00 0.000E+00 7.384E+05
 1.35740052E+01   4934.5 1.357E+02 4.454E+10 1.440E-03 4.785E-03 2.000E+05 0.000E+00 0.000E+00 7.386E+05
 1.64753495E+01   4953.6 1.647E+02 5.224E+10 1.627E-03 5.231E-03 2.000E+05 0.000E+00 0.000E+00 7.391E+05
 1.98816039E+01   4976.7 1.987E+02 6.185E+10 1.858E-03 5.782E-03 2.000E+05 0.000E+00 0.000E+00 7.401E+05
 2.38353882E+01   5004.8 2.382E+02 7.414E+10 2.148E-03 6.476E-03 2.000E+05 0.000E+00 0.000E+00 7.414E+05
 2.83650017E+01   5038.9 2.835E+02 9.013E+10 2.517E-03 7.362E-03 2.000E+05 0.000E+00 0.000E+00 7.431E+05
 3.34759488E+01   5080.7 3.346E+02 1.116E+11 3.000E-03 8.525E-03 2.000E+05 0.000E+00 0.000E+00 7.453E+05
 3.91399815E+01   5131.7 3.912E+02 1.412E+11 3.645E-03 1.008E-02 2.000E+05 0.000E+00 0.000E+00 7.479E+05
 4.52887800E+01   5193.6 4.526E+02 1.829E+11 4.525E-03 1.221E-02 2.000E+05 0.000E+00 0.000E+00 7.510E+05
 5.18303957E+01   5266.5 5.179E+02 2.423E+11 5.731E-03 1.512E-02 2.000E+05 0.000E+00 0.000E+00 7.543E+05
 5.86053501E+01   5357.1 5.855E+02 3.333E+11 7.509E-03 1.942E-02 2.000E+05 0.000E+00 0.000E+00 7.581E+05
 6.53925818E+01   5465.7 6.533E+02 4.742E+11 1.015E-02 2.582E-02 2.000E+05 0.000E+00 0.000E+00 7.620E+05
 7.19845523E+01   5593.8 7.190E+02 6.963E+11 1.416E-02 3.554E-02 2.000E+05 7.893E-06 0.000E+00 7.655E+05
 7.81635392E+01   5746.4 7.805E+02 1.062E+12 2.056E-02 5.106E-02 2.000E+05 2.039E-03 2.748E+01 7.683E+05
 8.37183649E+01   5927.0 8.357E+02 1.682E+12 3.118E-02 7.696E-02 2.000E+05 1.058E-01 1.689E+02 7.697E+05
 8.84863470E+01   6139.8 8.829E+02 2.763E+12 4.966E-02 1.226E-01 2.000E+05 5.366E+00 6.008E+02 7.693E+05
 9.23629904E+01   6391.3 9.211E+02 4.719E+12 8.391E-02 2.084E-01 2.000E+05 3.889E+02 2.126E+03 7.676E+05
 9.53071460E+01   6690.3 9.497E+02 8.384E+12 1.528E-01 3.843E-01 2.000E+05 5.074E+04 8.403E+03 7.664E+05
 9.73666388E+01   7043.3 9.691E+02 1.538E+13 3.036E-01 7.811E-01 2.000E+05 3.593E+06 3.996E+04 7.694E+05
 9.86480964E+01   7478.2 9.804E+02 2.961E+13 6.885E-01 1.810E+00 2.000E+05 6.989E+07 1.529E+05 7.824E+05
 9.93585832E+01   7974.7 9.855E+02 5.613E+13 1.677E+00 3.928E+00 2.000E+05 7.221E+08 3.794E+05 8.105E+05
 9.98003093E+01   8357.0 9.879E+02 8.535E+13 3.156E+00 4.860E+00 2.000E+05 2.179E+09 7.885E+05 8.424E+05
 1.00165216E+02   8597.6 9.899E+02 1.076E+14 4.551E+00 4.160E+00 2.000E+05 3.549E+09 9.173E+05 8.674E+05
 1.00523723E+02   8783.4 9.922E+02 1.266E+14 5.910E+00 3.481E+00 2.000E+05 4.346E+09 9.739E+05 8.895E+05
 1.00902347E+02   8946.9 9.947E+02 1.443E+14 7.299E+00 3.043E+00 2.000E+05 4.812E+09 1.021E+06 9.108E+05
 1.01316207E+02   9104.5 9.977E+02 1.620E+14 8.812E+00 2.707E+00 2.000E+05 5.135E+09 1.043E+06 9.332E+05
 1.01780268E+02   9253.0 1.001E+03 1.788E+14 1.037E+01 2.587E+00 2.000E+05 5.223E+09 1.087E+06 9.557E+05
 1.02305725E+02   9423.7 1.005E+03 1.979E+14 1.221E+01 2.336E+00 2.000E+05 5.343E+09 1.056E+06 9.830E+05
 1.02916088E+02   9561.1 1.010E+03 2.130E+14 1.370E+01 2.663E+00 2.000E+05 5.531E+09 1.171E+06 1.006E+06
 1.03614815E+02   9841.0 1.015E+03 2.405E+14 1.650E+01 2.747E+00 2.000E+05 5.231E+09 1.115E+06 1.055E+06
 1.04436891E+02   9977.1 1.021E+03 2.527E+14 1.769E+01 2.867E+00 2.000E+05 5.587E+09 1.153E+06 1.079E+06
 1.05440761E+02  10395.6 1.027E+03 2.807E+14 1.967E+01 4.275E+00 2.000E+05 5.876E+09 1.411E+06 1.155E+06
 1.06719067E+02  10795.0 1.035E+03 2.952E+14 1.948E+01 3.785E+00 2.000E+05 4.896E+09 1.187E+06 1.221E+06
PRADK 1.7349E+00
BEGIN                    ITERATION  15 COMPLETED
