TEFF   4000.  GRAVITY 3.00000 LTE 
TITLE  [-4.0a] N(He)/Ntot=0.089 VTURB=2.0  L/H=1.25 NOVER                       
 OPACITY IFOP 1 1 1 1 1 1 1 1 1 1 1 1 1 0 1 0 0 0 0 0
 CONVECTION ON   1.25 TURBULENCE OFF  0.00  0.00  0.00  0.00
ABUNDANCE SCALE   0.00010 ABUNDANCE CHANGE 1 0.92160 2 0.07844
 ABUNDANCE CHANGE  3 -10.88  4 -10.89  5  -9.44  6  -3.49  7  -4.07  8  -2.77
 ABUNDANCE CHANGE  9  -7.44 10  -3.56 11  -5.71 12  -4.06 13  -5.57 14  -4.09
 ABUNDANCE CHANGE 15  -6.59 16  -4.34 17  -6.54 18  -5.14 19  -6.94 20  -5.28
 ABUNDANCE CHANGE 21  -8.86 22  -6.61 23  -8.04 24  -6.37 25  -6.65 26  -4.54
 ABUNDANCE CHANGE 27  -7.12 28  -5.79 29  -7.83 30  -7.44 31  -9.16 32  -8.63
 ABUNDANCE CHANGE 33  -9.67 34  -8.69 35  -9.41 36  -8.81 37  -9.44 38  -9.07
 ABUNDANCE CHANGE 39  -9.80 40  -9.44 41 -10.62 42 -10.12 43 -20.00 44 -10.20
 ABUNDANCE CHANGE 45 -10.92 46 -10.35 47 -11.10 48 -10.18 49 -10.58 50 -10.04
 ABUNDANCE CHANGE 51 -11.04 52  -9.80 53 -10.53 54  -9.81 55 -10.92 56  -9.91
 ABUNDANCE CHANGE 57 -10.87 58 -10.46 59 -11.33 60 -10.54 61 -20.00 62 -11.04
 ABUNDANCE CHANGE 63 -11.53 64 -10.92 65 -11.94 66 -10.94 67 -11.78 68 -11.11
 ABUNDANCE CHANGE 69 -12.04 70 -10.96 71 -11.28 72 -11.16 73 -11.91 74 -10.93
 ABUNDANCE CHANGE 75 -11.77 76 -10.59 77 -10.69 78 -10.24 79 -11.03 80 -10.95
 ABUNDANCE CHANGE 81 -11.14 82 -10.19 83 -11.33 84 -20.00 85 -20.00 86 -20.00
 ABUNDANCE CHANGE 87 -20.00 88 -20.00 89 -20.00 90 -11.92 91 -20.00 92 -12.51
 ABUNDANCE CHANGE 93 -20.00 94 -20.00 95 -20.00 96 -20.00 97 -20.00 98 -20.00
 ABUNDANCE CHANGE 99 -20.00
READ DECK6 72 RHOX,T,P,XNE,ABROSS,ACCRAD,VTURB, FLXCNV,VCONV,VELSND
 4.68476236E-02   2873.6 4.685E+01 1.979E+06 2.846E-06 5.360E-05 2.000E+05 0.000E+00 0.000E+00 5.238E+05
 6.17722435E-02   2886.8 6.177E+01 2.559E+06 3.114E-06 5.372E-05 2.000E+05 0.000E+00 0.000E+00 5.197E+05
 7.99658476E-02   2897.8 7.997E+01 3.243E+06 3.406E-06 5.386E-05 2.000E+05 0.000E+00 0.000E+00 5.156E+05
 1.02138561E-01   2907.3 1.021E+02 4.052E+06 3.728E-06 5.401E-05 2.000E+05 0.000E+00 0.000E+00 5.115E+05
 1.29122502E-01   2918.8 1.291E+02 5.032E+06 4.084E-06 5.413E-05 2.000E+05 0.000E+00 0.000E+00 5.084E+05
 1.61962807E-01   2929.1 1.620E+02 6.192E+06 4.475E-06 5.429E-05 2.000E+05 0.000E+00 0.000E+00 5.052E+05
 2.01949076E-01   2940.1 2.020E+02 7.589E+06 4.898E-06 5.445E-05 2.000E+05 0.000E+00 0.000E+00 5.024E+05
 2.50696589E-01   2951.7 2.507E+02 9.274E+06 5.355E-06 5.463E-05 2.000E+05 0.000E+00 0.000E+00 5.001E+05
 3.10150067E-01   2963.1 3.102E+02 1.129E+07 5.855E-06 5.484E-05 2.000E+05 0.000E+00 0.000E+00 4.979E+05
 3.82752214E-01   2976.5 3.828E+02 1.377E+07 6.387E-06 5.503E-05 2.000E+05 0.000E+00 0.000E+00 4.963E+05
 4.71464451E-01   2989.9 4.715E+02 1.675E+07 6.973E-06 5.525E-05 2.000E+05 0.000E+00 0.000E+00 4.948E+05
 5.79952491E-01   3005.5 5.800E+02 2.044E+07 7.599E-06 5.550E-05 2.000E+05 0.000E+00 0.000E+00 4.939E+05
 7.12389892E-01   3019.3 7.124E+02 2.483E+07 8.316E-06 5.581E-05 2.000E+05 0.000E+00 0.000E+00 4.927E+05
 8.74543276E-01   3041.0 8.746E+02 3.056E+07 9.029E-06 5.605E-05 2.000E+05 0.000E+00 0.000E+00 4.933E+05
 1.07254877E+00   3055.1 1.073E+03 3.710E+07 9.918E-06 5.641E-05 2.000E+05 0.000E+00 0.000E+00 4.923E+05
 1.31383538E+00   3075.9 1.314E+03 4.550E+07 1.080E-05 5.675E-05 2.000E+05 0.000E+00 0.000E+00 4.926E+05
 1.60855287E+00   3095.0 1.609E+03 5.563E+07 1.183E-05 5.717E-05 2.000E+05 0.000E+00 0.000E+00 4.927E+05
 1.96662015E+00   3114.9 1.967E+03 6.802E+07 1.300E-05 5.767E-05 2.000E+05 0.000E+00 0.000E+00 4.929E+05
 2.40039079E+00   3134.9 2.400E+03 8.310E+07 1.434E-05 5.825E-05 2.000E+05 0.000E+00 0.000E+00 4.931E+05
 2.92316542E+00   3154.1 2.923E+03 1.012E+08 1.590E-05 5.894E-05 2.000E+05 0.000E+00 0.000E+00 4.932E+05
 3.55222302E+00   3174.1 3.552E+03 1.232E+08 1.761E-05 5.971E-05 2.000E+05 0.000E+00 0.000E+00 4.934E+05
 4.30910006E+00   3193.0 4.309E+03 1.495E+08 1.955E-05 6.060E-05 2.000E+05 0.000E+00 0.000E+00 4.934E+05
 5.21486365E+00   3210.0 5.215E+03 1.805E+08 2.186E-05 6.164E-05 2.000E+05 0.000E+00 0.000E+00 4.931E+05
 6.29160349E+00   3224.7 6.292E+03 2.163E+08 2.460E-05 6.286E-05 2.000E+05 0.000E+00 0.000E+00 4.923E+05
 7.56376802E+00   3237.1 7.564E+03 2.573E+08 2.784E-05 6.428E-05 2.000E+05 0.000E+00 0.000E+00 4.911E+05
 9.05741073E+00   3246.5 9.058E+03 3.033E+08 3.171E-05 6.592E-05 2.000E+05 0.000E+00 0.000E+00 4.894E+05
 1.08073997E+01   3254.6 1.081E+04 3.557E+08 3.604E-05 6.777E-05 2.000E+05 0.000E+00 0.000E+00 4.874E+05
 1.28631778E+01   3259.5 1.286E+04 4.135E+08 4.093E-05 6.985E-05 2.000E+05 0.000E+00 0.000E+00 4.848E+05
 1.52735499E+01   3263.0 1.527E+04 4.786E+08 4.667E-05 7.226E-05 2.000E+05 0.000E+00 0.000E+00 4.819E+05
 1.80861551E+01   3264.4 1.808E+04 5.505E+08 5.344E-05 7.504E-05 2.000E+05 0.000E+00 0.000E+00 4.785E+05
 2.13552667E+01   3263.2 2.135E+04 6.289E+08 6.139E-05 7.826E-05 2.000E+05 0.000E+00 0.000E+00 4.746E+05
 2.51453475E+01   3260.1 2.514E+04 7.142E+08 7.062E-05 8.204E-05 2.000E+05 0.000E+00 0.000E+00 4.702E+05
 2.95388644E+01   3257.7 2.953E+04 8.102E+08 8.097E-05 8.650E-05 2.000E+05 0.000E+00 0.000E+00 4.659E+05
 3.46886985E+01   3259.0 3.469E+04 9.250E+08 9.117E-05 9.113E-05 2.000E+05 0.000E+00 0.000E+00 4.622E+05
 4.08376095E+01   3265.9 4.085E+04 1.069E+09 1.015E-04 9.594E-05 2.000E+05 0.000E+00 0.000E+00 4.597E+05
 4.82046577E+01   3279.0 4.822E+04 1.253E+09 1.130E-04 1.015E-04 2.000E+05 0.000E+00 0.000E+00 4.582E+05
 5.70074306E+01   3299.0 5.703E+04 1.489E+09 1.264E-04 1.080E-04 2.000E+05 0.000E+00 0.000E+00 4.582E+05
 6.75007774E+01   3326.5 6.752E+04 1.797E+09 1.415E-04 1.155E-04 2.000E+05 0.000E+00 0.000E+00 4.596E+05
 7.99964011E+01   3360.7 8.002E+04 2.199E+09 1.587E-04 1.243E-04 2.000E+05 0.000E+00 0.000E+00 4.623E+05
 9.47774903E+01   3400.6 9.480E+04 2.721E+09 1.798E-04 1.354E-04 2.000E+05 0.000E+00 0.000E+00 4.660E+05
 1.12158859E+02   3443.9 1.122E+05 3.392E+09 2.038E-04 1.484E-04 2.000E+05 1.081E+06 0.000E+00 4.704E+05
 1.32946927E+02   3500.5 1.330E+05 4.382E+09 2.241E-04 1.626E-04 2.000E+05 2.161E+06 1.319E+04 4.772E+05
 1.57817024E+02   3555.0 1.578E+05 5.704E+09 2.542E-04 1.828E-04 2.000E+05 3.020E+06 0.000E+00 4.834E+05
 1.86315970E+02   3612.8 1.863E+05 7.568E+09 3.037E-04 2.135E-04 2.000E+05 7.478E+06 1.479E+04 4.901E+05
 2.17391399E+02   3668.5 2.174E+05 1.006E+10 3.786E-04 2.568E-04 2.000E+05 1.546E+07 1.755E+04 4.966E+05
 2.50305634E+02   3722.7 2.503E+05 1.339E+10 4.797E-04 3.128E-04 2.000E+05 2.621E+07 2.052E+04 5.030E+05
 2.84882478E+02   3774.5 2.849E+05 1.774E+10 6.093E-04 3.809E-04 2.000E+05 4.256E+07 2.321E+04 5.091E+05
 3.21205096E+02   3825.6 3.212E+05 2.351E+10 7.728E-04 4.620E-04 2.000E+05 6.638E+07 2.670E+04 5.151E+05
 3.59440022E+02   3876.0 3.594E+05 3.112E+10 9.789E-04 5.552E-04 2.000E+05 9.998E+07 2.959E+04 5.212E+05
 3.99505527E+02   3926.3 3.995E+05 4.120E+10 1.252E-03 6.623E-04 2.000E+05 1.436E+08 3.333E+04 5.272E+05
 4.41138245E+02   3976.7 4.411E+05 5.445E+10 1.611E-03 7.790E-04 2.000E+05 1.998E+08 3.592E+04 5.333E+05
 4.84287032E+02   4026.5 4.843E+05 7.162E+10 2.073E-03 8.956E-04 2.000E+05 2.705E+08 3.990E+04 5.394E+05
 5.28859986E+02   4077.6 5.289E+05 9.436E+10 2.682E-03 1.007E-03 2.000E+05 3.512E+08 4.250E+04 5.458E+05
 5.74958029E+02   4127.6 5.750E+05 1.233E+11 3.448E-03 1.093E-03 2.000E+05 4.424E+08 4.568E+04 5.519E+05
 6.22630711E+02   4179.5 6.226E+05 1.616E+11 4.455E-03 1.154E-03 2.000E+05 5.425E+08 4.832E+04 5.584E+05
 6.72047670E+02   4230.6 6.720E+05 2.102E+11 5.711E-03 1.172E-03 2.000E+05 6.385E+08 5.087E+04 5.648E+05
 7.23323196E+02   4283.9 7.233E+05 2.745E+11 7.351E-03 1.161E-03 2.000E+05 7.331E+08 5.233E+04 5.715E+05
 7.76724219E+02   4336.4 7.767E+05 3.554E+11 9.373E-03 1.122E-03 2.000E+05 8.214E+08 5.486E+04 5.780E+05
 8.32300822E+02   4392.5 8.323E+05 4.646E+11 1.205E-02 1.082E-03 2.000E+05 8.895E+08 5.522E+04 5.851E+05
 8.90380134E+02   4446.8 8.904E+05 5.993E+11 1.528E-02 1.039E-03 2.000E+05 9.553E+08 5.676E+04 5.919E+05
 9.51040861E+02   4506.1 9.510E+05 7.846E+11 1.962E-02 1.017E-03 2.000E+05 1.004E+09 5.772E+04 5.995E+05
 1.01450391E+03   4563.9 1.014E+06 1.014E+12 2.486E-02 9.862E-04 2.000E+05 1.040E+09 5.741E+04 6.068E+05
 1.08103222E+03   4626.3 1.081E+06 1.327E+12 3.175E-02 9.862E-04 2.000E+05 1.076E+09 5.917E+04 6.148E+05
 1.15069070E+03   4689.3 1.151E+06 1.729E+12 4.033E-02 9.752E-04 2.000E+05 1.090E+09 5.834E+04 6.229E+05
 1.22376424E+03   4755.4 1.224E+06 2.261E+12 5.132E-02 9.960E-04 2.000E+05 1.107E+09 5.916E+04 6.314E+05
 1.30032291E+03   4824.0 1.300E+06 2.965E+12 6.533E-02 1.022E-03 2.000E+05 1.121E+09 5.962E+04 6.403E+05
 1.38046880E+03   4895.7 1.380E+06 3.900E+12 8.326E-02 1.055E-03 2.000E+05 1.120E+09 5.905E+04 6.496E+05
 1.46445337E+03   4969.6 1.464E+06 5.131E+12 1.059E-01 1.100E-03 2.000E+05 1.134E+09 6.004E+04 6.592E+05
 1.55227017E+03   5048.4 1.552E+06 6.802E+12 1.353E-01 1.155E-03 2.000E+05 1.136E+09 6.006E+04 6.694E+05
 1.64413083E+03   5129.0 1.644E+06 8.996E+12 1.721E-01 1.204E-03 2.000E+05 1.134E+09 5.978E+04 6.798E+05
 1.74022408E+03   5214.6 1.740E+06 1.198E+13 2.198E-01 1.271E-03 2.000E+05 1.146E+09 6.083E+04 6.909E+05
 1.84027940E+03   5303.3 1.840E+06 1.595E+13 2.801E-01 1.458E-03 2.000E+05 1.139E+09 6.052E+04 7.022E+05
PRADK 3.3172E-01
BEGIN                    ITERATION  15 COMPLETED
