TEFF   5500.  GRAVITY 4.50000 LTE 
TITLE  [-4.0a] N(He)/Ntot=0.089 VTURB=2.0  L/H=1.25 NOVER                       
 OPACITY IFOP 1 1 1 1 1 1 1 1 1 1 1 1 1 0 1 0 0 0 0 0
 CONVECTION ON   1.25 TURBULENCE OFF  0.00  0.00  0.00  0.00
ABUNDANCE SCALE   0.00010 ABUNDANCE CHANGE 1 0.92160 2 0.07844
 ABUNDANCE CHANGE  3 -10.88  4 -10.89  5  -9.44  6  -3.49  7  -4.07  8  -2.77
 ABUNDANCE CHANGE  9  -7.44 10  -3.56 11  -5.71 12  -4.06 13  -5.57 14  -4.09
 ABUNDANCE CHANGE 15  -6.59 16  -4.34 17  -6.54 18  -5.14 19  -6.94 20  -5.28
 ABUNDANCE CHANGE 21  -8.86 22  -6.61 23  -8.04 24  -6.37 25  -6.65 26  -4.54
 ABUNDANCE CHANGE 27  -7.12 28  -5.79 29  -7.83 30  -7.44 31  -9.16 32  -8.63
 ABUNDANCE CHANGE 33  -9.67 34  -8.69 35  -9.41 36  -8.81 37  -9.44 38  -9.07
 ABUNDANCE CHANGE 39  -9.80 40  -9.44 41 -10.62 42 -10.12 43 -20.00 44 -10.20
 ABUNDANCE CHANGE 45 -10.92 46 -10.35 47 -11.10 48 -10.18 49 -10.58 50 -10.04
 ABUNDANCE CHANGE 51 -11.04 52  -9.80 53 -10.53 54  -9.81 55 -10.92 56  -9.91
 ABUNDANCE CHANGE 57 -10.87 58 -10.46 59 -11.33 60 -10.54 61 -20.00 62 -11.04
 ABUNDANCE CHANGE 63 -11.53 64 -10.92 65 -11.94 66 -10.94 67 -11.78 68 -11.11
 ABUNDANCE CHANGE 69 -12.04 70 -10.96 71 -11.28 72 -11.16 73 -11.91 74 -10.93
 ABUNDANCE CHANGE 75 -11.77 76 -10.59 77 -10.69 78 -10.24 79 -11.03 80 -10.95
 ABUNDANCE CHANGE 81 -11.14 82 -10.19 83 -11.33 84 -20.00 85 -20.00 86 -20.00
 ABUNDANCE CHANGE 87 -20.00 88 -20.00 89 -20.00 90 -11.92 91 -20.00 92 -12.51
 ABUNDANCE CHANGE 93 -20.00 94 -20.00 95 -20.00 96 -20.00 97 -20.00 98 -20.00
 ABUNDANCE CHANGE 99 -20.00
READ DECK6 72 RHOX,T,P,XNE,ABROSS,ACCRAD,VTURB, FLXCNV,VCONV,VELSND
 9.13402600E-04   4334.8 2.889E+01 2.177E+09 1.459E-04 1.727E-03 2.000E+05 0.000E+00 0.000E+00 7.152E+05
 1.20494751E-03   4344.1 3.811E+01 2.604E+09 1.592E-04 1.752E-03 2.000E+05 0.000E+00 0.000E+00 7.108E+05
 1.56527694E-03   4346.0 4.950E+01 2.991E+09 1.701E-04 1.775E-03 2.000E+05 0.000E+00 0.000E+00 7.073E+05
 2.00930208E-03   4353.1 6.354E+01 3.493E+09 1.862E-04 1.805E-03 2.000E+05 0.000E+00 0.000E+00 7.052E+05
 2.54903830E-03   4360.6 8.061E+01 4.059E+09 2.046E-04 1.838E-03 2.000E+05 0.000E+00 0.000E+00 7.037E+05
 3.20234620E-03   4368.3 1.013E+02 4.700E+09 2.257E-04 1.877E-03 2.000E+05 0.000E+00 0.000E+00 7.028E+05
 3.99102941E-03   4376.1 1.262E+02 5.421E+09 2.496E-04 1.920E-03 2.000E+05 0.000E+00 0.000E+00 7.022E+05
 4.94167130E-03   4383.7 1.563E+02 6.227E+09 2.762E-04 1.969E-03 2.000E+05 0.000E+00 0.000E+00 7.019E+05
 6.08740470E-03   4390.7 1.925E+02 7.114E+09 3.054E-04 2.022E-03 2.000E+05 0.000E+00 0.000E+00 7.017E+05
 7.47431426E-03   4394.9 2.364E+02 8.021E+09 3.348E-04 2.076E-03 2.000E+05 0.000E+00 0.000E+00 7.015E+05
 9.17433104E-03   4394.9 2.902E+02 8.888E+09 3.625E-04 2.128E-03 2.000E+05 0.000E+00 0.000E+00 7.010E+05
 1.12564287E-02   4398.0 3.560E+02 9.975E+09 3.976E-04 2.193E-03 2.000E+05 0.000E+00 0.000E+00 7.009E+05
 1.37797618E-02   4402.1 4.358E+02 1.122E+10 4.377E-04 2.267E-03 2.000E+05 0.000E+00 0.000E+00 7.009E+05
 1.68365700E-02   4405.9 5.324E+02 1.260E+10 4.819E-04 2.349E-03 2.000E+05 0.000E+00 0.000E+00 7.009E+05
 2.05386167E-02   4409.6 6.495E+02 1.413E+10 5.306E-04 2.440E-03 2.000E+05 0.000E+00 0.000E+00 7.009E+05
 2.50206173E-02   4413.4 7.912E+02 1.585E+10 5.847E-04 2.540E-03 2.000E+05 0.000E+00 0.000E+00 7.010E+05
 3.04443719E-02   4417.0 9.627E+02 1.774E+10 6.443E-04 2.651E-03 2.000E+05 0.000E+00 0.000E+00 7.010E+05
 3.70059356E-02   4420.7 1.170E+03 1.986E+10 7.105E-04 2.775E-03 2.000E+05 0.000E+00 0.000E+00 7.011E+05
 4.49417638E-02   4424.3 1.421E+03 2.221E+10 7.832E-04 2.912E-03 2.000E+05 0.000E+00 0.000E+00 7.011E+05
 5.45402024E-02   4427.8 1.725E+03 2.482E+10 8.636E-04 3.064E-03 2.000E+05 0.000E+00 0.000E+00 7.011E+05
 6.61537435E-02   4430.9 2.092E+03 2.769E+10 9.514E-04 3.230E-03 2.000E+05 0.000E+00 0.000E+00 7.010E+05
 8.02082125E-02   4434.1 2.536E+03 3.089E+10 1.049E-03 3.414E-03 2.000E+05 0.000E+00 0.000E+00 7.009E+05
 9.72178881E-02   4437.0 3.074E+03 3.442E+10 1.155E-03 3.616E-03 2.000E+05 0.000E+00 0.000E+00 7.007E+05
 1.17809356E-01   4439.8 3.725E+03 3.832E+10 1.272E-03 3.841E-03 2.000E+05 0.000E+00 0.000E+00 7.004E+05
 1.42745310E-01   4442.3 4.514E+03 4.262E+10 1.401E-03 4.088E-03 2.000E+05 0.000E+00 0.000E+00 7.000E+05
 1.72939170E-01   4444.9 5.469E+03 4.742E+10 1.543E-03 4.363E-03 2.000E+05 0.000E+00 0.000E+00 6.995E+05
 2.09500748E-01   4447.3 6.625E+03 5.270E+10 1.699E-03 4.664E-03 2.000E+05 0.000E+00 0.000E+00 6.989E+05
 2.53768025E-01   4449.8 8.025E+03 5.859E+10 1.872E-03 5.000E-03 2.000E+05 0.000E+00 0.000E+00 6.981E+05
 3.07347183E-01   4452.2 9.719E+03 6.512E+10 2.062E-03 5.370E-03 2.000E+05 0.000E+00 0.000E+00 6.971E+05
 3.72178305E-01   4454.7 1.177E+04 7.240E+10 2.274E-03 5.783E-03 2.000E+05 0.000E+00 0.000E+00 6.959E+05
 4.50588359E-01   4457.2 1.425E+04 8.050E+10 2.507E-03 6.242E-03 2.000E+05 0.000E+00 0.000E+00 6.946E+05
 5.45344271E-01   4460.1 1.724E+04 8.960E+10 2.768E-03 6.755E-03 2.000E+05 0.000E+00 0.000E+00 6.930E+05
 6.59723454E-01   4463.3 2.086E+04 9.984E+10 3.060E-03 7.329E-03 2.000E+05 0.000E+00 0.000E+00 6.911E+05
 7.97616271E-01   4467.0 2.522E+04 1.114E+11 3.387E-03 7.972E-03 2.000E+05 0.000E+00 0.000E+00 6.890E+05
 9.63526479E-01   4471.4 3.047E+04 1.247E+11 3.759E-03 8.701E-03 2.000E+05 0.000E+00 0.000E+00 6.867E+05
 1.16271709E+00   4476.6 3.677E+04 1.398E+11 4.180E-03 9.529E-03 2.000E+05 0.000E+00 0.000E+00 6.842E+05
 1.40110180E+00   4483.1 4.431E+04 1.575E+11 4.666E-03 1.048E-02 2.000E+05 0.000E+00 0.000E+00 6.816E+05
 1.68540735E+00   4490.8 5.330E+04 1.781E+11 5.227E-03 1.158E-02 2.000E+05 0.000E+00 0.000E+00 6.789E+05
 2.02294782E+00   4500.4 6.397E+04 2.026E+11 5.886E-03 1.286E-02 2.000E+05 0.000E+00 0.000E+00 6.762E+05
 2.42150937E+00   4511.9 7.657E+04 2.320E+11 6.664E-03 1.436E-02 2.000E+05 0.000E+00 0.000E+00 6.737E+05
 2.88922415E+00   4526.3 9.136E+04 2.680E+11 7.603E-03 1.616E-02 2.000E+05 0.000E+00 0.000E+00 6.714E+05
 3.43363683E+00   4543.8 1.086E+05 3.126E+11 8.748E-03 1.834E-02 2.000E+05 0.000E+00 0.000E+00 6.696E+05
 4.06116690E+00   4565.3 1.284E+05 3.694E+11 1.018E-02 2.104E-02 2.000E+05 0.000E+00 0.000E+00 6.685E+05
 4.77647444E+00   4591.6 1.510E+05 4.425E+11 1.197E-02 2.441E-02 2.000E+05 0.000E+00 0.000E+00 6.682E+05
 5.58159884E+00   4623.3 1.765E+05 5.387E+11 1.428E-02 2.870E-02 2.000E+05 0.000E+00 0.000E+00 6.689E+05
 6.47436520E+00   4661.8 2.047E+05 6.693E+11 1.733E-02 3.432E-02 2.000E+05 0.000E+00 0.000E+00 6.709E+05
 7.44460001E+00   4710.2 2.354E+05 8.559E+11 2.154E-02 4.202E-02 2.000E+05 0.000E+00 0.000E+00 6.746E+05
 8.46663166E+00   4773.9 2.677E+05 1.145E+12 2.782E-02 5.339E-02 2.000E+05 0.000E+00 0.000E+00 6.810E+05
 9.50184110E+00   4855.4 3.004E+05 1.608E+12 3.736E-02 7.059E-02 2.000E+05 0.000E+00 0.000E+00 6.904E+05
 1.05081630E+01   4958.5 3.322E+05 2.382E+12 5.239E-02 9.735E-02 2.000E+05 1.177E+06 0.000E+00 7.030E+05
 1.14369358E+01   5092.5 3.616E+05 3.801E+12 7.785E-02 1.420E-01 2.000E+05 2.033E+07 1.788E+04 7.195E+05
 1.22531746E+01   5252.7 3.874E+05 6.360E+12 1.196E-01 2.130E-01 2.000E+05 8.491E+07 4.452E+04 7.384E+05
 1.29663556E+01   5420.2 4.100E+05 1.050E+13 1.807E-01 3.107E-01 2.000E+05 2.053E+08 6.192E+04 7.564E+05
 1.36057597E+01   5588.6 4.302E+05 1.682E+13 2.652E-01 4.330E-01 2.000E+05 3.836E+08 7.720E+04 7.729E+05
 1.41894569E+01   5766.6 4.487E+05 2.679E+13 3.860E-01 5.846E-01 2.000E+05 6.392E+08 9.169E+04 7.887E+05
 1.47256103E+01   5953.6 4.656E+05 4.230E+13 5.570E-01 7.556E-01 2.000E+05 9.961E+08 1.073E+05 8.037E+05
 1.52294837E+01   6134.1 4.816E+05 6.404E+13 7.765E-01 8.996E-01 2.000E+05 1.437E+09 1.223E+05 8.169E+05
 1.57201665E+01   6304.9 4.971E+05 9.288E+13 1.046E+00 9.893E-01 2.000E+05 1.913E+09 1.345E+05 8.283E+05
 1.62110022E+01   6471.6 5.126E+05 1.311E+14 1.382E+00 1.031E+00 2.000E+05 2.370E+09 1.447E+05 8.386E+05
 1.67109560E+01   6635.2 5.284E+05 1.810E+14 1.795E+00 1.038E+00 2.000E+05 2.758E+09 1.515E+05 8.478E+05
 1.72275073E+01   6796.9 5.447E+05 2.455E+14 2.303E+00 1.032E+00 2.000E+05 3.063E+09 1.561E+05 8.562E+05
 1.77665818E+01   6958.6 5.618E+05 3.285E+14 2.932E+00 1.029E+00 2.000E+05 3.295E+09 1.590E+05 8.639E+05
 1.83333433E+01   7120.4 5.797E+05 4.346E+14 3.707E+00 1.032E+00 2.000E+05 3.466E+09 1.603E+05 8.708E+05
 1.89328885E+01   7283.3 5.986E+05 5.692E+14 4.661E+00 1.042E+00 2.000E+05 3.598E+09 1.611E+05 8.770E+05
 1.95696558E+01   7448.1 6.188E+05 7.399E+14 5.845E+00 1.053E+00 2.000E+05 3.702E+09 1.607E+05 8.826E+05
 2.02483596E+01   7613.7 6.402E+05 9.532E+14 7.299E+00 1.068E+00 2.000E+05 3.782E+09 1.604E+05 8.877E+05
 2.09735837E+01   7782.7 6.632E+05 1.222E+15 9.100E+00 1.073E+00 2.000E+05 3.850E+09 1.586E+05 8.922E+05
 2.17514877E+01   7950.7 6.878E+05 1.551E+15 1.129E+01 1.077E+00 2.000E+05 3.906E+09 1.579E+05 8.962E+05
 2.25860390E+01   8124.6 7.141E+05 1.965E+15 1.404E+01 1.076E+00 2.000E+05 3.947E+09 1.549E+05 9.000E+05
 2.34861758E+01   8293.3 7.426E+05 2.454E+15 1.727E+01 1.067E+00 2.000E+05 3.986E+09 1.538E+05 9.033E+05
 2.44571617E+01   8472.2 7.733E+05 3.078E+15 2.142E+01 1.061E+00 2.000E+05 4.013E+09 1.504E+05 9.066E+05
 2.55088857E+01   8640.5 8.066E+05 3.787E+15 2.615E+01 1.118E+00 2.000E+05 4.030E+09 1.482E+05 9.098E+05
PRADK 1.2154E+00
BEGIN                    ITERATION  15 COMPLETED
