TEFF   5250.  GRAVITY 3.50000 LTE 
TITLE  [-4.0a] N(He)/Ntot=0.089 VTURB=2.0  L/H=1.25 NOVER                       
 OPACITY IFOP 1 1 1 1 1 1 1 1 1 1 1 1 1 0 1 0 0 0 0 0
 CONVECTION ON   1.25 TURBULENCE OFF  0.00  0.00  0.00  0.00
ABUNDANCE SCALE   0.00010 ABUNDANCE CHANGE 1 0.92160 2 0.07844
 ABUNDANCE CHANGE  3 -10.88  4 -10.89  5  -9.44  6  -3.49  7  -4.07  8  -2.77
 ABUNDANCE CHANGE  9  -7.44 10  -3.56 11  -5.71 12  -4.06 13  -5.57 14  -4.09
 ABUNDANCE CHANGE 15  -6.59 16  -4.34 17  -6.54 18  -5.14 19  -6.94 20  -5.28
 ABUNDANCE CHANGE 21  -8.86 22  -6.61 23  -8.04 24  -6.37 25  -6.65 26  -4.54
 ABUNDANCE CHANGE 27  -7.12 28  -5.79 29  -7.83 30  -7.44 31  -9.16 32  -8.63
 ABUNDANCE CHANGE 33  -9.67 34  -8.69 35  -9.41 36  -8.81 37  -9.44 38  -9.07
 ABUNDANCE CHANGE 39  -9.80 40  -9.44 41 -10.62 42 -10.12 43 -20.00 44 -10.20
 ABUNDANCE CHANGE 45 -10.92 46 -10.35 47 -11.10 48 -10.18 49 -10.58 50 -10.04
 ABUNDANCE CHANGE 51 -11.04 52  -9.80 53 -10.53 54  -9.81 55 -10.92 56  -9.91
 ABUNDANCE CHANGE 57 -10.87 58 -10.46 59 -11.33 60 -10.54 61 -20.00 62 -11.04
 ABUNDANCE CHANGE 63 -11.53 64 -10.92 65 -11.94 66 -10.94 67 -11.78 68 -11.11
 ABUNDANCE CHANGE 69 -12.04 70 -10.96 71 -11.28 72 -11.16 73 -11.91 74 -10.93
 ABUNDANCE CHANGE 75 -11.77 76 -10.59 77 -10.69 78 -10.24 79 -11.03 80 -10.95
 ABUNDANCE CHANGE 81 -11.14 82 -10.19 83 -11.33 84 -20.00 85 -20.00 86 -20.00
 ABUNDANCE CHANGE 87 -20.00 88 -20.00 89 -20.00 90 -11.92 91 -20.00 92 -12.51
 ABUNDANCE CHANGE 93 -20.00 94 -20.00 95 -20.00 96 -20.00 97 -20.00 98 -20.00
 ABUNDANCE CHANGE 99 -20.00
READ DECK6 72 RHOX,T,P,XNE,ABROSS,ACCRAD,VTURB, FLXCNV,VCONV,VELSND
 2.57823159E-03   4068.3 8.154E+00 3.458E+08 5.172E-05 9.686E-04 2.000E+05 0.000E+00 0.000E+00 7.352E+05
 3.42807542E-03   4075.4 1.084E+01 4.126E+08 5.295E-05 9.720E-04 2.000E+05 0.000E+00 0.000E+00 7.209E+05
 4.53181308E-03   4081.0 1.433E+01 4.873E+08 5.452E-05 9.760E-04 2.000E+05 0.000E+00 0.000E+00 7.101E+05
 5.94397787E-03   4090.2 1.880E+01 5.834E+08 5.748E-05 9.815E-04 2.000E+05 0.000E+00 0.000E+00 7.024E+05
 7.72229286E-03   4099.2 2.442E+01 6.939E+08 6.114E-05 9.878E-04 2.000E+05 0.000E+00 0.000E+00 6.969E+05
 9.93555653E-03   4109.7 3.142E+01 8.275E+08 6.595E-05 9.956E-04 2.000E+05 0.000E+00 0.000E+00 6.930E+05
 1.26583174E-02   4120.7 4.003E+01 9.839E+08 7.178E-05 1.005E-03 2.000E+05 0.000E+00 0.000E+00 6.904E+05
 1.59818790E-02   4132.0 5.054E+01 1.166E+09 7.867E-05 1.015E-03 2.000E+05 0.000E+00 0.000E+00 6.886E+05
 2.00208178E-02   4142.4 6.331E+01 1.370E+09 8.639E-05 1.027E-03 2.000E+05 0.000E+00 0.000E+00 6.873E+05
 2.49164350E-02   4152.6 7.879E+01 1.602E+09 9.517E-05 1.040E-03 2.000E+05 0.000E+00 0.000E+00 6.865E+05
 3.08550144E-02   4160.7 9.758E+01 1.851E+09 1.044E-04 1.054E-03 2.000E+05 0.000E+00 0.000E+00 6.858E+05
 3.80600724E-02   4168.9 1.204E+02 2.135E+09 1.150E-04 1.069E-03 2.000E+05 0.000E+00 0.000E+00 6.855E+05
 4.67655845E-02   4177.4 1.479E+02 2.462E+09 1.272E-04 1.087E-03 2.000E+05 0.000E+00 0.000E+00 6.853E+05
 5.72595509E-02   4185.6 1.811E+02 2.828E+09 1.407E-04 1.107E-03 2.000E+05 0.000E+00 0.000E+00 6.853E+05
 6.98989527E-02   4193.5 2.210E+02 3.240E+09 1.559E-04 1.130E-03 2.000E+05 0.000E+00 0.000E+00 6.854E+05
 8.51180430E-02   4201.0 2.692E+02 3.698E+09 1.726E-04 1.154E-03 2.000E+05 0.000E+00 0.000E+00 6.855E+05
 1.03445975E-01   4208.1 3.271E+02 4.210E+09 1.911E-04 1.182E-03 2.000E+05 0.000E+00 0.000E+00 6.856E+05
 1.25528702E-01   4214.6 3.970E+02 4.776E+09 2.114E-04 1.212E-03 2.000E+05 0.000E+00 0.000E+00 6.858E+05
 1.52143264E-01   4220.8 4.811E+02 5.409E+09 2.339E-04 1.246E-03 2.000E+05 0.000E+00 0.000E+00 6.860E+05
 1.84252384E-01   4226.3 5.827E+02 6.100E+09 2.583E-04 1.284E-03 2.000E+05 0.000E+00 0.000E+00 6.861E+05
 2.23041642E-01   4231.3 7.053E+02 6.865E+09 2.850E-04 1.325E-03 2.000E+05 0.000E+00 0.000E+00 6.862E+05
 2.69950687E-01   4235.7 8.537E+02 7.702E+09 3.141E-04 1.370E-03 2.000E+05 0.000E+00 0.000E+00 6.862E+05
 3.26727144E-01   4239.7 1.033E+03 8.628E+09 3.460E-04 1.420E-03 2.000E+05 0.000E+00 0.000E+00 6.862E+05
 3.95512790E-01   4243.1 1.251E+03 9.640E+09 3.806E-04 1.475E-03 2.000E+05 0.000E+00 0.000E+00 6.860E+05
 4.78885848E-01   4246.4 1.514E+03 1.076E+10 4.188E-04 1.536E-03 2.000E+05 0.000E+00 0.000E+00 6.859E+05
 5.79944528E-01   4249.4 1.834E+03 1.201E+10 4.607E-04 1.603E-03 2.000E+05 0.000E+00 0.000E+00 6.856E+05
 7.02424719E-01   4252.3 2.221E+03 1.339E+10 5.070E-04 1.678E-03 2.000E+05 0.000E+00 0.000E+00 6.852E+05
 8.50834959E-01   4255.1 2.691E+03 1.492E+10 5.580E-04 1.761E-03 2.000E+05 0.000E+00 0.000E+00 6.848E+05
 1.03055875E+00   4258.0 3.259E+03 1.664E+10 6.148E-04 1.854E-03 2.000E+05 0.000E+00 0.000E+00 6.842E+05
 1.24811991E+00   4260.8 3.947E+03 1.854E+10 6.772E-04 1.957E-03 2.000E+05 0.000E+00 0.000E+00 6.835E+05
 1.51129937E+00   4263.9 4.779E+03 2.068E+10 7.471E-04 2.072E-03 2.000E+05 0.000E+00 0.000E+00 6.827E+05
 1.82929477E+00   4267.1 5.785E+03 2.308E+10 8.249E-04 2.201E-03 2.000E+05 0.000E+00 0.000E+00 6.817E+05
 2.21305185E+00   4270.7 6.998E+03 2.580E+10 9.123E-04 2.346E-03 2.000E+05 0.000E+00 0.000E+00 6.805E+05
 2.67535449E+00   4274.8 8.460E+03 2.889E+10 1.011E-03 2.509E-03 2.000E+05 0.000E+00 0.000E+00 6.792E+05
 3.23107259E+00   4279.6 1.022E+04 3.243E+10 1.123E-03 2.695E-03 2.000E+05 0.000E+00 0.000E+00 6.777E+05
 3.89724081E+00   4285.3 1.232E+04 3.652E+10 1.251E-03 2.907E-03 2.000E+05 0.000E+00 0.000E+00 6.761E+05
 4.69311954E+00   4292.1 1.484E+04 4.128E+10 1.399E-03 3.152E-03 2.000E+05 0.000E+00 0.000E+00 6.744E+05
 5.64027219E+00   4300.2 1.784E+04 4.688E+10 1.571E-03 3.435E-03 2.000E+05 0.000E+00 0.000E+00 6.726E+05
 6.76222015E+00   4309.9 2.138E+04 5.353E+10 1.773E-03 3.765E-03 2.000E+05 0.000E+00 0.000E+00 6.708E+05
 8.08387648E+00   4321.5 2.556E+04 6.153E+10 2.013E-03 4.157E-03 2.000E+05 0.000E+00 0.000E+00 6.692E+05
 9.63034153E+00   4335.7 3.045E+04 7.134E+10 2.303E-03 4.626E-03 2.000E+05 0.000E+00 0.000E+00 6.677E+05
 1.14245701E+01   4353.0 3.613E+04 8.359E+10 2.659E-03 5.200E-03 2.000E+05 0.000E+00 0.000E+00 6.667E+05
 1.34846827E+01   4374.1 4.264E+04 9.922E+10 3.106E-03 5.914E-03 2.000E+05 0.000E+00 0.000E+00 6.662E+05
 1.58211263E+01   4399.9 5.003E+04 1.196E+11 3.677E-03 6.819E-03 2.000E+05 0.000E+00 0.000E+00 6.664E+05
 1.84315662E+01   4431.5 5.829E+04 1.468E+11 4.425E-03 7.991E-03 2.000E+05 0.000E+00 0.000E+00 6.677E+05
 2.12998756E+01   4469.5 6.736E+04 1.839E+11 5.416E-03 9.530E-03 2.000E+05 0.000E+00 0.000E+00 6.702E+05
 2.43916916E+01   4515.6 7.714E+04 2.361E+11 6.770E-03 1.161E-02 2.000E+05 0.000E+00 0.000E+00 6.740E+05
 2.76541782E+01   4570.9 8.746E+04 3.113E+11 8.652E-03 1.447E-02 2.000E+05 0.000E+00 0.000E+00 6.794E+05
 3.10179826E+01   4637.3 9.810E+04 4.236E+11 1.134E-02 1.850E-02 2.000E+05 0.000E+00 0.000E+00 6.867E+05
 3.43684959E+01   4722.1 1.087E+05 6.077E+11 1.553E-02 2.470E-02 2.000E+05 0.000E+00 0.000E+00 6.965E+05
 3.75789527E+01   4824.0 1.188E+05 9.091E+11 2.196E-02 3.417E-02 2.000E+05 2.060E+04 0.000E+00 7.084E+05
 4.05478936E+01   4948.2 1.282E+05 1.433E+12 3.233E-02 4.929E-02 2.000E+05 1.896E+06 6.684E+03 7.224E+05
 4.31684088E+01   5102.4 1.365E+05 2.412E+12 5.004E-02 7.472E-02 2.000E+05 1.854E+07 2.993E+04 7.387E+05
 4.53875256E+01   5284.6 1.435E+05 4.252E+12 7.997E-02 1.165E-01 2.000E+05 7.035E+07 6.001E+04 7.561E+05
 4.72157419E+01   5495.3 1.493E+05 7.769E+12 1.308E-01 1.834E-01 2.000E+05 1.741E+08 8.322E+04 7.742E+05
 4.86999019E+01   5727.4 1.540E+05 1.426E+13 2.139E-01 2.789E-01 2.000E+05 3.918E+08 1.072E+05 7.919E+05
 4.99435592E+01   5948.4 1.579E+05 2.434E+13 3.294E-01 3.758E-01 2.000E+05 7.636E+08 1.427E+05 8.069E+05
 5.10650582E+01   6142.2 1.615E+05 3.771E+13 4.701E-01 4.407E-01 2.000E+05 1.219E+09 1.669E+05 8.187E+05
 5.21366395E+01   6322.4 1.649E+05 5.537E+13 6.436E-01 4.747E-01 2.000E+05 1.680E+09 1.870E+05 8.286E+05
 5.31950214E+01   6494.3 1.682E+05 7.837E+13 8.581E-01 4.840E-01 2.000E+05 2.086E+09 2.006E+05 8.371E+05
 5.42657715E+01   6659.2 1.716E+05 1.076E+14 1.120E+00 4.796E-01 2.000E+05 2.404E+09 2.095E+05 8.443E+05
 5.53676707E+01   6820.8 1.751E+05 1.449E+14 1.442E+00 4.735E-01 2.000E+05 2.643E+09 2.150E+05 8.505E+05
 5.65157359E+01   6979.3 1.787E+05 1.915E+14 1.836E+00 4.698E-01 2.000E+05 2.817E+09 2.181E+05 8.557E+05
 5.77225514E+01   7137.0 1.825E+05 2.498E+14 2.321E+00 4.689E-01 2.000E+05 2.944E+09 2.195E+05 8.602E+05
 5.89999800E+01   7293.7 1.866E+05 3.220E+14 2.915E+00 4.684E-01 2.000E+05 3.044E+09 2.197E+05 8.639E+05
 6.03590097E+01   7451.0 1.909E+05 4.115E+14 3.648E+00 4.710E-01 2.000E+05 3.120E+09 2.194E+05 8.671E+05
 6.18094843E+01   7608.7 1.955E+05 5.213E+14 4.550E+00 4.682E-01 2.000E+05 3.181E+09 2.172E+05 8.697E+05
 6.33652748E+01   7765.7 2.004E+05 6.540E+14 5.642E+00 4.663E-01 2.000E+05 3.232E+09 2.163E+05 8.720E+05
 6.50359985E+01   7926.5 2.057E+05 8.182E+14 7.009E+00 4.608E-01 2.000E+05 3.269E+09 2.125E+05 8.742E+05
 6.68390242E+01   8082.2 2.114E+05 1.009E+15 8.624E+00 4.541E-01 2.000E+05 3.303E+09 2.107E+05 8.762E+05
 6.87845523E+01   8246.4 2.175E+05 1.249E+15 1.068E+01 4.475E-01 2.000E+05 3.328E+09 2.062E+05 8.783E+05
 7.08951322E+01   8400.3 2.242E+05 1.516E+15 1.302E+01 4.681E-01 2.000E+05 3.342E+09 2.034E+05 8.805E+05
PRADK 1.0118E+00
BEGIN                    ITERATION  15 COMPLETED
