TEFF   6000.  GRAVITY 0.00000 LTE 
TITLE  [-4.0a] N(He)/Ntot=0.0784 VTURB=2.0  L/H=1.25 NOVER                      
 OPACITY IFOP 1 1 1 1 1 1 1 1 1 1 1 1 1 0 1 0 0 0 0 0
 CONVECTION ON   1.25 TURBULENCE OFF  0.00  0.00  0.00  0.00
ABUNDANCE SCALE   0.00010 ABUNDANCE CHANGE 1 0.92160 2 0.07844
 ABUNDANCE CHANGE  3 -10.88  4 -10.89  5  -9.44  6  -3.49  7  -4.07  8  -2.77
 ABUNDANCE CHANGE  9  -7.44 10  -3.56 11  -5.71 12  -4.06 13  -5.57 14  -4.09
 ABUNDANCE CHANGE 15  -6.59 16  -4.34 17  -6.54 18  -5.14 19  -6.94 20  -5.28
 ABUNDANCE CHANGE 21  -8.86 22  -6.61 23  -8.04 24  -6.37 25  -6.65 26  -4.54
 ABUNDANCE CHANGE 27  -7.12 28  -5.79 29  -7.83 30  -7.44 31  -9.16 32  -8.63
 ABUNDANCE CHANGE 33  -9.67 34  -8.69 35  -9.41 36  -8.81 37  -9.44 38  -9.07
 ABUNDANCE CHANGE 39  -9.80 40  -9.44 41 -10.62 42 -10.12 43 -20.00 44 -10.20
 ABUNDANCE CHANGE 45 -10.92 46 -10.35 47 -11.10 48 -10.18 49 -10.58 50 -10.04
 ABUNDANCE CHANGE 51 -11.04 52  -9.80 53 -10.53 54  -9.81 55 -10.92 56  -9.91
 ABUNDANCE CHANGE 57 -10.87 58 -10.46 59 -11.33 60 -10.54 61 -20.00 62 -11.04
 ABUNDANCE CHANGE 63 -11.53 64 -10.92 65 -11.94 66 -10.94 67 -11.78 68 -11.11
 ABUNDANCE CHANGE 69 -12.04 70 -10.96 71 -11.28 72 -11.16 73 -11.91 74 -10.93
 ABUNDANCE CHANGE 75 -11.77 76 -10.59 77 -10.69 78 -10.24 79 -11.03 80 -10.95
 ABUNDANCE CHANGE 81 -11.14 82 -10.19 83 -11.33 84 -20.00 85 -20.00 86 -20.00
 ABUNDANCE CHANGE 87 -20.00 88 -20.00 89 -20.00 90 -11.92 91 -20.00 92 -12.51
 ABUNDANCE CHANGE 93 -20.00 94 -20.00 95 -20.00 96 -20.00 97 -20.00 98 -20.00
 ABUNDANCE CHANGE 99 -20.00
READ DECK6 72 RHOX,T,P,XNE,ABROSS,ACCRAD,VTURB, FLXCNV,VCONV,VELSND
 6.26777928E-06   4240.0 6.021E-06 6.155E+05 2.089E-02 5.195E-02 2.000E+05 0.000E+00 0.000E+00 1.010E+08
 8.50732168E-06   4240.0 8.206E-06 7.253E+05 1.797E-02 4.481E-02 2.000E+05 0.000E+00 0.000E+00 9.592E+07
 1.19800344E-05   4240.1 1.163E-05 8.721E+05 1.513E-02 3.796E-02 2.000E+05 0.000E+00 0.000E+00 8.896E+07
 1.75928055E-05   4240.1 1.716E-05 1.068E+06 1.252E-02 3.151E-02 2.000E+05 0.000E+00 1.181E+07 8.029E+07
 2.68595705E-05   4240.1 2.628E-05 1.332E+06 1.018E-02 2.571E-02 2.000E+05 0.000E+00 2.360E+06 7.061E+07
 4.22334334E-05   4240.1 4.142E-05 1.684E+06 8.164E-03 2.073E-02 2.000E+05 0.000E+00 1.147E+07 6.091E+07
 6.78922119E-05   4240.2 6.685E-05 2.152E+06 6.487E-03 1.660E-02 2.000E+05 0.000E+00 1.385E+08 5.187E+07
 1.11060258E-04   4242.2 1.096E-04 2.792E+06 5.166E-03 1.336E-02 2.000E+05 0.000E+00 1.283E+08 4.373E+07
 1.83511880E-04   4244.2 1.816E-04 3.639E+06 4.101E-03 1.077E-02 2.000E+05 0.000E+00 8.454E+07 3.673E+07
 3.04922354E-04   4248.0 3.024E-04 4.786E+06 3.280E-03 8.776E-03 2.000E+05 0.000E+00 5.246E+07 3.072E+07
 5.08034288E-04   4250.3 5.045E-04 6.258E+06 2.609E-03 7.157E-03 2.000E+05 0.000E+00 2.329E+07 2.572E+07
 8.48650723E-04   4252.5 8.438E-04 8.188E+06 2.079E-03 5.887E-03 2.000E+05 0.000E+00 1.174E+07 2.148E+07
 1.41891121E-03   4254.4 1.412E-03 1.070E+07 1.658E-03 4.888E-03 2.000E+05 0.000E+00 6.558E+06 1.790E+07
 2.36776219E-03   4258.0 2.358E-03 1.405E+07 1.337E-03 4.134E-03 2.000E+05 0.000E+00 1.256E+06 1.485E+07
 3.92575436E-03   4263.4 3.911E-03 1.855E+07 1.094E-03 3.568E-03 2.000E+05 0.000E+00 6.457E+05 1.228E+07
 6.44242115E-03   4271.4 6.421E-03 2.463E+07 9.116E-04 3.148E-03 2.000E+05 0.000E+00 3.801E+05 1.012E+07
 1.04272797E-02   4282.4 1.040E-02 3.290E+07 7.759E-04 2.838E-03 2.000E+05 0.000E+00 2.196E+05 8.335E+06
 1.65950792E-02   4296.8 1.655E-02 4.421E+07 6.763E-04 2.612E-03 2.000E+05 0.000E+00 1.224E+05 6.870E+06
 2.59104377E-02   4315.0 2.584E-02 5.977E+07 6.043E-04 2.450E-03 2.000E+05 0.000E+00 6.490E+04 5.681E+06
 3.96392373E-02   4336.8 3.954E-02 8.115E+07 5.531E-04 2.333E-03 2.000E+05 0.000E+00 3.240E+04 4.722E+06
 5.93968984E-02   4362.0 5.926E-02 1.105E+08 5.179E-04 2.252E-03 2.000E+05 0.000E+00 1.418E+04 3.952E+06
 8.73107267E-02   4388.8 8.711E-02 1.499E+08 4.921E-04 2.192E-03 2.000E+05 0.000E+00 4.538E+03 3.334E+06
 1.26256934E-01   4416.4 1.260E-01 2.020E+08 4.726E-04 2.146E-03 2.000E+05 0.000E+00 8.878E+01 2.836E+06
 1.80176135E-01   4443.7 1.798E-01 2.698E+08 4.562E-04 2.108E-03 2.000E+05 0.000E+00 0.000E+00 2.433E+06
 2.54580793E-01   4469.9 2.540E-01 3.564E+08 4.412E-04 2.075E-03 2.000E+05 0.000E+00 0.000E+00 2.103E+06
 3.57122360E-01   4494.9 3.564E-01 4.665E+08 4.272E-04 2.045E-03 2.000E+05 0.000E+00 0.000E+00 1.833E+06
 4.98145834E-01   4519.3 4.971E-01 6.065E+08 4.150E-04 2.021E-03 2.000E+05 0.000E+00 0.000E+00 1.610E+06
 6.90824629E-01   4544.6 6.894E-01 7.883E+08 4.071E-04 2.009E-03 2.000E+05 0.000E+00 0.000E+00 1.427E+06
 9.51054816E-01   4572.4 9.491E-01 1.030E+09 4.059E-04 2.013E-03 2.000E+05 0.000E+00 0.000E+00 1.278E+06
 1.28392324E+00   4622.2 1.281E+00 1.444E+09 4.391E-04 2.073E-03 2.000E+05 0.000E+00 0.000E+00 1.157E+06
 1.69429543E+00   4668.2 1.691E+00 1.968E+09 4.740E-04 2.134E-03 2.000E+05 0.000E+00 0.000E+00 1.066E+06
 2.20135858E+00   4711.3 2.197E+00 2.624E+09 5.112E-04 2.200E-03 2.000E+05 0.000E+00 0.000E+00 9.954E+05
 2.83109863E+00   4749.2 2.825E+00 3.408E+09 5.466E-04 2.261E-03 2.000E+05 0.000E+00 0.000E+00 9.403E+05
 3.61808817E+00   4783.3 3.610E+00 4.345E+09 5.818E-04 2.323E-03 2.000E+05 0.000E+00 0.000E+00 8.966E+05
 4.61485341E+00   4808.4 4.605E+00 5.356E+09 6.075E-04 2.370E-03 2.000E+05 0.000E+00 0.000E+00 8.620E+05
 5.88531375E+00   4832.2 5.872E+00 6.565E+09 6.369E-04 2.426E-03 2.000E+05 0.000E+00 0.000E+00 8.341E+05
 7.50061555E+00   4853.2 7.484E+00 7.964E+09 6.682E-04 2.488E-03 2.000E+05 0.000E+00 0.000E+00 8.119E+05
 9.55117957E+00   4872.1 9.529E+00 9.581E+09 7.031E-04 2.561E-03 2.000E+05 0.000E+00 0.000E+00 7.943E+05
 1.21425533E+01   4889.9 1.211E+01 1.147E+10 7.444E-04 2.650E-03 2.000E+05 0.000E+00 0.000E+00 7.806E+05
 1.53898647E+01   4908.1 1.535E+01 1.372E+10 7.960E-04 2.765E-03 2.000E+05 0.000E+00 0.000E+00 7.700E+05
 1.94137952E+01   4927.9 1.936E+01 1.646E+10 8.621E-04 2.913E-03 2.000E+05 0.000E+00 0.000E+00 7.620E+05
 2.43340304E+01   4950.1 2.427E+01 1.981E+10 9.465E-04 3.104E-03 2.000E+05 0.000E+00 0.000E+00 7.561E+05
 3.02648185E+01   4975.7 3.018E+01 2.402E+10 1.055E-03 3.350E-03 2.000E+05 0.000E+00 0.000E+00 7.519E+05
 3.73018533E+01   5005.9 3.719E+01 2.938E+10 1.195E-03 3.670E-03 2.000E+05 0.000E+00 0.000E+00 7.491E+05
 4.55149042E+01   5041.5 4.538E+01 3.634E+10 1.377E-03 4.089E-03 2.000E+05 0.000E+00 0.000E+00 7.474E+05
 5.49263764E+01   5084.3 5.475E+01 4.564E+10 1.618E-03 4.646E-03 2.000E+05 0.000E+00 0.000E+00 7.466E+05
 6.54980249E+01   5135.4 6.527E+01 5.828E+10 1.941E-03 5.397E-03 2.000E+05 0.000E+00 0.000E+00 7.465E+05
 7.71191902E+01   5196.4 7.682E+01 7.594E+10 2.380E-03 6.428E-03 2.000E+05 0.000E+00 0.000E+00 7.469E+05
 8.96223695E+01   5267.6 8.923E+01 1.008E+11 2.983E-03 7.853E-03 2.000E+05 0.000E+00 0.000E+00 7.475E+05
 1.02683143E+02   5356.5 1.022E+02 1.389E+11 3.883E-03 9.992E-03 2.000E+05 0.000E+00 0.000E+00 7.482E+05
 1.15832577E+02   5463.1 1.152E+02 1.975E+11 5.232E-03 1.322E-02 2.000E+05 0.000E+00 0.000E+00 7.486E+05
 1.28632899E+02   5588.1 1.278E+02 2.889E+11 7.293E-03 1.819E-02 2.000E+05 7.941E-08 0.000E+00 7.484E+05
 1.40608527E+02   5737.4 1.395E+02 4.384E+11 1.064E-02 2.635E-02 2.000E+05 1.188E-05 9.928E+00 7.472E+05
 1.51277923E+02   5914.9 1.498E+02 6.909E+11 1.636E-02 4.044E-02 2.000E+05 8.507E-04 5.002E+01 7.451E+05
 1.60245244E+02   6126.9 1.583E+02 1.134E+12 2.681E-02 6.669E-02 2.000E+05 8.111E-02 1.959E+02 7.429E+05
 1.67251398E+02   6381.3 1.647E+02 1.944E+12 4.762E-02 1.200E-01 2.000E+05 1.420E+01 8.430E+02 7.425E+05
 1.72234493E+02   6688.6 1.688E+02 3.483E+12 9.366E-02 2.409E-01 2.000E+05 5.228E+03 4.417E+03 7.473E+05
 1.75418437E+02   7052.9 1.709E+02 6.405E+12 2.046E-01 5.388E-01 2.000E+05 1.098E+05 2.973E+04 7.615E+05
 1.77238479E+02   7486.6 1.711E+02 1.193E+13 4.971E-01 1.342E+00 2.000E+05 1.645E+07 7.606E+04 7.914E+05
 1.78205510E+02   7983.3 1.700E+02 2.131E+13 1.248E+00 3.126E+00 2.000E+05 4.160E+08 4.150E+05 8.450E+05
 1.78776224E+02   8427.7 1.684E+02 3.163E+13 2.465E+00 4.515E+00 2.000E+05 1.531E+09 1.237E+06 9.134E+05
 1.79247298E+02   8721.1 1.667E+02 3.833E+13 3.501E+00 4.319E+00 2.000E+05 2.798E+09 1.617E+06 9.694E+05
 1.79719109E+02   8991.3 1.652E+02 4.363E+13 4.427E+00 4.159E+00 2.000E+05 3.496E+09 1.823E+06 1.026E+06
 1.80238814E+02   9256.9 1.635E+02 4.749E+13 5.143E+00 4.408E+00 2.000E+05 3.722E+09 1.927E+06 1.084E+06
 1.80857474E+02   9600.7 1.607E+02 5.015E+13 5.534E+00 6.708E+00 2.000E+05 3.007E+09 2.164E+06 1.160E+06
 1.81719237E+02  10349.4 1.547E+02 4.971E+13 4.739E+00 9.107E+00 2.000E+05 1.245E+09 1.378E+06 1.327E+06
 1.83277794E+02  11399.9 1.437E+02 4.340E+13 2.874E+00 6.921E+00 2.000E+05 1.324E+08 3.245E+05 1.598E+06
 1.86930026E+02  12547.7 1.280E+02 3.541E+13 1.636E+00 4.017E+00 2.000E+05 9.998E+05 1.407E+05 1.804E+06
 1.94988154E+02  13657.8 1.102E+02 2.838E+13 1.067E+00 2.605E+00 2.000E+05 1.036E+05 1.046E+05 1.986E+06
 2.10704520E+02  14864.2 9.163E+01 2.211E+13 7.658E-01 1.866E+00 2.000E+05 4.583E+04 8.728E+04 2.444E+06
 2.38910367E+02  16074.5 7.441E+01 1.672E+13 5.887E-01 1.418E+00 2.000E+05 1.660E+05 1.038E+05 3.085E+06
 2.85301688E+02  17377.3 6.093E+01 1.268E+13 4.897E-01 1.164E+00 2.000E+05 2.945E+05 2.750E+05 3.869E+06
PRADK 1.7349E+00
BEGIN                    ITERATION  15 COMPLETED
