TEFF   7250.  GRAVITY 3.00000 LTE 
TITLE  [-4.0a] N(He)/Ntot=0.089 VTURB=2.0  L/H=1.25 NOVER                       
 OPACITY IFOP 1 1 1 1 1 1 1 1 1 1 1 1 1 0 1 0 0 0 0 0
 CONVECTION ON   1.25 TURBULENCE OFF  0.00  0.00  0.00  0.00
ABUNDANCE SCALE   0.00010 ABUNDANCE CHANGE 1 0.92160 2 0.07844
 ABUNDANCE CHANGE  3 -10.88  4 -10.89  5  -9.44  6  -3.49  7  -4.07  8  -2.77
 ABUNDANCE CHANGE  9  -7.44 10  -3.56 11  -5.71 12  -4.06 13  -5.57 14  -4.09
 ABUNDANCE CHANGE 15  -6.59 16  -4.34 17  -6.54 18  -5.14 19  -6.94 20  -5.28
 ABUNDANCE CHANGE 21  -8.86 22  -6.61 23  -8.04 24  -6.37 25  -6.65 26  -4.54
 ABUNDANCE CHANGE 27  -7.12 28  -5.79 29  -7.83 30  -7.44 31  -9.16 32  -8.63
 ABUNDANCE CHANGE 33  -9.67 34  -8.69 35  -9.41 36  -8.81 37  -9.44 38  -9.07
 ABUNDANCE CHANGE 39  -9.80 40  -9.44 41 -10.62 42 -10.12 43 -20.00 44 -10.20
 ABUNDANCE CHANGE 45 -10.92 46 -10.35 47 -11.10 48 -10.18 49 -10.58 50 -10.04
 ABUNDANCE CHANGE 51 -11.04 52  -9.80 53 -10.53 54  -9.81 55 -10.92 56  -9.91
 ABUNDANCE CHANGE 57 -10.87 58 -10.46 59 -11.33 60 -10.54 61 -20.00 62 -11.04
 ABUNDANCE CHANGE 63 -11.53 64 -10.92 65 -11.94 66 -10.94 67 -11.78 68 -11.11
 ABUNDANCE CHANGE 69 -12.04 70 -10.96 71 -11.28 72 -11.16 73 -11.91 74 -10.93
 ABUNDANCE CHANGE 75 -11.77 76 -10.59 77 -10.69 78 -10.24 79 -11.03 80 -10.95
 ABUNDANCE CHANGE 81 -11.14 82 -10.19 83 -11.33 84 -20.00 85 -20.00 86 -20.00
 ABUNDANCE CHANGE 87 -20.00 88 -20.00 89 -20.00 90 -11.92 91 -20.00 92 -12.51
 ABUNDANCE CHANGE 93 -20.00 94 -20.00 95 -20.00 96 -20.00 97 -20.00 98 -20.00
 ABUNDANCE CHANGE 99 -20.00
READ DECK6 72 RHOX,T,P,XNE,ABROSS,ACCRAD,VTURB, FLXCNV,VCONV,VELSND
 1.94954851E-06   5330.3 1.964E-03 4.546E+08 6.771E-02 3.658E-01 2.000E+05 0.000E+00 0.000E+00 1.212E+07
 2.64597143E-06   5330.3 2.668E-03 5.464E+08 5.874E-02 3.194E-01 2.000E+05 0.000E+00 0.000E+00 1.045E+07
 3.72150100E-06   5330.3 3.757E-03 6.680E+08 5.000E-02 2.745E-01 2.000E+05 0.000E+00 0.000E+00 8.890E+06
 5.42954380E-06   5330.3 5.480E-03 8.289E+08 4.185E-02 2.322E-01 2.000E+05 0.000E+00 0.000E+00 7.470E+06
 8.20427802E-06   5330.3 8.268E-03 1.044E+09 3.447E-02 1.939E-01 2.000E+05 0.000E+00 2.031E+06 6.215E+06
 1.27082710E-05   5334.4 1.278E-02 1.339E+09 2.840E-02 1.624E-01 2.000E+05 0.000E+00 4.870E+06 5.148E+06
 1.99748261E-05   5343.4 2.007E-02 1.749E+09 2.359E-02 1.376E-01 2.000E+05 0.000E+00 3.884E+06 4.263E+06
 3.16030312E-05   5355.8 3.171E-02 2.305E+09 1.975E-02 1.179E-01 2.000E+05 0.000E+00 2.626E+06 3.540E+06
 4.99830153E-05   5372.9 5.011E-02 3.068E+09 1.680E-02 1.029E-01 2.000E+05 0.000E+00 1.673E+06 2.956E+06
 7.86349845E-05   5392.5 7.878E-02 4.092E+09 1.446E-02 9.124E-02 2.000E+05 0.000E+00 9.542E+05 2.487E+06
 1.22548069E-04   5415.3 1.227E-01 5.470E+09 1.265E-02 8.237E-02 2.000E+05 0.000E+00 0.000E+00 2.111E+06
 1.91084335E-04   5421.0 1.913E-01 6.983E+09 1.056E-02 7.197E-02 2.000E+05 0.000E+00 0.000E+00 1.821E+06
 3.00182445E-04   5430.0 3.004E-01 9.015E+09 8.922E-03 6.397E-02 2.000E+05 0.000E+00 0.000E+00 1.579E+06
 4.72121362E-04   5438.0 4.724E-01 1.161E+10 7.563E-03 5.742E-02 2.000E+05 0.000E+00 0.000E+00 1.384E+06
 7.41196196E-04   5446.6 7.415E-01 1.494E+10 6.483E-03 5.233E-02 2.000E+05 0.000E+00 0.000E+00 1.227E+06
 1.15584356E-03   5456.7 1.156E+00 1.922E+10 5.664E-03 4.859E-02 2.000E+05 0.000E+00 0.000E+00 1.103E+06
 1.78126491E-03   5468.4 1.782E+00 2.468E+10 5.066E-03 4.600E-02 2.000E+05 0.000E+00 0.000E+00 1.006E+06
 2.70023639E-03   5482.0 2.701E+00 3.156E+10 4.662E-03 4.440E-02 2.000E+05 0.000E+00 0.000E+00 9.326E+05
 4.01053151E-03   5497.7 4.011E+00 4.016E+10 4.427E-03 4.368E-02 2.000E+05 0.000E+00 0.000E+00 8.776E+05
 5.81820269E-03   5516.1 5.818E+00 5.084E+10 4.347E-03 4.378E-02 2.000E+05 0.000E+00 0.000E+00 8.373E+05
 8.23737495E-03   5536.0 8.237E+00 6.378E+10 4.390E-03 4.451E-02 2.000E+05 0.000E+00 0.000E+00 8.082E+05
 1.13812548E-02   5558.9 1.138E+01 7.964E+10 4.566E-03 4.596E-02 2.000E+05 0.000E+00 0.000E+00 7.874E+05
 1.53722200E-02   5582.5 1.537E+01 9.844E+10 4.841E-03 4.787E-02 2.000E+05 0.000E+00 0.000E+00 7.729E+05
 2.03361509E-02   5608.8 2.034E+01 1.211E+11 5.237E-03 5.043E-02 2.000E+05 0.000E+00 0.000E+00 7.626E+05
 2.64206387E-02   5635.1 2.642E+01 1.477E+11 5.727E-03 5.336E-02 2.000E+05 0.000E+00 0.000E+00 7.556E+05
 3.38000524E-02   5662.5 3.380E+01 1.790E+11 6.328E-03 5.679E-02 2.000E+05 0.000E+00 0.000E+00 7.509E+05
 4.26859860E-02   5688.8 4.268E+01 2.149E+11 7.015E-03 6.051E-02 2.000E+05 0.000E+00 0.000E+00 7.480E+05
 5.33685326E-02   5713.6 5.337E+01 2.555E+11 7.782E-03 6.445E-02 2.000E+05 0.000E+00 0.000E+00 7.464E+05
 6.62212682E-02   5735.7 6.622E+01 3.005E+11 8.613E-03 6.855E-02 2.000E+05 0.000E+00 0.000E+00 7.458E+05
 8.17550370E-02   5753.8 8.175E+01 3.490E+11 9.475E-03 7.265E-02 2.000E+05 0.000E+00 0.000E+00 7.460E+05
 1.00622562E-01   5768.7 1.006E+02 4.015E+11 1.038E-02 7.694E-02 2.000E+05 0.000E+00 0.000E+00 7.468E+05
 1.23668679E-01   5779.3 1.237E+02 4.568E+11 1.130E-02 8.124E-02 2.000E+05 0.000E+00 0.000E+00 7.482E+05
 1.51905813E-01   5788.4 1.519E+02 5.175E+11 1.230E-02 8.603E-02 2.000E+05 0.000E+00 0.000E+00 7.500E+05
 1.86526594E-01   5795.7 1.865E+02 5.837E+11 1.338E-02 9.121E-02 2.000E+05 0.000E+00 0.000E+00 7.521E+05
 2.28885423E-01   5803.8 2.289E+02 6.593E+11 1.461E-02 9.725E-02 2.000E+05 0.000E+00 0.000E+00 7.543E+05
 2.80545107E-01   5812.0 2.805E+02 7.445E+11 1.600E-02 1.040E-01 2.000E+05 0.000E+00 0.000E+00 7.566E+05
 3.43290216E-01   5821.9 3.433E+02 8.434E+11 1.761E-02 1.120E-01 2.000E+05 0.000E+00 0.000E+00 7.591E+05
 4.19167264E-01   5833.1 4.191E+02 9.571E+11 1.945E-02 1.212E-01 2.000E+05 0.000E+00 0.000E+00 7.616E+05
 5.10486896E-01   5846.7 5.104E+02 1.091E+12 2.161E-02 1.320E-01 2.000E+05 0.000E+00 0.000E+00 7.641E+05
 6.19852103E-01   5862.4 6.198E+02 1.247E+12 2.412E-02 1.446E-01 2.000E+05 0.000E+00 0.000E+00 7.665E+05
 7.50063038E-01   5881.5 7.500E+02 1.435E+12 2.711E-02 1.598E-01 2.000E+05 0.000E+00 0.000E+00 7.690E+05
 9.04066753E-01   5904.3 9.040E+02 1.660E+12 3.066E-02 1.779E-01 2.000E+05 0.000E+00 0.000E+00 7.715E+05
 1.08483077E+00   5932.0 1.085E+03 1.938E+12 3.499E-02 2.001E-01 2.000E+05 0.000E+00 0.000E+00 7.740E+05
 1.29498730E+00   5965.7 1.295E+03 2.287E+12 4.034E-02 2.277E-01 2.000E+05 0.000E+00 0.000E+00 7.764E+05
 1.53660762E+00   6006.8 1.536E+03 2.731E+12 4.708E-02 2.626E-01 2.000E+05 0.000E+00 0.000E+00 7.789E+05
 1.81073784E+00   6056.8 1.810E+03 3.311E+12 5.574E-02 3.078E-01 2.000E+05 0.000E+00 0.000E+00 7.814E+05
 2.11689647E+00   6117.8 2.116E+03 4.087E+12 6.713E-02 3.676E-01 2.000E+05 0.000E+00 0.000E+00 7.838E+05
 2.45236652E+00   6192.5 2.452E+03 5.154E+12 8.258E-02 4.491E-01 2.000E+05 0.000E+00 0.000E+00 7.861E+05
 2.81156909E+00   6283.9 2.811E+03 6.666E+12 1.042E-01 5.637E-01 2.000E+05 0.000E+00 0.000E+00 7.883E+05
 3.18581360E+00   6395.5 3.185E+03 8.870E+12 1.354E-01 7.305E-01 2.000E+05 0.000E+00 0.000E+00 7.902E+05
 3.56347588E+00   6530.9 3.562E+03 1.217E+13 1.820E-01 9.827E-01 2.000E+05 5.030E-04 0.000E+00 7.917E+05
 3.93102281E+00   6694.3 3.929E+03 1.726E+13 2.544E-01 1.378E+00 2.000E+05 2.275E-01 6.257E+01 7.927E+05
 4.27386741E+00   6891.2 4.272E+03 2.535E+13 3.725E-01 2.031E+00 2.000E+05 1.105E+01 4.573E+02 7.935E+05
 4.57741022E+00   7129.4 4.574E+03 3.868E+13 5.776E-01 3.187E+00 2.000E+05 5.470E+02 1.565E+03 7.946E+05
 4.83024633E+00   7414.1 4.826E+03 6.108E+13 9.538E-01 5.338E+00 2.000E+05 3.992E+04 5.436E+03 7.977E+05
 5.02788573E+00   7748.4 5.022E+03 9.890E+13 1.680E+00 9.534E+00 2.000E+05 2.727E+06 2.152E+04 8.049E+05
 5.17053782E+00   8155.2 5.163E+03 1.661E+14 3.244E+00 1.871E+01 2.000E+05 2.555E+07 8.299E+04 8.198E+05
 5.26286854E+00   8660.5 5.253E+03 2.890E+14 6.942E+00 3.872E+01 2.000E+05 5.777E+08 1.561E+05 8.484E+05
 5.32235805E+00   9151.1 5.309E+03 4.549E+14 1.343E+01 6.063E+01 2.000E+05 2.460E+09 4.577E+05 8.877E+05
 5.36949725E+00   9494.8 5.354E+03 5.970E+14 2.013E+01 6.181E+01 2.000E+05 5.129E+09 6.289E+05 9.224E+05
 5.41481148E+00   9756.4 5.396E+03 7.162E+14 2.638E+01 5.489E+01 2.000E+05 7.272E+09 7.025E+05 9.529E+05
 5.46244583E+00   9985.8 5.441E+03 8.256E+14 3.259E+01 4.895E+01 2.000E+05 8.725E+09 7.531E+05 9.824E+05
 5.51497716E+00  10208.1 5.492E+03 9.333E+14 3.872E+01 4.518E+01 2.000E+05 9.643E+09 7.972E+05 1.013E+06
 5.57462650E+00  10438.5 5.549E+03 1.043E+15 4.502E+01 4.159E+01 2.000E+05 1.015E+10 8.133E+05 1.047E+06
 5.64403189E+00  10668.4 5.615E+03 1.147E+15 5.093E+01 4.268E+01 2.000E+05 1.059E+10 8.545E+05 1.083E+06
 5.72613334E+00  10965.1 5.694E+03 1.268E+15 5.725E+01 4.564E+01 2.000E+05 1.046E+10 8.840E+05 1.129E+06
 5.82547974E+00  11284.0 5.788E+03 1.377E+15 6.156E+01 4.862E+01 2.000E+05 1.060E+10 8.754E+05 1.179E+06
 5.95233799E+00  11725.1 5.906E+03 1.485E+15 6.187E+01 9.721E+01 2.000E+05 8.808E+09 1.030E+06 1.246E+06
 6.16074972E+00  13296.0 6.088E+03 1.538E+15 3.940E+01 1.491E+02 2.000E+05 3.337E+09 3.787E+05 1.461E+06
 6.69991043E+00  15755.3 6.563E+03 1.448E+15 1.598E+01 8.441E+01 2.000E+05 7.158E+07 3.829E+04 1.653E+06
 8.16453342E+00  17792.7 7.929E+03 1.583E+15 1.063E+01 5.445E+01 2.000E+05 5.465E+04 1.051E+04 1.767E+06
 1.07612943E+01  19748.5 1.040E+04 1.892E+15 8.627E+00 4.489E+01 2.000E+05 5.346E+04 3.208E+03 1.974E+06
PRADK 3.7063E+00
BEGIN                    ITERATION  15 COMPLETED
