TEFF   6250.  GRAVITY 2.00000 LTE 
TITLE  [-4.0a] N(He)/Ntot=0.089 VTURB=2.0  L/H=1.25 NOVER                       
 OPACITY IFOP 1 1 1 1 1 1 1 1 1 1 1 1 1 0 1 0 0 0 0 0
 CONVECTION ON   1.25 TURBULENCE OFF  0.00  0.00  0.00  0.00
ABUNDANCE SCALE   0.00010 ABUNDANCE CHANGE 1 0.92160 2 0.07844
 ABUNDANCE CHANGE  3 -10.88  4 -10.89  5  -9.44  6  -3.49  7  -4.07  8  -2.77
 ABUNDANCE CHANGE  9  -7.44 10  -3.56 11  -5.71 12  -4.06 13  -5.57 14  -4.09
 ABUNDANCE CHANGE 15  -6.59 16  -4.34 17  -6.54 18  -5.14 19  -6.94 20  -5.28
 ABUNDANCE CHANGE 21  -8.86 22  -6.61 23  -8.04 24  -6.37 25  -6.65 26  -4.54
 ABUNDANCE CHANGE 27  -7.12 28  -5.79 29  -7.83 30  -7.44 31  -9.16 32  -8.63
 ABUNDANCE CHANGE 33  -9.67 34  -8.69 35  -9.41 36  -8.81 37  -9.44 38  -9.07
 ABUNDANCE CHANGE 39  -9.80 40  -9.44 41 -10.62 42 -10.12 43 -20.00 44 -10.20
 ABUNDANCE CHANGE 45 -10.92 46 -10.35 47 -11.10 48 -10.18 49 -10.58 50 -10.04
 ABUNDANCE CHANGE 51 -11.04 52  -9.80 53 -10.53 54  -9.81 55 -10.92 56  -9.91
 ABUNDANCE CHANGE 57 -10.87 58 -10.46 59 -11.33 60 -10.54 61 -20.00 62 -11.04
 ABUNDANCE CHANGE 63 -11.53 64 -10.92 65 -11.94 66 -10.94 67 -11.78 68 -11.11
 ABUNDANCE CHANGE 69 -12.04 70 -10.96 71 -11.28 72 -11.16 73 -11.91 74 -10.93
 ABUNDANCE CHANGE 75 -11.77 76 -10.59 77 -10.69 78 -10.24 79 -11.03 80 -10.95
 ABUNDANCE CHANGE 81 -11.14 82 -10.19 83 -11.33 84 -20.00 85 -20.00 86 -20.00
 ABUNDANCE CHANGE 87 -20.00 88 -20.00 89 -20.00 90 -11.92 91 -20.00 92 -12.51
 ABUNDANCE CHANGE 93 -20.00 94 -20.00 95 -20.00 96 -20.00 97 -20.00 98 -20.00
 ABUNDANCE CHANGE 99 -20.00
READ DECK6 72 RHOX,T,P,XNE,ABROSS,ACCRAD,VTURB, FLXCNV,VCONV,VELSND
 1.88376705E-05   4646.1 1.886E-03 5.930E+07 7.068E-03 2.283E-02 2.000E+05 0.000E+00 0.000E+00 1.153E+07
 2.55602954E-05   4646.4 2.560E-03 6.942E+07 6.127E-03 2.016E-02 2.000E+05 0.000E+00 0.000E+00 1.036E+07
 3.59910140E-05   4646.4 3.606E-03 8.263E+07 5.214E-03 1.758E-02 2.000E+05 0.000E+00 0.000E+00 9.210E+06
 5.24765863E-05   4646.4 5.256E-03 1.000E+08 4.372E-03 1.520E-02 2.000E+05 0.000E+00 0.000E+00 8.100E+06
 7.90299933E-05   4647.4 7.914E-03 1.235E+08 3.629E-03 1.312E-02 2.000E+05 0.000E+00 0.000E+00 7.045E+06
 1.21822856E-04   4649.5 1.219E-02 1.548E+08 3.000E-03 1.136E-02 2.000E+05 0.000E+00 0.000E+00 6.073E+06
 1.90842243E-04   4653.3 1.910E-02 1.967E+08 2.482E-03 9.923E-03 2.000E+05 0.000E+00 0.000E+00 5.196E+06
 3.01934437E-04   4658.3 3.021E-02 2.524E+08 2.060E-03 8.761E-03 2.000E+05 0.000E+00 0.000E+00 4.420E+06
 4.79827180E-04   4664.8 4.800E-02 3.262E+08 1.721E-03 7.834E-03 2.000E+05 0.000E+00 0.000E+00 3.744E+06
 7.62863468E-04   4671.9 7.631E-02 4.226E+08 1.447E-03 7.092E-03 2.000E+05 0.000E+00 0.000E+00 3.166E+06
 1.21227672E-03   4677.4 1.213E-01 5.440E+08 1.215E-03 6.474E-03 2.000E+05 0.000E+00 0.000E+00 2.678E+06
 1.92082612E-03   4685.2 1.921E-01 7.048E+08 1.036E-03 6.002E-03 2.000E+05 0.000E+00 0.000E+00 2.264E+06
 3.01880166E-03   4695.5 3.019E-01 9.175E+08 8.993E-04 5.648E-03 2.000E+05 0.000E+00 0.000E+00 1.921E+06
 4.68816281E-03   4707.8 4.688E-01 1.196E+09 7.965E-04 5.385E-03 2.000E+05 0.000E+00 0.000E+00 1.643E+06
 7.16800407E-03   4723.4 7.168E-01 1.564E+09 7.241E-04 5.202E-03 2.000E+05 0.000E+00 0.000E+00 1.421E+06
 1.07559088E-02   4741.6 1.076E+00 2.046E+09 6.758E-04 5.081E-03 2.000E+05 0.000E+00 0.000E+00 1.249E+06
 1.58130144E-02   4762.4 1.581E+00 2.671E+09 6.479E-04 5.011E-03 2.000E+05 0.000E+00 0.000E+00 1.117E+06
 2.27118389E-02   4787.4 2.271E+00 3.496E+09 6.420E-04 4.997E-03 2.000E+05 0.000E+00 0.000E+00 1.018E+06
 3.19974204E-02   4806.4 3.200E+00 4.433E+09 6.362E-04 4.991E-03 2.000E+05 0.000E+00 0.000E+00 9.454E+05
 4.43385927E-02   4828.0 4.434E+00 5.622E+09 6.469E-04 5.027E-03 2.000E+05 0.000E+00 0.000E+00 8.908E+05
 6.03910960E-02   4849.1 6.039E+00 7.054E+09 6.680E-04 5.090E-03 2.000E+05 0.000E+00 0.000E+00 8.506E+05
 8.09573128E-02   4870.0 8.095E+00 8.769E+09 7.000E-04 5.180E-03 2.000E+05 0.000E+00 0.000E+00 8.210E+05
 1.06981831E-01   4890.0 1.070E+01 1.078E+10 7.414E-04 5.294E-03 2.000E+05 0.000E+00 0.000E+00 7.993E+05
 1.39585587E-01   4909.2 1.396E+01 1.313E+10 7.926E-04 5.434E-03 2.000E+05 0.000E+00 0.000E+00 7.834E+05
 1.80093944E-01   4927.3 1.801E+01 1.584E+10 8.535E-04 5.600E-03 2.000E+05 0.000E+00 0.000E+00 7.717E+05
 2.30121368E-01   4944.3 2.301E+01 1.893E+10 9.238E-04 5.789E-03 2.000E+05 0.000E+00 0.000E+00 7.631E+05
 2.91583059E-01   4960.5 2.916E+01 2.247E+10 1.005E-03 6.007E-03 2.000E+05 0.000E+00 0.000E+00 7.569E+05
 3.66804451E-01   4975.4 3.668E+01 2.645E+10 1.097E-03 6.252E-03 2.000E+05 0.000E+00 0.000E+00 7.524E+05
 4.58557776E-01   4989.7 4.585E+01 3.098E+10 1.201E-03 6.530E-03 2.000E+05 0.000E+00 0.000E+00 7.493E+05
 5.70227901E-01   5002.7 5.702E+01 3.602E+10 1.316E-03 6.835E-03 2.000E+05 0.000E+00 0.000E+00 7.471E+05
 7.05886761E-01   5015.3 7.058E+01 4.172E+10 1.447E-03 7.180E-03 2.000E+05 0.000E+00 0.000E+00 7.456E+05
 8.70557806E-01   5026.3 8.705E+01 4.798E+10 1.589E-03 7.555E-03 2.000E+05 0.000E+00 0.000E+00 7.447E+05
 1.07039308E+00   5036.7 1.070E+02 5.499E+10 1.747E-03 7.976E-03 2.000E+05 0.000E+00 0.000E+00 7.442E+05
 1.31299263E+00   5045.4 1.313E+02 6.260E+10 1.917E-03 8.434E-03 2.000E+05 0.000E+00 0.000E+00 7.441E+05
 1.60747439E+00   5053.9 1.607E+02 7.115E+10 2.108E-03 8.953E-03 2.000E+05 0.000E+00 0.000E+00 7.442E+05
 1.96480224E+00   5061.4 1.965E+02 8.054E+10 2.316E-03 9.528E-03 2.000E+05 0.000E+00 0.000E+00 7.444E+05
 2.39772331E+00   5069.6 2.398E+02 9.126E+10 2.554E-03 1.019E-02 2.000E+05 0.000E+00 0.000E+00 7.448E+05
 2.92091856E+00   5078.0 2.921E+02 1.034E+11 2.821E-03 1.094E-02 2.000E+05 0.000E+00 0.000E+00 7.454E+05
 3.55077013E+00   5088.2 3.550E+02 1.177E+11 3.133E-03 1.183E-02 2.000E+05 0.000E+00 0.000E+00 7.461E+05
 4.30512491E+00   5100.2 4.305E+02 1.345E+11 3.498E-03 1.287E-02 2.000E+05 0.000E+00 0.000E+00 7.470E+05
 5.20278913E+00   5115.2 5.202E+02 1.548E+11 3.933E-03 1.412E-02 2.000E+05 0.000E+00 0.000E+00 7.481E+05
 6.26317209E+00   5133.5 6.262E+02 1.796E+11 4.458E-03 1.562E-02 2.000E+05 0.000E+00 0.000E+00 7.494E+05
 7.50469384E+00   5156.3 7.504E+02 2.107E+11 5.103E-03 1.748E-02 2.000E+05 0.000E+00 0.000E+00 7.510E+05
 8.94307731E+00   5184.4 8.942E+02 2.502E+11 5.906E-03 1.979E-02 2.000E+05 0.000E+00 0.000E+00 7.528E+05
 1.05892477E+01   5219.1 1.059E+03 3.018E+11 6.929E-03 2.274E-02 2.000E+05 0.000E+00 0.000E+00 7.550E+05
 1.24455648E+01   5262.0 1.244E+03 3.708E+11 8.260E-03 2.657E-02 2.000E+05 0.000E+00 0.000E+00 7.577E+05
 1.45027890E+01   5314.8 1.450E+03 4.658E+11 1.003E-02 3.169E-02 2.000E+05 0.000E+00 0.000E+00 7.607E+05
 1.67383994E+01   5378.9 1.673E+03 5.991E+11 1.244E-02 3.862E-02 2.000E+05 0.000E+00 0.000E+00 7.643E+05
 1.91152184E+01   5456.8 1.911E+03 7.920E+11 1.579E-02 4.827E-02 2.000E+05 0.000E+00 0.000E+00 7.683E+05
 2.15759368E+01   5551.9 2.157E+03 1.083E+12 2.065E-02 6.224E-02 2.000E+05 0.000E+00 0.000E+00 7.727E+05
 2.40470912E+01   5666.6 2.404E+03 1.532E+12 2.785E-02 8.292E-02 2.000E+05 0.000E+00 0.000E+00 7.775E+05
 2.64513628E+01   5803.2 2.644E+03 2.242E+12 3.880E-02 1.143E-01 2.000E+05 8.519E-04 0.000E+00 7.821E+05
 2.87116943E+01   5965.1 2.870E+03 3.401E+12 5.607E-02 1.639E-01 2.000E+05 1.992E-01 8.655E+01 7.862E+05
 3.07551112E+01   6156.9 3.074E+03 5.355E+12 8.447E-02 2.460E-01 2.000E+05 9.358E+00 5.161E+02 7.892E+05
 3.25231940E+01   6383.0 3.250E+03 8.743E+12 1.333E-01 3.883E-01 2.000E+05 3.965E+02 1.782E+03 7.904E+05
 3.39736587E+01   6652.0 3.394E+03 1.486E+13 2.231E-01 6.543E-01 2.000E+05 2.245E+04 5.961E+03 7.901E+05
 3.50947872E+01   6966.1 3.506E+03 2.600E+13 3.967E-01 1.178E+00 2.000E+05 1.117E+06 2.185E+04 7.895E+05
 3.58937286E+01   7348.3 3.584E+03 4.771E+13 7.786E-01 2.367E+00 2.000E+05 1.195E+07 7.528E+04 7.922E+05
 3.63974087E+01   7817.9 3.633E+03 9.164E+13 1.728E+00 5.134E+00 2.000E+05 3.505E+08 1.464E+05 8.038E+05
 3.67039082E+01   8275.5 3.661E+03 1.590E+14 3.617E+00 8.504E+00 2.000E+05 1.567E+09 4.488E+05 8.252E+05
 3.69289865E+01   8586.0 3.682E+03 2.215E+14 5.793E+00 8.541E+00 2.000E+05 3.291E+09 6.129E+05 8.455E+05
 3.71345619E+01   8802.6 3.701E+03 2.737E+14 7.900E+00 7.242E+00 2.000E+05 4.577E+09 6.631E+05 8.625E+05
 3.73432516E+01   8982.7 3.720E+03 3.226E+14 1.008E+01 6.168E+00 2.000E+05 5.340E+09 6.929E+05 8.784E+05
 3.75657372E+01   9144.2 3.741E+03 3.705E+14 1.241E+01 5.421E+00 2.000E+05 5.836E+09 7.154E+05 8.942E+05
 3.78092563E+01   9299.2 3.764E+03 4.198E+14 1.499E+01 4.833E+00 2.000E+05 6.084E+09 7.239E+05 9.106E+05
 3.80814234E+01   9445.5 3.790E+03 4.690E+14 1.769E+01 4.386E+00 2.000E+05 6.297E+09 7.305E+05 9.273E+05
 3.83899574E+01   9596.4 3.820E+03 5.221E+14 2.076E+01 4.238E+00 2.000E+05 6.435E+09 7.535E+05 9.457E+05
 3.87413367E+01   9756.8 3.853E+03 5.803E+14 2.428E+01 3.839E+00 2.000E+05 6.443E+09 7.398E+05 9.665E+05
 3.91468758E+01   9903.3 3.892E+03 6.351E+14 2.772E+01 3.813E+00 2.000E+05 6.614E+09 7.687E+05 9.865E+05
 3.96148072E+01  10101.1 3.937E+03 7.085E+14 3.240E+01 3.846E+00 2.000E+05 6.624E+09 7.820E+05 1.015E+06
 4.01612317E+01  10269.8 3.990E+03 7.712E+14 3.627E+01 3.497E+00 2.000E+05 6.553E+09 7.671E+05 1.040E+06
 4.08088093E+01  10486.2 4.052E+03 8.482E+14 4.096E+01 4.027E+00 2.000E+05 6.787E+09 8.206E+05 1.074E+06
PRADK 2.0451E+00
BEGIN                    ITERATION  15 COMPLETED
