TEFF   8500.  GRAVITY 5.00000 LTE 
TITLE  [-4.0a] N(He)/Ntot=0.089 VTURB=2.0  L/H=1.25 NOVER                       
 OPACITY IFOP 1 1 1 1 1 1 1 1 1 1 1 1 1 0 1 0 0 0 0 0
 CONVECTION ON   1.25 TURBULENCE OFF  0.00  0.00  0.00  0.00
ABUNDANCE SCALE   0.00010 ABUNDANCE CHANGE 1 0.92160 2 0.07844
 ABUNDANCE CHANGE  3 -10.88  4 -10.89  5  -9.44  6  -3.49  7  -4.07  8  -2.77
 ABUNDANCE CHANGE  9  -7.44 10  -3.56 11  -5.71 12  -4.06 13  -5.57 14  -4.09
 ABUNDANCE CHANGE 15  -6.59 16  -4.34 17  -6.54 18  -5.14 19  -6.94 20  -5.28
 ABUNDANCE CHANGE 21  -8.86 22  -6.61 23  -8.04 24  -6.37 25  -6.65 26  -4.54
 ABUNDANCE CHANGE 27  -7.12 28  -5.79 29  -7.83 30  -7.44 31  -9.16 32  -8.63
 ABUNDANCE CHANGE 33  -9.67 34  -8.69 35  -9.41 36  -8.81 37  -9.44 38  -9.07
 ABUNDANCE CHANGE 39  -9.80 40  -9.44 41 -10.62 42 -10.12 43 -20.00 44 -10.20
 ABUNDANCE CHANGE 45 -10.92 46 -10.35 47 -11.10 48 -10.18 49 -10.58 50 -10.04
 ABUNDANCE CHANGE 51 -11.04 52  -9.80 53 -10.53 54  -9.81 55 -10.92 56  -9.91
 ABUNDANCE CHANGE 57 -10.87 58 -10.46 59 -11.33 60 -10.54 61 -20.00 62 -11.04
 ABUNDANCE CHANGE 63 -11.53 64 -10.92 65 -11.94 66 -10.94 67 -11.78 68 -11.11
 ABUNDANCE CHANGE 69 -12.04 70 -10.96 71 -11.28 72 -11.16 73 -11.91 74 -10.93
 ABUNDANCE CHANGE 75 -11.77 76 -10.59 77 -10.69 78 -10.24 79 -11.03 80 -10.95
 ABUNDANCE CHANGE 81 -11.14 82 -10.19 83 -11.33 84 -20.00 85 -20.00 86 -20.00
 ABUNDANCE CHANGE 87 -20.00 88 -20.00 89 -20.00 90 -11.92 91 -20.00 92 -12.51
 ABUNDANCE CHANGE 93 -20.00 94 -20.00 95 -20.00 96 -20.00 97 -20.00 98 -20.00
 ABUNDANCE CHANGE 99 -20.00
READ DECK6 72 RHOX,T,P,XNE,ABROSS,ACCRAD,VTURB, FLXCNV,VCONV,VELSND
 1.43335433E-06   6218.1 1.444E-01 3.232E+10 9.217E-02 1.106E+00 2.000E+05 0.000E+00 0.000E+00 2.422E+06
 1.93864228E-06   6218.1 1.955E-01 3.896E+10 8.211E-02 1.019E+00 2.000E+05 0.000E+00 0.000E+00 2.115E+06
 2.69610964E-06   6218.1 2.722E-01 4.755E+10 7.233E-02 9.373E-01 2.000E+05 0.000E+00 0.000E+00 1.839E+06
 3.85356469E-06   6218.1 3.890E-01 5.859E+10 6.321E-02 8.622E-01 2.000E+05 0.000E+00 0.000E+00 1.598E+06
 5.64302601E-06   6218.2 5.686E-01 7.279E+10 5.493E-02 7.953E-01 2.000E+05 0.000E+00 0.000E+00 1.394E+06
 8.38462135E-06   6221.9 8.434E-01 9.138E+10 4.815E-02 7.461E-01 2.000E+05 0.000E+00 0.000E+00 1.229E+06
 1.24960796E-05   6235.9 1.255E+00 1.167E+11 4.354E-02 7.217E-01 2.000E+05 0.000E+00 0.000E+00 1.100E+06
 1.84304075E-05   6261.6 1.849E+00 1.511E+11 4.104E-02 7.225E-01 2.000E+05 0.000E+00 0.000E+00 1.004E+06
 2.67142379E-05   6289.7 2.678E+00 1.943E+11 3.954E-02 7.342E-01 2.000E+05 0.000E+00 0.000E+00 9.324E+05
 3.82031962E-05   6309.1 3.827E+00 2.438E+11 3.788E-02 7.383E-01 2.000E+05 0.000E+00 0.000E+00 8.798E+05
 5.43397359E-05   6315.2 5.441E+00 2.970E+11 3.564E-02 7.274E-01 2.000E+05 0.000E+00 0.000E+00 8.402E+05
 7.70637335E-05   6322.8 7.713E+00 3.619E+11 3.416E-02 7.264E-01 2.000E+05 0.000E+00 0.000E+00 8.103E+05
 1.08290222E-04   6332.8 1.084E+01 4.403E+11 3.349E-02 7.347E-01 2.000E+05 0.000E+00 0.000E+00 7.883E+05
 1.50489718E-04   6341.2 1.506E+01 5.306E+11 3.326E-02 7.445E-01 2.000E+05 0.000E+00 0.000E+00 7.725E+05
 2.06565602E-04   6351.3 2.066E+01 6.370E+11 3.371E-02 7.618E-01 2.000E+05 0.000E+00 0.000E+00 7.612E+05
 2.79678462E-04   6362.8 2.797E+01 7.609E+11 3.476E-02 7.852E-01 2.000E+05 0.000E+00 0.000E+00 7.534E+05
 3.73436051E-04   6375.7 3.735E+01 9.046E+11 3.641E-02 8.150E-01 2.000E+05 0.000E+00 0.000E+00 7.482E+05
 4.91958946E-04   6390.0 4.920E+01 1.071E+12 3.865E-02 8.508E-01 2.000E+05 0.000E+00 0.000E+00 7.450E+05
 6.39870629E-04   6406.3 6.399E+01 1.263E+12 4.154E-02 8.939E-01 2.000E+05 0.000E+00 0.000E+00 7.433E+05
 8.22468846E-04   6424.2 8.225E+01 1.485E+12 4.508E-02 9.436E-01 2.000E+05 0.000E+00 0.000E+00 7.426E+05
 1.04592821E-03   6443.7 1.046E+02 1.742E+12 4.930E-02 1.000E+00 2.000E+05 0.000E+00 0.000E+00 7.429E+05
 1.31749789E-03   6464.5 1.318E+02 2.038E+12 5.425E-02 1.064E+00 2.000E+05 0.000E+00 0.000E+00 7.437E+05
 1.64572225E-03   6486.6 1.646E+02 2.378E+12 5.999E-02 1.134E+00 2.000E+05 0.000E+00 0.000E+00 7.450E+05
 2.04099905E-03   6509.1 2.041E+02 2.767E+12 6.648E-02 1.209E+00 2.000E+05 0.000E+00 0.000E+00 7.467E+05
 2.51639339E-03   6531.3 2.516E+02 3.207E+12 7.372E-02 1.289E+00 2.000E+05 0.000E+00 0.000E+00 7.487E+05
 3.08855814E-03   6552.3 3.089E+02 3.699E+12 8.161E-02 1.372E+00 2.000E+05 0.000E+00 0.000E+00 7.509E+05
 3.77845226E-03   6572.0 3.778E+02 4.248E+12 9.017E-02 1.459E+00 2.000E+05 0.000E+00 0.000E+00 7.534E+05
 4.61263613E-03   6589.4 4.613E+02 4.851E+12 9.925E-02 1.547E+00 2.000E+05 0.000E+00 0.000E+00 7.560E+05
 5.62566743E-03   6604.1 5.626E+02 5.509E+12 1.088E-01 1.638E+00 2.000E+05 0.000E+00 0.000E+00 7.588E+05
 6.85886001E-03   6617.8 6.859E+02 6.243E+12 1.191E-01 1.737E+00 2.000E+05 0.000E+00 0.000E+00 7.618E+05
 8.36096453E-03   6630.7 8.361E+02 7.062E+12 1.304E-01 1.845E+00 2.000E+05 0.000E+00 0.000E+00 7.649E+05
 1.01905808E-02   6643.6 1.019E+03 7.988E+12 1.429E-01 1.965E+00 2.000E+05 0.000E+00 0.000E+00 7.682E+05
 1.24102850E-02   6659.2 1.241E+03 9.074E+12 1.575E-01 2.105E+00 2.000E+05 0.000E+00 0.000E+00 7.715E+05
 1.50928737E-02   6675.6 1.509E+03 1.032E+13 1.739E-01 2.262E+00 2.000E+05 0.000E+00 0.000E+00 7.749E+05
 1.83271933E-02   6693.7 1.833E+03 1.175E+13 1.926E-01 2.439E+00 2.000E+05 0.000E+00 0.000E+00 7.784E+05
 2.22174036E-02   6712.9 2.222E+03 1.339E+13 2.138E-01 2.638E+00 2.000E+05 0.000E+00 0.000E+00 7.819E+05
 2.68877889E-02   6733.3 2.689E+03 1.529E+13 2.376E-01 2.864E+00 2.000E+05 0.000E+00 0.000E+00 7.854E+05
 3.24876268E-02   6754.5 3.249E+03 1.745E+13 2.645E-01 3.117E+00 2.000E+05 0.000E+00 0.000E+00 7.889E+05
 3.91861281E-02   6777.9 3.919E+03 1.998E+13 2.953E-01 3.411E+00 2.000E+05 0.000E+00 0.000E+00 7.924E+05
 4.71808502E-02   6802.6 4.718E+03 2.290E+13 3.302E-01 3.747E+00 2.000E+05 0.000E+00 0.000E+00 7.959E+05
 5.66989058E-02   6829.9 5.670E+03 2.633E+13 3.706E-01 4.142E+00 2.000E+05 0.000E+00 0.000E+00 7.994E+05
 6.79743344E-02   6861.2 6.797E+03 3.043E+13 4.183E-01 4.617E+00 2.000E+05 0.000E+00 0.000E+00 8.028E+05
 8.12481672E-02   6897.7 8.125E+03 3.541E+13 4.756E-01 5.195E+00 2.000E+05 0.000E+00 0.000E+00 8.062E+05
 9.67411435E-02   6941.3 9.674E+03 4.159E+13 5.462E-01 5.917E+00 2.000E+05 0.000E+00 0.000E+00 8.095E+05
 1.14613924E-01   6994.6 1.146E+04 4.947E+13 6.355E-01 6.839E+00 2.000E+05 0.000E+00 0.000E+00 8.128E+05
 1.34961053E-01   7058.5 1.350E+04 5.958E+13 7.496E-01 8.027E+00 2.000E+05 0.000E+00 0.000E+00 8.159E+05
 1.57735067E-01   7138.1 1.577E+04 7.317E+13 9.024E-01 9.629E+00 2.000E+05 0.000E+00 0.000E+00 8.190E+05
 1.82710430E-01   7234.4 1.827E+04 9.151E+13 1.109E+00 1.181E+01 2.000E+05 0.000E+00 0.000E+00 8.220E+05
 2.09461365E-01   7352.4 2.094E+04 1.171E+14 1.399E+00 1.490E+01 2.000E+05 0.000E+00 0.000E+00 8.249E+05
 2.37380617E-01   7492.0 2.374E+04 1.529E+14 1.810E+00 1.932E+01 2.000E+05 0.000E+00 0.000E+00 8.279E+05
 2.65693749E-01   7660.8 2.657E+04 2.049E+14 2.422E+00 2.596E+01 2.000E+05 5.050E+01 0.000E+00 8.309E+05
 2.93337256E-01   7866.1 2.933E+04 2.830E+14 3.379E+00 3.639E+01 2.000E+05 1.660E+03 1.458E+03 8.345E+05
 3.19168645E-01   8112.4 3.191E+04 4.021E+14 4.935E+00 5.348E+01 2.000E+05 4.717E+04 4.350E+03 8.393E+05
 3.42183950E-01   8407.6 3.421E+04 5.877E+14 7.572E+00 8.243E+01 2.000E+05 1.926E+06 1.259E+04 8.465E+05
 3.61656559E-01   8759.6 3.616E+04 8.816E+14 1.227E+01 1.344E+02 2.000E+05 4.248E+07 4.155E+04 8.579E+05
 3.77065323E-01   9199.1 3.770E+04 1.376E+15 2.145E+01 2.341E+02 2.000E+05 3.150E+08 1.097E+05 8.772E+05
 3.88420961E-01   9730.5 3.883E+04 2.186E+15 3.913E+01 4.020E+02 2.000E+05 1.848E+09 1.936E+05 9.086E+05
 3.97209368E-01  10199.5 3.970E+04 3.108E+15 6.216E+01 5.162E+02 2.000E+05 5.346E+09 3.415E+05 9.443E+05
 4.05342998E-01  10540.9 4.051E+04 3.900E+15 8.372E+01 5.121E+02 2.000E+05 9.460E+09 4.169E+05 9.749E+05
 4.13663013E-01  10848.4 4.134E+04 4.686E+15 1.064E+02 4.712E+02 2.000E+05 1.287E+10 4.616E+05 1.006E+06
 4.22666699E-01  11109.8 4.224E+04 5.406E+15 1.278E+02 4.296E+02 2.000E+05 1.544E+10 4.952E+05 1.035E+06
 4.32741050E-01  11396.2 4.324E+04 6.221E+15 1.513E+02 3.928E+02 2.000E+05 1.723E+10 5.172E+05 1.068E+06
 4.44340793E-01  11653.2 4.440E+04 6.982E+15 1.720E+02 3.727E+02 2.000E+05 1.834E+10 5.354E+05 1.100E+06
 4.57922366E-01  11973.0 4.575E+04 7.904E+15 1.962E+02 3.644E+02 2.000E+05 1.903E+10 5.479E+05 1.141E+06
 4.74061540E-01  12265.4 4.736E+04 8.758E+15 2.163E+02 3.719E+02 2.000E+05 1.954E+10 5.656E+05 1.180E+06
 4.93642460E-01  12688.9 4.931E+04 9.844E+15 2.369E+02 4.108E+02 2.000E+05 1.933E+10 5.824E+05 1.237E+06
 5.18112043E-01  13124.8 5.174E+04 1.087E+16 2.453E+02 4.462E+02 2.000E+05 1.927E+10 5.842E+05 1.294E+06
 5.50615298E-01  13832.9 5.497E+04 1.204E+16 2.370E+02 8.206E+02 2.000E+05 1.530E+10 6.569E+05 1.383E+06
 6.04774371E-01  15703.3 6.033E+04 1.288E+16 1.526E+02 1.111E+03 2.000E+05 5.659E+09 2.609E+05 1.598E+06
 7.32190077E-01  18546.4 7.295E+04 1.369E+16 7.976E+01 7.736E+02 2.000E+05 1.840E+08 6.107E+04 1.775E+06
 9.95942835E-01  20911.2 9.915E+04 1.684E+16 6.533E+01 6.248E+02 2.000E+05 2.194E+06 1.717E+04 1.931E+06
 1.39237704E+00  23202.0 1.386E+05 2.141E+16 6.086E+01 5.664E+02 2.000E+05 2.146E+06 5.594E+03 2.134E+06
PRADK 6.9988E+00
BEGIN                    ITERATION  15 COMPLETED
