TEFF   4000.  GRAVITY 3.50000 LTE 
TITLE  [-4.0a] N(He)/Ntot=0.089 VTURB=2.0  L/H=1.25 NOVER                       
 OPACITY IFOP 1 1 1 1 1 1 1 1 1 1 1 1 1 0 1 0 0 0 0 0
 CONVECTION ON   1.25 TURBULENCE OFF  0.00  0.00  0.00  0.00
ABUNDANCE SCALE   0.00010 ABUNDANCE CHANGE 1 0.92160 2 0.07844
 ABUNDANCE CHANGE  3 -10.88  4 -10.89  5  -9.44  6  -3.49  7  -4.07  8  -2.77
 ABUNDANCE CHANGE  9  -7.44 10  -3.56 11  -5.71 12  -4.06 13  -5.57 14  -4.09
 ABUNDANCE CHANGE 15  -6.59 16  -4.34 17  -6.54 18  -5.14 19  -6.94 20  -5.28
 ABUNDANCE CHANGE 21  -8.86 22  -6.61 23  -8.04 24  -6.37 25  -6.65 26  -4.54
 ABUNDANCE CHANGE 27  -7.12 28  -5.79 29  -7.83 30  -7.44 31  -9.16 32  -8.63
 ABUNDANCE CHANGE 33  -9.67 34  -8.69 35  -9.41 36  -8.81 37  -9.44 38  -9.07
 ABUNDANCE CHANGE 39  -9.80 40  -9.44 41 -10.62 42 -10.12 43 -20.00 44 -10.20
 ABUNDANCE CHANGE 45 -10.92 46 -10.35 47 -11.10 48 -10.18 49 -10.58 50 -10.04
 ABUNDANCE CHANGE 51 -11.04 52  -9.80 53 -10.53 54  -9.81 55 -10.92 56  -9.91
 ABUNDANCE CHANGE 57 -10.87 58 -10.46 59 -11.33 60 -10.54 61 -20.00 62 -11.04
 ABUNDANCE CHANGE 63 -11.53 64 -10.92 65 -11.94 66 -10.94 67 -11.78 68 -11.11
 ABUNDANCE CHANGE 69 -12.04 70 -10.96 71 -11.28 72 -11.16 73 -11.91 74 -10.93
 ABUNDANCE CHANGE 75 -11.77 76 -10.59 77 -10.69 78 -10.24 79 -11.03 80 -10.95
 ABUNDANCE CHANGE 81 -11.14 82 -10.19 83 -11.33 84 -20.00 85 -20.00 86 -20.00
 ABUNDANCE CHANGE 87 -20.00 88 -20.00 89 -20.00 90 -11.92 91 -20.00 92 -12.51
 ABUNDANCE CHANGE 93 -20.00 94 -20.00 95 -20.00 96 -20.00 97 -20.00 98 -20.00
 ABUNDANCE CHANGE 99 -20.00
READ DECK6 72 RHOX,T,P,XNE,ABROSS,ACCRAD,VTURB, FLXCNV,VCONV,VELSND
 3.12308192E-02   2804.3 9.884E+01 3.280E+06 4.266E-06 5.675E-05 2.000E+05 0.000E+00 0.000E+00 4.837E+05
 4.09812966E-02   2814.4 1.297E+02 4.180E+06 4.848E-06 5.687E-05 2.000E+05 0.000E+00 0.000E+00 4.801E+05
 5.24221835E-02   2820.5 1.659E+02 5.169E+06 5.510E-06 5.704E-05 2.000E+05 0.000E+00 0.000E+00 4.764E+05
 6.59439259E-02   2829.1 2.087E+02 6.338E+06 6.177E-06 5.720E-05 2.000E+05 0.000E+00 0.000E+00 4.738E+05
 8.20409827E-02   2837.7 2.597E+02 7.698E+06 6.903E-06 5.739E-05 2.000E+05 0.000E+00 0.000E+00 4.716E+05
 1.01261244E-01   2846.4 3.205E+02 9.290E+06 7.695E-06 5.760E-05 2.000E+05 0.000E+00 0.000E+00 4.697E+05
 1.24350186E-01   2855.6 3.937E+02 1.117E+07 8.505E-06 5.781E-05 2.000E+05 0.000E+00 0.000E+00 4.681E+05
 1.52212373E-01   2865.3 4.820E+02 1.342E+07 9.406E-06 5.806E-05 2.000E+05 0.000E+00 0.000E+00 4.666E+05
 1.85771224E-01   2875.5 5.883E+02 1.609E+07 1.042E-05 5.836E-05 2.000E+05 0.000E+00 0.000E+00 4.654E+05
 2.26145084E-01   2886.3 7.162E+02 1.928E+07 1.156E-05 5.871E-05 2.000E+05 0.000E+00 0.000E+00 4.642E+05
 2.74713032E-01   2897.8 8.701E+02 2.308E+07 1.280E-05 5.908E-05 2.000E+05 0.000E+00 0.000E+00 4.633E+05
 3.33259339E-01   2909.9 1.056E+03 2.765E+07 1.413E-05 5.949E-05 2.000E+05 0.000E+00 0.000E+00 4.624E+05
 4.04447281E-01   2922.6 1.281E+03 3.318E+07 1.543E-05 5.991E-05 2.000E+05 0.000E+00 0.000E+00 4.617E+05
 4.91180414E-01   2935.6 1.556E+03 3.984E+07 1.696E-05 6.042E-05 2.000E+05 0.000E+00 0.000E+00 4.609E+05
 5.96081898E-01   2948.4 1.888E+03 4.779E+07 1.876E-05 6.105E-05 2.000E+05 0.000E+00 0.000E+00 4.600E+05
 7.22146078E-01   2960.6 2.287E+03 5.716E+07 2.090E-05 6.182E-05 2.000E+05 0.000E+00 0.000E+00 4.590E+05
 8.72479306E-01   2972.1 2.762E+03 6.813E+07 2.343E-05 6.277E-05 2.000E+05 0.000E+00 0.000E+00 4.578E+05
 1.05117325E+00   2983.4 3.328E+03 8.098E+07 2.619E-05 6.380E-05 2.000E+05 0.000E+00 0.000E+00 4.565E+05
 1.26633732E+00   2994.0 4.010E+03 9.606E+07 2.889E-05 6.481E-05 2.000E+05 0.000E+00 0.000E+00 4.550E+05
 1.52561951E+00   3002.1 4.828E+03 1.132E+08 3.227E-05 6.614E-05 2.000E+05 0.000E+00 0.000E+00 4.529E+05
 1.83297091E+00   3005.2 5.798E+03 1.317E+08 3.650E-05 6.794E-05 2.000E+05 0.000E+00 0.000E+00 4.496E+05
 2.19389380E+00   3001.2 6.936E+03 1.499E+08 4.170E-05 7.052E-05 2.000E+05 0.000E+00 0.000E+00 4.447E+05
 2.61397357E+00   2990.3 8.263E+03 1.668E+08 4.768E-05 7.425E-05 2.000E+05 0.000E+00 0.000E+00 4.383E+05
 3.10418047E+00   2977.8 9.817E+03 1.836E+08 5.392E-05 7.929E-05 2.000E+05 0.000E+00 0.000E+00 4.313E+05
 3.69443808E+00   2969.1 1.169E+04 2.038E+08 5.852E-05 8.336E-05 2.000E+05 0.000E+00 0.000E+00 4.251E+05
 4.42587867E+00   2965.8 1.400E+04 2.303E+08 6.296E-05 8.743E-05 2.000E+05 0.000E+00 0.000E+00 4.200E+05
 5.33276127E+00   2966.1 1.687E+04 2.637E+08 6.769E-05 9.187E-05 2.000E+05 0.000E+00 0.000E+00 4.156E+05
 6.45793902E+00   2969.4 2.043E+04 3.056E+08 7.290E-05 9.687E-05 2.000E+05 0.000E+00 0.000E+00 4.119E+05
 7.84885109E+00   2976.3 2.482E+04 3.589E+08 7.883E-05 1.026E-04 2.000E+05 0.000E+00 0.000E+00 4.090E+05
 9.55821662E+00   2990.4 3.022E+04 4.313E+08 8.608E-05 1.091E-04 2.000E+05 0.000E+00 0.000E+00 4.076E+05
 1.16469699E+01   3015.9 3.679E+04 5.363E+08 9.420E-05 1.133E-04 2.000E+05 0.000E+00 0.000E+00 4.086E+05
 1.41846905E+01   3051.2 4.480E+04 6.857E+08 1.033E-04 1.148E-04 2.000E+05 0.000E+00 0.000E+00 4.116E+05
 1.72346167E+01   3089.8 5.447E+04 8.825E+08 1.149E-04 1.180E-04 2.000E+05 0.000E+00 0.000E+00 4.152E+05
 2.08776048E+01   3127.6 6.599E+04 1.127E+09 1.294E-04 1.237E-04 2.000E+05 0.000E+00 0.000E+00 4.187E+05
 2.51735923E+01   3166.6 7.957E+04 1.433E+09 1.469E-04 1.316E-04 2.000E+05 0.000E+00 0.000E+00 4.224E+05
 3.02231048E+01   3208.7 9.553E+04 1.824E+09 1.665E-04 1.395E-04 2.000E+05 0.000E+00 0.000E+00 4.266E+05
 3.61609927E+01   3254.0 1.143E+05 2.324E+09 1.889E-04 1.479E-04 2.000E+05 0.000E+00 0.000E+00 4.314E+05
 4.31200359E+01   3301.4 1.363E+05 2.955E+09 2.154E-04 1.587E-04 2.000E+05 1.071E+05 0.000E+00 4.366E+05
 5.12642399E+01   3349.8 1.621E+05 3.743E+09 2.450E-04 1.710E-04 2.000E+05 2.260E+05 5.305E+03 4.420E+05
 6.07867669E+01   3398.8 1.922E+05 4.724E+09 2.805E-04 1.870E-04 2.000E+05 9.267E+05 2.431E+03 4.473E+05
 7.18216235E+01   3448.0 2.271E+05 5.942E+09 3.238E-04 2.078E-04 2.000E+05 2.645E+06 9.492E+03 4.527E+05
 8.47185313E+01   3499.8 2.679E+05 7.509E+09 3.658E-04 2.270E-04 2.000E+05 4.133E+06 9.959E+03 4.585E+05
 9.98679720E+01   3551.6 3.158E+05 9.522E+09 4.179E-04 2.520E-04 2.000E+05 6.593E+06 1.016E+04 4.641E+05
 1.17353952E+02   3605.6 3.711E+05 1.220E+10 4.889E-04 2.874E-04 2.000E+05 1.102E+07 1.312E+04 4.701E+05
 1.37008993E+02   3658.3 4.332E+05 1.565E+10 5.874E-04 3.371E-04 2.000E+05 1.773E+07 1.345E+04 4.759E+05
 1.58615183E+02   3710.8 5.016E+05 2.019E+10 7.179E-04 4.026E-04 2.000E+05 2.819E+07 1.634E+04 4.817E+05
 1.82122290E+02   3761.8 5.759E+05 2.608E+10 8.818E-04 4.824E-04 2.000E+05 4.391E+07 1.745E+04 4.873E+05
 2.07575523E+02   3812.2 6.564E+05 3.384E+10 1.088E-03 5.777E-04 2.000E+05 6.651E+07 2.023E+04 4.929E+05
 2.35135065E+02   3862.2 7.436E+05 4.406E+10 1.338E-03 6.847E-04 2.000E+05 9.820E+07 2.178E+04 4.985E+05
 2.64892480E+02   3911.6 8.377E+05 5.747E+10 1.661E-03 8.075E-04 2.000E+05 1.411E+08 2.451E+04 5.040E+05
 2.96734527E+02   3961.2 9.384E+05 7.515E+10 2.077E-03 9.423E-04 2.000E+05 1.978E+08 2.628E+04 5.095E+05
 3.30663196E+02   4009.7 1.046E+06 9.788E+10 2.601E-03 1.074E-03 2.000E+05 2.681E+08 2.897E+04 5.150E+05
 3.66664352E+02   4058.9 1.159E+06 1.277E+11 3.278E-03 1.196E-03 2.000E+05 3.534E+08 3.056E+04 5.205E+05
 4.04809396E+02   4106.6 1.280E+06 1.653E+11 4.122E-03 1.280E-03 2.000E+05 4.509E+08 3.310E+04 5.259E+05
 4.45099967E+02   4155.6 1.408E+06 2.147E+11 5.219E-03 1.326E-03 2.000E+05 5.534E+08 3.427E+04 5.315E+05
 4.87716211E+02   4202.8 1.542E+06 2.756E+11 6.557E-03 1.307E-03 2.000E+05 6.612E+08 3.611E+04 5.368E+05
 5.32747939E+02   4252.0 1.685E+06 3.558E+11 8.302E-03 1.250E-03 2.000E+05 7.585E+08 3.709E+04 5.424E+05
 5.80450224E+02   4299.1 1.836E+06 4.536E+11 1.040E-02 1.151E-03 2.000E+05 8.477E+08 3.760E+04 5.477E+05
 6.31026524E+02   4348.6 1.995E+06 5.818E+11 1.312E-02 1.055E-03 2.000E+05 9.226E+08 3.868E+04 5.534E+05
 6.84738287E+02   4396.7 2.165E+06 7.387E+11 1.641E-02 9.609E-04 2.000E+05 9.789E+08 3.800E+04 5.588E+05
 7.41896577E+02   4446.7 2.346E+06 9.416E+11 2.061E-02 8.923E-04 2.000E+05 1.030E+09 3.902E+04 5.644E+05
 8.02767963E+02   4496.5 2.539E+06 1.194E+12 2.573E-02 8.302E-04 2.000E+05 1.061E+09 3.805E+04 5.700E+05
 8.67743869E+02   4547.6 2.744E+06 1.515E+12 3.216E-02 7.865E-04 2.000E+05 1.090E+09 3.845E+04 5.757E+05
 9.37158776E+02   4599.4 2.963E+06 1.921E+12 4.010E-02 7.491E-04 2.000E+05 1.108E+09 3.792E+04 5.815E+05
 1.01144907E+03   4652.5 3.198E+06 2.436E+12 4.994E-02 7.265E-04 2.000E+05 1.119E+09 3.751E+04 5.874E+05
 1.09104136E+03   4706.8 3.450E+06 3.088E+12 6.213E-02 7.114E-04 2.000E+05 1.129E+09 3.748E+04 5.935E+05
 1.17632336E+03   4762.7 3.720E+06 3.921E+12 7.734E-02 7.007E-04 2.000E+05 1.134E+09 3.661E+04 5.997E+05
 1.26777962E+03   4819.8 4.009E+06 4.975E+12 9.610E-02 6.965E-04 2.000E+05 1.139E+09 3.689E+04 6.060E+05
 1.36576490E+03   4879.3 4.319E+06 6.336E+12 1.197E-01 6.943E-04 2.000E+05 1.141E+09 3.579E+04 6.126E+05
 1.47086473E+03   4939.5 4.651E+06 8.047E+12 1.486E-01 6.927E-04 2.000E+05 1.147E+09 3.624E+04 6.193E+05
 1.58346036E+03   5003.3 5.007E+06 1.029E+13 1.854E-01 6.951E-04 2.000E+05 1.143E+09 3.524E+04 6.263E+05
 1.70392017E+03   5067.1 5.388E+06 1.309E+13 2.299E-01 7.545E-04 2.000E+05 1.152E+09 3.527E+04 6.334E+05
PRADK 3.3126E-01
BEGIN                    ITERATION  15 COMPLETED
