TEFF   5250.  GRAVITY 5.00000 LTE 
TITLE  [-4.0a] N(He)/Ntot=0.089 VTURB=2.0  L/H=1.25 NOVER                       
 OPACITY IFOP 1 1 1 1 1 1 1 1 1 1 1 1 1 0 1 0 0 0 0 0
 CONVECTION ON   1.25 TURBULENCE OFF  0.00  0.00  0.00  0.00
ABUNDANCE SCALE   0.00010 ABUNDANCE CHANGE 1 0.92160 2 0.07844
 ABUNDANCE CHANGE  3 -10.88  4 -10.89  5  -9.44  6  -3.49  7  -4.07  8  -2.77
 ABUNDANCE CHANGE  9  -7.44 10  -3.56 11  -5.71 12  -4.06 13  -5.57 14  -4.09
 ABUNDANCE CHANGE 15  -6.59 16  -4.34 17  -6.54 18  -5.14 19  -6.94 20  -5.28
 ABUNDANCE CHANGE 21  -8.86 22  -6.61 23  -8.04 24  -6.37 25  -6.65 26  -4.54
 ABUNDANCE CHANGE 27  -7.12 28  -5.79 29  -7.83 30  -7.44 31  -9.16 32  -8.63
 ABUNDANCE CHANGE 33  -9.67 34  -8.69 35  -9.41 36  -8.81 37  -9.44 38  -9.07
 ABUNDANCE CHANGE 39  -9.80 40  -9.44 41 -10.62 42 -10.12 43 -20.00 44 -10.20
 ABUNDANCE CHANGE 45 -10.92 46 -10.35 47 -11.10 48 -10.18 49 -10.58 50 -10.04
 ABUNDANCE CHANGE 51 -11.04 52  -9.80 53 -10.53 54  -9.81 55 -10.92 56  -9.91
 ABUNDANCE CHANGE 57 -10.87 58 -10.46 59 -11.33 60 -10.54 61 -20.00 62 -11.04
 ABUNDANCE CHANGE 63 -11.53 64 -10.92 65 -11.94 66 -10.94 67 -11.78 68 -11.11
 ABUNDANCE CHANGE 69 -12.04 70 -10.96 71 -11.28 72 -11.16 73 -11.91 74 -10.93
 ABUNDANCE CHANGE 75 -11.77 76 -10.59 77 -10.69 78 -10.24 79 -11.03 80 -10.95
 ABUNDANCE CHANGE 81 -11.14 82 -10.19 83 -11.33 84 -20.00 85 -20.00 86 -20.00
 ABUNDANCE CHANGE 87 -20.00 88 -20.00 89 -20.00 90 -11.92 91 -20.00 92 -12.51
 ABUNDANCE CHANGE 93 -20.00 94 -20.00 95 -20.00 96 -20.00 97 -20.00 98 -20.00
 ABUNDANCE CHANGE 99 -20.00
READ DECK6 72 RHOX,T,P,XNE,ABROSS,ACCRAD,VTURB, FLXCNV,VCONV,VELSND
 1.09102565E-03   4193.2 1.091E+02 2.272E+09 1.222E-04 1.074E-03 2.000E+05 0.000E+00 0.000E+00 6.878E+05
 1.43608048E-03   4196.9 1.436E+02 2.652E+09 1.356E-04 1.096E-03 2.000E+05 0.000E+00 0.000E+00 6.869E+05
 1.85188830E-03   4199.8 1.852E+02 3.050E+09 1.497E-04 1.120E-03 2.000E+05 0.000E+00 0.000E+00 6.863E+05
 2.35136358E-03   4205.6 2.351E+02 3.530E+09 1.670E-04 1.148E-03 2.000E+05 0.000E+00 0.000E+00 6.862E+05
 2.94828771E-03   4211.8 2.948E+02 4.066E+09 1.863E-04 1.178E-03 2.000E+05 0.000E+00 0.000E+00 6.861E+05
 3.66202968E-03   4218.2 3.662E+02 4.662E+09 2.076E-04 1.213E-03 2.000E+05 0.000E+00 0.000E+00 6.862E+05
 4.51520931E-03   4225.1 4.515E+02 5.342E+09 2.318E-04 1.251E-03 2.000E+05 0.000E+00 0.000E+00 6.864E+05
 5.53531761E-03   4231.6 5.535E+02 6.090E+09 2.582E-04 1.294E-03 2.000E+05 0.000E+00 0.000E+00 6.866E+05
 6.75721578E-03   4237.8 6.757E+02 6.918E+09 2.871E-04 1.340E-03 2.000E+05 0.000E+00 0.000E+00 6.868E+05
 8.23435925E-03   4239.7 8.234E+02 7.701E+09 3.142E-04 1.385E-03 2.000E+05 0.000E+00 0.000E+00 6.866E+05
 1.00420646E-02   4239.8 1.004E+03 8.511E+09 3.420E-04 1.432E-03 2.000E+05 0.000E+00 0.000E+00 6.862E+05
 1.22379177E-02   4244.0 1.224E+03 9.574E+09 3.784E-04 1.492E-03 2.000E+05 0.000E+00 0.000E+00 6.862E+05
 1.48887629E-02   4247.0 1.489E+03 1.070E+10 4.167E-04 1.555E-03 2.000E+05 0.000E+00 0.000E+00 6.860E+05
 1.80964682E-02   4250.3 1.810E+03 1.197E+10 4.596E-04 1.627E-03 2.000E+05 0.000E+00 0.000E+00 6.857E+05
 2.19743907E-02   4253.5 2.197E+03 1.339E+10 5.070E-04 1.705E-03 2.000E+05 0.000E+00 0.000E+00 6.854E+05
 2.66639505E-02   4256.6 2.666E+03 1.495E+10 5.589E-04 1.792E-03 2.000E+05 0.000E+00 0.000E+00 6.850E+05
 3.23339681E-02   4259.7 3.233E+03 1.670E+10 6.166E-04 1.889E-03 2.000E+05 0.000E+00 0.000E+00 6.844E+05
 3.91907576E-02   4262.6 3.919E+03 1.862E+10 6.797E-04 1.995E-03 2.000E+05 0.000E+00 0.000E+00 6.837E+05
 4.74794147E-02   4265.7 4.748E+03 2.078E+10 7.503E-04 2.114E-03 2.000E+05 0.000E+00 0.000E+00 6.829E+05
 5.74986019E-02   4268.5 5.750E+03 2.316E+10 8.273E-04 2.244E-03 2.000E+05 0.000E+00 0.000E+00 6.819E+05
 6.96136613E-02   4271.4 6.961E+03 2.581E+10 9.125E-04 2.388E-03 2.000E+05 0.000E+00 0.000E+00 6.807E+05
 8.42654023E-02   4274.0 8.427E+03 2.873E+10 1.006E-03 2.547E-03 2.000E+05 0.000E+00 0.000E+00 6.792E+05
 1.01983881E-01   4276.7 1.020E+04 3.200E+10 1.109E-03 2.723E-03 2.000E+05 0.000E+00 0.000E+00 6.774E+05
 1.23418126E-01   4279.1 1.234E+04 3.558E+10 1.222E-03 2.917E-03 2.000E+05 0.000E+00 0.000E+00 6.753E+05
 1.49357165E-01   4281.5 1.494E+04 3.956E+10 1.347E-03 3.131E-03 2.000E+05 0.000E+00 0.000E+00 6.729E+05
 1.80743838E-01   4283.8 1.807E+04 4.397E+10 1.485E-03 3.367E-03 2.000E+05 0.000E+00 0.000E+00 6.701E+05
 2.18728353E-01   4286.0 2.187E+04 4.886E+10 1.636E-03 3.628E-03 2.000E+05 0.000E+00 0.000E+00 6.670E+05
 2.64698263E-01   4288.3 2.647E+04 5.429E+10 1.803E-03 3.917E-03 2.000E+05 0.000E+00 0.000E+00 6.635E+05
 3.20321433E-01   4290.6 3.203E+04 6.034E+10 1.987E-03 4.236E-03 2.000E+05 0.000E+00 0.000E+00 6.596E+05
 3.87607153E-01   4293.0 3.876E+04 6.708E+10 2.191E-03 4.592E-03 2.000E+05 0.000E+00 0.000E+00 6.554E+05
 4.68963869E-01   4295.5 4.690E+04 7.464E+10 2.417E-03 4.987E-03 2.000E+05 0.000E+00 0.000E+00 6.509E+05
 5.67237568E-01   4298.5 5.672E+04 8.317E+10 2.670E-03 5.428E-03 2.000E+05 0.000E+00 0.000E+00 6.461E+05
 6.85816007E-01   4301.9 6.858E+04 9.280E+10 2.952E-03 5.919E-03 2.000E+05 0.000E+00 0.000E+00 6.413E+05
 8.28692529E-01   4305.9 8.287E+04 1.038E+11 3.270E-03 6.471E-03 2.000E+05 0.000E+00 0.000E+00 6.364E+05
 1.00054923E+00   4310.6 1.001E+05 1.163E+11 3.629E-03 7.091E-03 2.000E+05 0.000E+00 0.000E+00 6.316E+05
 1.20680595E+00   4316.3 1.207E+05 1.309E+11 4.037E-03 7.797E-03 2.000E+05 0.000E+00 0.000E+00 6.269E+05
 1.45355453E+00   4323.2 1.454E+05 1.479E+11 4.508E-03 8.604E-03 2.000E+05 0.000E+00 0.000E+00 6.225E+05
 1.74788062E+00   4331.3 1.748E+05 1.677E+11 5.048E-03 9.525E-03 2.000E+05 0.000E+00 0.000E+00 6.185E+05
 2.09738094E+00   4341.4 2.097E+05 1.916E+11 5.685E-03 1.060E-02 2.000E+05 0.000E+00 0.000E+00 6.148E+05
 2.51010290E+00   4353.4 2.510E+05 2.202E+11 6.436E-03 1.187E-02 2.000E+05 0.000E+00 0.000E+00 6.117E+05
 2.99494111E+00   4367.4 2.995E+05 2.548E+11 7.324E-03 1.335E-02 2.000E+05 0.000E+00 0.000E+00 6.090E+05
 3.55742857E+00   4387.1 3.557E+05 3.009E+11 8.492E-03 1.528E-02 2.000E+05 0.000E+00 0.000E+00 6.075E+05
 4.20739614E+00   4405.5 4.207E+05 3.520E+11 9.753E-03 1.736E-02 2.000E+05 0.000E+00 0.000E+00 6.058E+05
 4.94818950E+00   4435.7 4.949E+05 4.314E+11 1.169E-02 2.051E-02 2.000E+05 0.000E+00 0.000E+00 6.063E+05
 5.75341820E+00   4481.8 5.753E+05 5.600E+11 1.479E-02 2.546E-02 2.000E+05 0.000E+00 0.000E+00 6.097E+05
 6.55007139E+00   4567.7 6.549E+05 8.329E+11 2.120E-02 3.544E-02 2.000E+05 1.203E+05 0.000E+00 6.199E+05
 7.27582266E+00   4665.7 7.276E+05 1.268E+12 3.093E-02 5.011E-02 2.000E+05 1.447E+07 5.429E+03 6.326E+05
 7.96145232E+00   4753.1 7.961E+05 1.820E+12 4.263E-02 6.726E-02 2.000E+05 5.343E+07 2.655E+04 6.440E+05
 8.61928100E+00   4850.4 8.619E+05 2.658E+12 5.949E-02 9.111E-02 2.000E+05 8.888E+07 3.207E+04 6.571E+05
 9.26244540E+00   4939.6 9.262E+05 3.716E+12 7.966E-02 1.180E-01 2.000E+05 1.463E+08 3.216E+04 6.690E+05
 9.90166076E+00   5036.2 9.901E+05 5.249E+12 1.073E-01 1.525E-01 2.000E+05 2.607E+08 4.587E+04 6.819E+05
 1.05323461E+01   5140.3 1.053E+06 7.481E+12 1.452E-01 1.955E-01 2.000E+05 3.884E+08 5.030E+04 6.959E+05
 1.11601170E+01   5243.4 1.116E+06 1.048E+13 1.929E-01 2.424E-01 2.000E+05 5.558E+08 5.681E+04 7.093E+05
 1.17875161E+01   5356.0 1.179E+06 1.486E+13 2.585E-01 2.969E-01 2.000E+05 7.873E+08 6.571E+04 7.237E+05
 1.24144680E+01   5471.7 1.241E+06 2.096E+13 3.435E-01 3.518E-01 2.000E+05 1.045E+09 7.165E+04 7.379E+05
 1.30449582E+01   5592.2 1.304E+06 2.950E+13 4.547E-01 4.038E-01 2.000E+05 1.340E+09 7.866E+04 7.520E+05
 1.36808257E+01   5718.4 1.368E+06 4.152E+13 6.003E-01 4.487E-01 2.000E+05 1.659E+09 8.492E+04 7.660E+05
 1.43251581E+01   5848.3 1.432E+06 5.810E+13 7.875E-01 4.812E-01 2.000E+05 1.968E+09 8.996E+04 7.795E+05
 1.49820762E+01   5982.0 1.498E+06 8.085E+13 1.027E+00 5.016E-01 2.000E+05 2.256E+09 9.435E+04 7.926E+05
 1.56561759E+01   6118.9 1.566E+06 1.117E+14 1.330E+00 5.126E-01 2.000E+05 2.503E+09 9.761E+04 8.050E+05
 1.63529472E+01   6258.1 1.635E+06 1.531E+14 1.709E+00 5.194E-01 2.000E+05 2.698E+09 9.980E+04 8.168E+05
 1.70782512E+01   6399.8 1.708E+06 2.081E+14 2.183E+00 5.273E-01 2.000E+05 2.849E+09 1.013E+05 8.281E+05
 1.78377448E+01   6544.3 1.784E+06 2.810E+14 2.773E+00 5.387E-01 2.000E+05 2.965E+09 1.021E+05 8.388E+05
 1.86371421E+01   6691.8 1.864E+06 3.771E+14 3.505E+00 5.542E-01 2.000E+05 3.049E+09 1.026E+05 8.490E+05
 1.94816443E+01   6843.1 1.948E+06 5.036E+14 4.418E+00 5.714E-01 2.000E+05 3.120E+09 1.023E+05 8.588E+05
 2.03771091E+01   6997.3 2.038E+06 6.682E+14 5.546E+00 5.911E-01 2.000E+05 3.175E+09 1.029E+05 8.682E+05
 2.13277564E+01   7157.6 2.133E+06 8.857E+14 6.966E+00 6.070E-01 2.000E+05 3.216E+09 1.013E+05 8.772E+05
 2.23410818E+01   7318.0 2.234E+06 1.162E+15 8.688E+00 6.246E-01 2.000E+05 3.262E+09 1.020E+05 8.856E+05
 2.34206138E+01   7488.4 2.342E+06 1.530E+15 1.090E+01 6.425E-01 2.000E+05 3.283E+09 1.001E+05 8.939E+05
 2.45752244E+01   7654.8 2.457E+06 1.984E+15 1.352E+01 6.529E-01 2.000E+05 3.312E+09 9.972E+04 9.013E+05
 2.58103105E+01   7834.2 2.581E+06 2.592E+15 1.692E+01 6.720E-01 2.000E+05 3.342E+09 9.876E+04 9.087E+05
 2.71327141E+01   8007.2 2.713E+06 3.324E+15 2.091E+01 7.292E-01 2.000E+05 3.336E+09 9.710E+04 9.152E+05
PRADK 9.9877E-01
BEGIN                    ITERATION  15 COMPLETED
