TEFF   7500.  GRAVITY 5.00000 LTE 
TITLE  [-4.0a] N(He)/Ntot=0.089 VTURB=2.0  L/H=1.25 NOVER                       
 OPACITY IFOP 1 1 1 1 1 1 1 1 1 1 1 1 1 0 1 0 0 0 0 0
 CONVECTION ON   1.25 TURBULENCE OFF  0.00  0.00  0.00  0.00
ABUNDANCE SCALE   0.00010 ABUNDANCE CHANGE 1 0.92160 2 0.07844
 ABUNDANCE CHANGE  3 -10.88  4 -10.89  5  -9.44  6  -3.49  7  -4.07  8  -2.77
 ABUNDANCE CHANGE  9  -7.44 10  -3.56 11  -5.71 12  -4.06 13  -5.57 14  -4.09
 ABUNDANCE CHANGE 15  -6.59 16  -4.34 17  -6.54 18  -5.14 19  -6.94 20  -5.28
 ABUNDANCE CHANGE 21  -8.86 22  -6.61 23  -8.04 24  -6.37 25  -6.65 26  -4.54
 ABUNDANCE CHANGE 27  -7.12 28  -5.79 29  -7.83 30  -7.44 31  -9.16 32  -8.63
 ABUNDANCE CHANGE 33  -9.67 34  -8.69 35  -9.41 36  -8.81 37  -9.44 38  -9.07
 ABUNDANCE CHANGE 39  -9.80 40  -9.44 41 -10.62 42 -10.12 43 -20.00 44 -10.20
 ABUNDANCE CHANGE 45 -10.92 46 -10.35 47 -11.10 48 -10.18 49 -10.58 50 -10.04
 ABUNDANCE CHANGE 51 -11.04 52  -9.80 53 -10.53 54  -9.81 55 -10.92 56  -9.91
 ABUNDANCE CHANGE 57 -10.87 58 -10.46 59 -11.33 60 -10.54 61 -20.00 62 -11.04
 ABUNDANCE CHANGE 63 -11.53 64 -10.92 65 -11.94 66 -10.94 67 -11.78 68 -11.11
 ABUNDANCE CHANGE 69 -12.04 70 -10.96 71 -11.28 72 -11.16 73 -11.91 74 -10.93
 ABUNDANCE CHANGE 75 -11.77 76 -10.59 77 -10.69 78 -10.24 79 -11.03 80 -10.95
 ABUNDANCE CHANGE 81 -11.14 82 -10.19 83 -11.33 84 -20.00 85 -20.00 86 -20.00
 ABUNDANCE CHANGE 87 -20.00 88 -20.00 89 -20.00 90 -11.92 91 -20.00 92 -12.51
 ABUNDANCE CHANGE 93 -20.00 94 -20.00 95 -20.00 96 -20.00 97 -20.00 98 -20.00
 ABUNDANCE CHANGE 99 -20.00
READ DECK6 72 RHOX,T,P,XNE,ABROSS,ACCRAD,VTURB, FLXCNV,VCONV,VELSND
 1.10822504E-05   5721.7 1.108E+00 3.665E+10 1.203E-02 1.221E-01 2.000E+05 0.000E+00 0.000E+00 1.057E+06
 1.49661583E-05   5722.8 1.497E+00 4.288E+10 1.087E-02 1.157E-01 2.000E+05 0.000E+00 0.000E+00 9.941E+05
 2.06873315E-05   5725.6 2.069E+00 5.094E+10 9.864E-03 1.103E-01 2.000E+05 0.000E+00 0.000E+00 9.379E+05
 2.90540637E-05   5729.9 2.905E+00 6.118E+10 9.042E-03 1.061E-01 2.000E+05 0.000E+00 0.000E+00 8.896E+05
 4.11747632E-05   5735.9 4.117E+00 7.410E+10 8.426E-03 1.033E-01 2.000E+05 0.000E+00 0.000E+00 8.498E+05
 5.83308928E-05   5743.7 5.833E+00 9.009E+10 8.024E-03 1.019E-01 2.000E+05 0.000E+00 0.000E+00 8.184E+05
 8.20347413E-05   5753.9 8.203E+00 1.097E+11 7.843E-03 1.020E-01 2.000E+05 0.000E+00 0.000E+00 7.945E+05
 1.13859970E-04   5766.8 1.139E+01 1.336E+11 7.875E-03 1.035E-01 2.000E+05 0.000E+00 0.000E+00 7.769E+05
 1.56134934E-04   5772.3 1.561E+01 1.587E+11 7.904E-03 1.041E-01 2.000E+05 0.000E+00 0.000E+00 7.649E+05
 2.11907586E-04   5777.1 2.119E+01 1.872E+11 8.057E-03 1.053E-01 2.000E+05 0.000E+00 0.000E+00 7.567E+05
 2.84296544E-04   5781.7 2.843E+01 2.195E+11 8.334E-03 1.072E-01 2.000E+05 0.000E+00 0.000E+00 7.513E+05
 3.77107372E-04   5785.5 3.771E+01 2.553E+11 8.717E-03 1.096E-01 2.000E+05 0.000E+00 0.000E+00 7.482E+05
 4.94057559E-04   5794.3 4.941E+01 2.986E+11 9.320E-03 1.138E-01 2.000E+05 0.000E+00 0.000E+00 7.464E+05
 6.40208258E-04   5798.3 6.402E+01 3.434E+11 9.927E-03 1.174E-01 2.000E+05 0.000E+00 0.000E+00 7.461E+05
 8.21991280E-04   5804.9 8.220E+01 3.956E+11 1.071E-02 1.223E-01 2.000E+05 0.000E+00 0.000E+00 7.466E+05
 1.04622239E-03   5811.0 1.046E+02 4.530E+11 1.159E-02 1.276E-01 2.000E+05 0.000E+00 0.000E+00 7.478E+05
 1.32192530E-03   5817.4 1.322E+02 5.171E+11 1.259E-02 1.337E-01 2.000E+05 0.000E+00 0.000E+00 7.494E+05
 1.65970019E-03   5823.9 1.660E+02 5.886E+11 1.373E-02 1.404E-01 2.000E+05 0.000E+00 0.000E+00 7.514E+05
 2.07203663E-03   5831.2 2.072E+02 6.694E+11 1.502E-02 1.482E-01 2.000E+05 0.000E+00 0.000E+00 7.536E+05
 2.57418125E-03   5838.5 2.574E+02 7.592E+11 1.646E-02 1.566E-01 2.000E+05 0.000E+00 0.000E+00 7.560E+05
 3.18398414E-03   5847.0 3.184E+02 8.616E+11 1.811E-02 1.663E-01 2.000E+05 0.000E+00 0.000E+00 7.585E+05
 3.92394221E-03   5854.4 3.924E+02 9.734E+11 1.988E-02 1.766E-01 2.000E+05 0.000E+00 0.000E+00 7.610E+05
 4.82102901E-03   5862.9 4.821E+02 1.101E+12 2.191E-02 1.883E-01 2.000E+05 0.000E+00 0.000E+00 7.636E+05
 5.90666001E-03   5871.5 5.907E+02 1.243E+12 2.414E-02 2.010E-01 2.000E+05 0.000E+00 0.000E+00 7.663E+05
 7.21925472E-03   5880.6 7.219E+02 1.404E+12 2.664E-02 2.153E-01 2.000E+05 0.000E+00 0.000E+00 7.689E+05
 8.80486410E-03   5889.7 8.805E+02 1.584E+12 2.941E-02 2.309E-01 2.000E+05 0.000E+00 0.000E+00 7.714E+05
 1.07201954E-02   5898.8 1.072E+03 1.786E+12 3.247E-02 2.479E-01 2.000E+05 0.000E+00 0.000E+00 7.740E+05
 1.30344579E-02   5907.5 1.303E+03 2.009E+12 3.583E-02 2.666E-01 2.000E+05 0.000E+00 0.000E+00 7.765E+05
 1.58320016E-02   5916.0 1.583E+03 2.258E+12 3.951E-02 2.870E-01 2.000E+05 0.000E+00 0.000E+00 7.789E+05
 1.92163303E-02   5923.8 1.922E+03 2.533E+12 4.353E-02 3.092E-01 2.000E+05 0.000E+00 0.000E+00 7.813E+05
 2.33144883E-02   5931.0 2.331E+03 2.837E+12 4.792E-02 3.335E-01 2.000E+05 0.000E+00 0.000E+00 7.837E+05
 2.82846523E-02   5937.1 2.828E+03 3.169E+12 5.264E-02 3.600E-01 2.000E+05 0.000E+00 0.000E+00 7.859E+05
 3.43177818E-02   5942.9 3.432E+03 3.537E+12 5.783E-02 3.893E-01 2.000E+05 0.000E+00 0.000E+00 7.881E+05
 4.16438518E-02   5948.2 4.164E+03 3.944E+12 6.350E-02 4.218E-01 2.000E+05 0.000E+00 0.000E+00 7.901E+05
 5.05371317E-02   5953.8 5.054E+03 4.401E+12 6.980E-02 4.584E-01 2.000E+05 0.000E+00 0.000E+00 7.921E+05
 6.13188479E-02   5960.0 6.132E+03 4.918E+12 7.683E-02 4.998E-01 2.000E+05 0.000E+00 0.000E+00 7.940E+05
 7.43612376E-02   5967.7 7.436E+03 5.510E+12 8.482E-02 5.472E-01 2.000E+05 0.000E+00 0.000E+00 7.959E+05
 9.00862181E-02   5977.2 9.009E+03 6.198E+12 9.399E-02 6.018E-01 2.000E+05 0.000E+00 0.000E+00 7.977E+05
 1.08970101E-01   5989.3 1.090E+04 7.004E+12 1.046E-01 6.653E-01 2.000E+05 0.000E+00 0.000E+00 7.996E+05
 1.31531399E-01   6004.7 1.315E+04 7.966E+12 1.171E-01 7.401E-01 2.000E+05 0.000E+00 0.000E+00 8.015E+05
 1.58342079E-01   6023.5 1.583E+04 9.113E+12 1.317E-01 8.280E-01 2.000E+05 0.000E+00 0.000E+00 8.035E+05
 1.90005755E-01   6046.8 1.900E+04 1.051E+13 1.493E-01 9.337E-01 2.000E+05 0.000E+00 0.000E+00 8.056E+05
 2.27122868E-01   6075.4 2.271E+04 1.224E+13 1.705E-01 1.062E+00 2.000E+05 0.000E+00 0.000E+00 8.079E+05
 2.70253237E-01   6110.8 2.703E+04 1.441E+13 1.966E-01 1.220E+00 2.000E+05 0.000E+00 0.000E+00 8.104E+05
 3.19850610E-01   6154.0 3.198E+04 1.720E+13 2.293E-01 1.418E+00 2.000E+05 0.000E+00 0.000E+00 8.132E+05
 3.76155959E-01   6207.8 3.762E+04 2.089E+13 2.713E-01 1.674E+00 2.000E+05 0.000E+00 0.000E+00 8.164E+05
 4.39102397E-01   6273.7 4.391E+04 2.586E+13 3.262E-01 2.009E+00 2.000E+05 0.000E+00 0.000E+00 8.200E+05
 5.08270599E-01   6354.2 5.083E+04 3.274E+13 3.997E-01 2.459E+00 2.000E+05 0.000E+00 0.000E+00 8.241E+05
 5.82551099E-01   6455.3 5.825E+04 4.275E+13 5.031E-01 3.092E+00 2.000E+05 0.000E+00 0.000E+00 8.288E+05
 6.60437730E-01   6575.0 6.604E+04 5.714E+13 6.465E-01 3.974E+00 2.000E+05 0.000E+00 0.000E+00 8.338E+05
 7.40117101E-01   6720.4 7.401E+04 7.885E+13 8.556E-01 5.260E+00 2.000E+05 0.000E+00 0.000E+00 8.392E+05
 8.19060004E-01   6896.4 8.190E+04 1.127E+14 1.172E+00 7.212E+00 2.000E+05 4.880E+02 0.000E+00 8.447E+05
 8.94582483E-01   7106.6 8.946E+04 1.664E+14 1.664E+00 1.028E+01 2.000E+05 5.312E+04 2.388E+03 8.499E+05
 9.63887235E-01   7361.7 9.639E+04 2.560E+14 2.477E+00 1.538E+01 2.000E+05 2.260E+06 1.097E+04 8.545E+05
 1.02441852E+00   7668.5 1.024E+05 4.090E+14 3.888E+00 2.440E+01 2.000E+05 3.855E+07 3.662E+04 8.582E+05
 1.07362890E+00   8057.5 1.074E+05 6.953E+14 6.659E+00 4.200E+01 2.000E+05 2.340E+08 8.820E+04 8.620E+05
 1.11025481E+00   8521.8 1.110E+05 1.217E+15 1.221E+01 7.296E+01 2.000E+05 1.182E+09 1.413E+05 8.681E+05
 1.13798076E+00   8933.1 1.138E+05 1.895E+15 2.032E+01 9.972E+01 2.000E+05 3.313E+09 2.316E+05 8.771E+05
 1.16204040E+00   9239.8 1.162E+05 2.570E+15 2.920E+01 1.048E+02 2.000E+05 5.919E+09 2.749E+05 8.866E+05
 1.18533686E+00   9493.3 1.185E+05 3.256E+15 3.880E+01 9.821E+01 2.000E+05 8.185E+09 2.991E+05 8.962E+05
 1.20932048E+00   9715.7 1.209E+05 3.968E+15 4.920E+01 8.787E+01 2.000E+05 9.912E+09 3.120E+05 9.061E+05
 1.23493590E+00   9920.2 1.235E+05 4.722E+15 6.063E+01 7.803E+01 2.000E+05 1.114E+10 3.188E+05 9.163E+05
 1.26294523E+00  10113.9 1.263E+05 5.533E+15 7.330E+01 6.985E+01 2.000E+05 1.197E+10 3.215E+05 9.269E+05
 1.29406071E+00  10301.6 1.294E+05 6.416E+15 8.746E+01 6.349E+01 2.000E+05 1.253E+10 3.222E+05 9.380E+05
 1.32900538E+00  10486.8 1.329E+05 7.389E+15 1.034E+02 5.845E+01 2.000E+05 1.292E+10 3.216E+05 9.498E+05
 1.36856675E+00  10671.5 1.368E+05 8.467E+15 1.214E+02 5.434E+01 2.000E+05 1.321E+10 3.207E+05 9.623E+05
 1.41361131E+00  10858.8 1.413E+05 9.677E+15 1.419E+02 5.072E+01 2.000E+05 1.343E+10 3.188E+05 9.758E+05
 1.46515238E+00  11047.9 1.465E+05 1.103E+16 1.650E+02 4.774E+01 2.000E+05 1.359E+10 3.179E+05 9.901E+05
 1.52432075E+00  11245.3 1.524E+05 1.258E+16 1.915E+02 4.487E+01 2.000E+05 1.371E+10 3.147E+05 1.006E+06
 1.59272718E+00  11442.8 1.592E+05 1.429E+16 2.197E+02 4.240E+01 2.000E+05 1.382E+10 3.145E+05 1.022E+06
 1.67203975E+00  11659.3 1.672E+05 1.634E+16 2.533E+02 3.997E+01 2.000E+05 1.389E+10 3.105E+05 1.041E+06
 1.76436456E+00  11867.0 1.764E+05 1.854E+16 2.885E+02 3.968E+01 2.000E+05 1.397E+10 3.101E+05 1.060E+06
PRADK 4.2501E+00
BEGIN                    ITERATION  15 COMPLETED
