TEFF   4000.  GRAVITY 1.50000 LTE 
TITLE  [-4.0a] N(He)/Ntot=0.089 VTURB=2.0  L/H=1.25 NOVER                       
 OPACITY IFOP 1 1 1 1 1 1 1 1 1 1 1 1 1 0 1 0 0 0 0 0
 CONVECTION ON   1.25 TURBULENCE OFF  0.00  0.00  0.00  0.00
ABUNDANCE SCALE   0.00010 ABUNDANCE CHANGE 1 0.92160 2 0.07844
 ABUNDANCE CHANGE  3 -10.88  4 -10.89  5  -9.44  6  -3.49  7  -4.07  8  -2.77
 ABUNDANCE CHANGE  9  -7.44 10  -3.56 11  -5.71 12  -4.06 13  -5.57 14  -4.09
 ABUNDANCE CHANGE 15  -6.59 16  -4.34 17  -6.54 18  -5.14 19  -6.94 20  -5.28
 ABUNDANCE CHANGE 21  -8.86 22  -6.61 23  -8.04 24  -6.37 25  -6.65 26  -4.54
 ABUNDANCE CHANGE 27  -7.12 28  -5.79 29  -7.83 30  -7.44 31  -9.16 32  -8.63
 ABUNDANCE CHANGE 33  -9.67 34  -8.69 35  -9.41 36  -8.81 37  -9.44 38  -9.07
 ABUNDANCE CHANGE 39  -9.80 40  -9.44 41 -10.62 42 -10.12 43 -20.00 44 -10.20
 ABUNDANCE CHANGE 45 -10.92 46 -10.35 47 -11.10 48 -10.18 49 -10.58 50 -10.04
 ABUNDANCE CHANGE 51 -11.04 52  -9.80 53 -10.53 54  -9.81 55 -10.92 56  -9.91
 ABUNDANCE CHANGE 57 -10.87 58 -10.46 59 -11.33 60 -10.54 61 -20.00 62 -11.04
 ABUNDANCE CHANGE 63 -11.53 64 -10.92 65 -11.94 66 -10.94 67 -11.78 68 -11.11
 ABUNDANCE CHANGE 69 -12.04 70 -10.96 71 -11.28 72 -11.16 73 -11.91 74 -10.93
 ABUNDANCE CHANGE 75 -11.77 76 -10.59 77 -10.69 78 -10.24 79 -11.03 80 -10.95
 ABUNDANCE CHANGE 81 -11.14 82 -10.19 83 -11.33 84 -20.00 85 -20.00 86 -20.00
 ABUNDANCE CHANGE 87 -20.00 88 -20.00 89 -20.00 90 -11.92 91 -20.00 92 -12.51
 ABUNDANCE CHANGE 93 -20.00 94 -20.00 95 -20.00 96 -20.00 97 -20.00 98 -20.00
 ABUNDANCE CHANGE 99 -20.00
READ DECK6 72 RHOX,T,P,XNE,ABROSS,ACCRAD,VTURB, FLXCNV,VCONV,VELSND
 8.94332677E-02   2516.8 2.828E+00 9.461E+04 1.491E-06 3.905E-05 2.000E+05 0.000E+00 0.000E+00 5.125E+05
 1.17949490E-01   2529.6 3.730E+00 1.223E+05 1.628E-06 3.906E-05 2.000E+05 0.000E+00 0.000E+00 5.016E+05
 1.52698145E-01   2538.9 4.829E+00 1.541E+05 1.785E-06 3.908E-05 2.000E+05 0.000E+00 0.000E+00 4.923E+05
 1.95063100E-01   2549.1 6.168E+00 1.925E+05 1.948E-06 3.910E-05 2.000E+05 0.000E+00 0.000E+00 4.854E+05
 2.46887928E-01   2560.4 7.807E+00 2.394E+05 2.117E-06 3.912E-05 2.000E+05 0.000E+00 0.000E+00 4.804E+05
 3.10650654E-01   2573.0 9.824E+00 2.971E+05 2.291E-06 3.915E-05 2.000E+05 0.000E+00 0.000E+00 4.767E+05
 3.89048119E-01   2584.8 1.230E+01 3.666E+05 2.490E-06 3.917E-05 2.000E+05 0.000E+00 0.000E+00 4.734E+05
 4.85473401E-01   2598.2 1.535E+01 4.529E+05 2.692E-06 3.919E-05 2.000E+05 0.000E+00 0.000E+00 4.712E+05
 6.04514615E-01   2612.8 1.912E+01 5.599E+05 2.905E-06 3.921E-05 2.000E+05 0.000E+00 0.000E+00 4.697E+05
 7.52113629E-01   2629.2 2.378E+01 6.953E+05 3.118E-06 3.924E-05 2.000E+05 0.000E+00 0.000E+00 4.689E+05
 9.35056670E-01   2645.6 2.957E+01 8.621E+05 3.361E-06 3.926E-05 2.000E+05 0.000E+00 0.000E+00 4.683E+05
 1.16163551E+00   2662.9 3.673E+01 1.070E+06 3.612E-06 3.927E-05 2.000E+05 0.000E+00 0.000E+00 4.680E+05
 1.44326981E+00   2681.5 4.564E+01 1.333E+06 3.869E-06 3.929E-05 2.000E+05 0.000E+00 0.000E+00 4.682E+05
 1.79457709E+00   2701.8 5.675E+01 1.667E+06 4.129E-06 3.931E-05 2.000E+05 0.000E+00 0.000E+00 4.688E+05
 2.23438815E+00   2724.0 7.066E+01 2.094E+06 4.390E-06 3.934E-05 2.000E+05 0.000E+00 0.000E+00 4.699E+05
 2.78771020E+00   2748.9 8.815E+01 2.650E+06 4.643E-06 3.938E-05 2.000E+05 0.000E+00 0.000E+00 4.716E+05
 3.48477222E+00   2774.7 1.102E+02 3.362E+06 4.919E-06 3.940E-05 2.000E+05 0.000E+00 0.000E+00 4.734E+05
 4.36263441E+00   2801.8 1.380E+02 4.275E+06 5.205E-06 3.943E-05 2.000E+05 0.000E+00 0.000E+00 4.755E+05
 5.46985586E+00   2831.0 1.730E+02 5.460E+06 5.499E-06 3.948E-05 2.000E+05 0.000E+00 0.000E+00 4.780E+05
 6.86878824E+00   2862.9 2.172E+02 7.008E+06 5.799E-06 3.955E-05 2.000E+05 0.000E+00 0.000E+00 4.810E+05
 8.63823822E+00   2897.8 2.732E+02 9.044E+06 6.114E-06 3.962E-05 2.000E+05 0.000E+00 0.000E+00 4.846E+05
 1.08731029E+01   2934.2 3.438E+02 1.169E+07 6.465E-06 3.970E-05 2.000E+05 0.000E+00 0.000E+00 4.884E+05
 1.36874028E+01   2971.4 4.328E+02 1.511E+07 6.857E-06 3.982E-05 2.000E+05 0.000E+00 0.000E+00 4.923E+05
 1.72166244E+01   3009.5 5.444E+02 1.953E+07 7.310E-06 3.997E-05 2.000E+05 0.000E+00 0.000E+00 4.962E+05
 2.16213038E+01   3050.5 6.837E+02 2.534E+07 7.831E-06 4.014E-05 2.000E+05 0.000E+00 0.000E+00 5.008E+05
 2.70787662E+01   3088.3 8.563E+02 3.265E+07 8.465E-06 4.035E-05 2.000E+05 0.000E+00 0.000E+00 5.045E+05
 3.37892323E+01   3122.4 1.069E+03 4.174E+07 9.206E-06 4.065E-05 2.000E+05 0.000E+00 0.000E+00 5.074E+05
 4.19923195E+01   3153.4 1.328E+03 5.299E+07 1.007E-05 4.102E-05 2.000E+05 0.000E+00 0.000E+00 5.095E+05
 5.19674867E+01   3185.3 1.643E+03 6.732E+07 1.107E-05 4.147E-05 2.000E+05 0.000E+00 0.000E+00 5.118E+05
 6.40290418E+01   3210.2 2.025E+03 8.411E+07 1.224E-05 4.200E-05 2.000E+05 0.000E+00 0.000E+00 5.126E+05
 7.85429318E+01   3230.8 2.484E+03 1.038E+08 1.359E-05 4.266E-05 2.000E+05 0.000E+00 0.000E+00 5.124E+05
 9.59485161E+01   3248.2 3.034E+03 1.268E+08 1.513E-05 4.344E-05 2.000E+05 0.000E+00 0.000E+00 5.117E+05
 1.16775885E+02   3264.8 3.693E+03 1.540E+08 1.688E-05 4.435E-05 2.000E+05 0.000E+00 0.000E+00 5.109E+05
 1.41640990E+02   3279.6 4.479E+03 1.859E+08 1.888E-05 4.542E-05 2.000E+05 0.000E+00 0.000E+00 5.099E+05
 1.71228141E+02   3294.1 5.415E+03 2.235E+08 2.120E-05 4.666E-05 2.000E+05 0.000E+00 0.000E+00 5.088E+05
 2.06313053E+02   3307.7 6.524E+03 2.674E+08 2.388E-05 4.810E-05 2.000E+05 0.000E+00 0.000E+00 5.077E+05
 2.47800100E+02   3323.1 7.836E+03 3.204E+08 2.696E-05 4.980E-05 2.000E+05 0.000E+00 0.000E+00 5.070E+05
 2.96728190E+02   3337.7 9.383E+03 3.823E+08 3.052E-05 5.176E-05 2.000E+05 0.000E+00 0.000E+00 5.061E+05
 3.54397747E+02   3355.0 1.121E+04 4.585E+08 3.451E-05 5.410E-05 2.000E+05 0.000E+00 0.000E+00 5.058E+05
 4.22373260E+02   3373.9 1.336E+04 5.513E+08 3.908E-05 5.687E-05 2.000E+05 0.000E+00 0.000E+00 5.058E+05
 5.02206982E+02   3395.7 1.588E+04 6.672E+08 4.448E-05 6.025E-05 2.000E+05 0.000E+00 0.000E+00 5.064E+05
 5.95461725E+02   3421.0 1.883E+04 8.149E+08 5.094E-05 6.443E-05 2.000E+05 0.000E+00 0.000E+00 5.076E+05
 7.03570040E+02   3449.1 2.225E+04 1.003E+09 5.878E-05 6.965E-05 2.000E+05 0.000E+00 0.000E+00 5.094E+05
 8.28793767E+02   3485.2 2.621E+04 1.269E+09 6.754E-05 7.644E-05 2.000E+05 0.000E+00 0.000E+00 5.126E+05
 9.73805256E+02   3521.7 3.079E+04 1.613E+09 7.804E-05 8.505E-05 2.000E+05 0.000E+00 0.000E+00 5.159E+05
 1.13606049E+03   3576.7 3.593E+04 2.210E+09 9.696E-05 9.950E-05 2.000E+05 3.316E+05 0.000E+00 5.226E+05
 1.30274585E+03   3642.4 4.120E+04 3.188E+09 1.310E-04 1.225E-04 2.000E+05 1.782E+06 1.579E+04 5.315E+05
 1.46346400E+03   3708.9 4.628E+04 4.635E+09 1.842E-04 1.555E-04 2.000E+05 5.130E+06 2.352E+04 5.409E+05
 1.61498146E+03   3776.3 5.107E+04 6.771E+09 2.619E-04 2.015E-04 2.000E+05 1.122E+07 3.102E+04 5.509E+05
 1.75535298E+03   3850.0 5.551E+04 1.016E+10 3.822E-04 2.688E-04 2.000E+05 2.017E+07 3.912E+04 5.623E+05
 1.88173896E+03   3931.3 5.951E+04 1.568E+10 5.742E-04 3.689E-04 2.000E+05 3.246E+07 4.604E+04 5.757E+05
 1.99284805E+03   4019.7 6.302E+04 2.473E+10 8.791E-04 5.167E-04 2.000E+05 5.094E+07 5.521E+04 5.908E+05
 2.08851335E+03   4117.8 6.604E+04 4.012E+10 1.377E-03 7.392E-04 2.000E+05 7.637E+07 6.605E+04 6.081E+05
 2.16926683E+03   4225.9 6.860E+04 6.667E+10 2.190E-03 1.070E-03 2.000E+05 1.125E+08 7.635E+04 6.274E+05
 2.23685759E+03   4342.9 7.074E+04 1.122E+11 3.499E-03 1.546E-03 2.000E+05 1.637E+08 9.146E+04 6.477E+05
 2.29226937E+03   4476.9 7.249E+04 1.965E+11 5.753E-03 2.243E-03 2.000E+05 2.379E+08 1.046E+05 6.695E+05
 2.33816824E+03   4607.5 7.394E+04 3.290E+11 9.016E-03 2.971E-03 2.000E+05 3.492E+08 1.241E+05 6.887E+05
 2.37854007E+03   4726.8 7.522E+04 5.143E+11 1.322E-02 3.495E-03 2.000E+05 4.862E+08 1.417E+05 7.043E+05
 2.41644368E+03   4833.3 7.641E+04 7.528E+11 1.827E-02 3.714E-03 2.000E+05 6.274E+08 1.560E+05 7.170E+05
 2.45362265E+03   4934.6 7.759E+04 1.066E+12 2.448E-02 3.743E-03 2.000E+05 7.546E+08 1.683E+05 7.279E+05
 2.49110688E+03   5031.7 7.877E+04 1.469E+12 3.200E-02 3.641E-03 2.000E+05 8.572E+08 1.755E+05 7.376E+05
 2.52972257E+03   5126.3 8.000E+04 1.987E+12 4.110E-02 3.552E-03 2.000E+05 9.354E+08 1.827E+05 7.465E+05
 2.56990711E+03   5222.9 8.127E+04 2.675E+12 5.252E-02 3.460E-03 2.000E+05 9.900E+08 1.855E+05 7.550E+05
 2.61222680E+03   5316.5 8.260E+04 3.534E+12 6.601E-02 3.450E-03 2.000E+05 1.029E+09 1.893E+05 7.627E+05
 2.65690951E+03   5417.3 8.402E+04 4.720E+12 8.363E-02 3.481E-03 2.000E+05 1.055E+09 1.903E+05 7.707E+05
 2.70440382E+03   5513.8 8.552E+04 6.173E+12 1.041E-01 3.514E-03 2.000E+05 1.074E+09 1.921E+05 7.779E+05
 2.75486990E+03   5621.0 8.711E+04 8.226E+12 1.315E-01 3.637E-03 2.000E+05 1.089E+09 1.931E+05 7.856E+05
 2.80862879E+03   5723.9 8.881E+04 1.074E+13 1.634E-01 3.680E-03 2.000E+05 1.101E+09 1.931E+05 7.926E+05
 2.86588015E+03   5838.0 9.062E+04 1.428E+13 2.061E-01 3.861E-03 2.000E+05 1.111E+09 1.946E+05 8.000E+05
 2.92680796E+03   5949.8 9.255E+04 1.869E+13 2.568E-01 3.921E-03 2.000E+05 1.117E+09 1.934E+05 8.068E+05
 2.99167265E+03   6070.7 9.460E+04 2.474E+13 3.233E-01 4.098E-03 2.000E+05 1.126E+09 1.944E+05 8.138E+05
 3.06042937E+03   6191.8 9.678E+04 3.242E+13 4.042E-01 4.562E-03 2.000E+05 1.127E+09 1.938E+05 8.202E+05
PRADK 3.3667E-01
BEGIN                    ITERATION  15 COMPLETED
