TEFF   8000.  GRAVITY 3.00000 LTE 
TITLE  [-4.0a] N(He)/Ntot=0.089 VTURB=2.0  L/H=1.25 NOVER                       
 OPACITY IFOP 1 1 1 1 1 1 1 1 1 1 1 1 1 0 1 0 0 0 0 0
 CONVECTION ON   1.25 TURBULENCE OFF  0.00  0.00  0.00  0.00
ABUNDANCE SCALE   0.00010 ABUNDANCE CHANGE 1 0.92160 2 0.07844
 ABUNDANCE CHANGE  3 -10.88  4 -10.89  5  -9.44  6  -3.49  7  -4.07  8  -2.77
 ABUNDANCE CHANGE  9  -7.44 10  -3.56 11  -5.71 12  -4.06 13  -5.57 14  -4.09
 ABUNDANCE CHANGE 15  -6.59 16  -4.34 17  -6.54 18  -5.14 19  -6.94 20  -5.28
 ABUNDANCE CHANGE 21  -8.86 22  -6.61 23  -8.04 24  -6.37 25  -6.65 26  -4.54
 ABUNDANCE CHANGE 27  -7.12 28  -5.79 29  -7.83 30  -7.44 31  -9.16 32  -8.63
 ABUNDANCE CHANGE 33  -9.67 34  -8.69 35  -9.41 36  -8.81 37  -9.44 38  -9.07
 ABUNDANCE CHANGE 39  -9.80 40  -9.44 41 -10.62 42 -10.12 43 -20.00 44 -10.20
 ABUNDANCE CHANGE 45 -10.92 46 -10.35 47 -11.10 48 -10.18 49 -10.58 50 -10.04
 ABUNDANCE CHANGE 51 -11.04 52  -9.80 53 -10.53 54  -9.81 55 -10.92 56  -9.91
 ABUNDANCE CHANGE 57 -10.87 58 -10.46 59 -11.33 60 -10.54 61 -20.00 62 -11.04
 ABUNDANCE CHANGE 63 -11.53 64 -10.92 65 -11.94 66 -10.94 67 -11.78 68 -11.11
 ABUNDANCE CHANGE 69 -12.04 70 -10.96 71 -11.28 72 -11.16 73 -11.91 74 -10.93
 ABUNDANCE CHANGE 75 -11.77 76 -10.59 77 -10.69 78 -10.24 79 -11.03 80 -10.95
 ABUNDANCE CHANGE 81 -11.14 82 -10.19 83 -11.33 84 -20.00 85 -20.00 86 -20.00
 ABUNDANCE CHANGE 87 -20.00 88 -20.00 89 -20.00 90 -11.92 91 -20.00 92 -12.51
 ABUNDANCE CHANGE 93 -20.00 94 -20.00 95 -20.00 96 -20.00 97 -20.00 98 -20.00
 ABUNDANCE CHANGE 99 -20.00
READ DECK6 72 RHOX,T,P,XNE,ABROSS,ACCRAD,VTURB, FLXCNV,VCONV,VELSND
 6.25151721E-07   5655.9 6.241E-04 3.167E+08 2.133E-01 1.685E+00 2.000E+05 0.000E+00 0.000E+00 3.283E+07
 8.39413368E-07   5669.8 8.380E-04 4.097E+08 2.018E-01 1.598E+00 2.000E+05 0.000E+00 0.000E+00 2.760E+07
 1.14212330E-06   5686.6 1.140E-03 5.346E+08 1.900E-01 1.507E+00 2.000E+05 0.000E+00 0.000E+00 2.317E+07
 1.57238100E-06   5704.5 1.570E-03 7.015E+08 1.776E-01 1.411E+00 2.000E+05 0.000E+00 2.387E+08 1.940E+07
 2.19119231E-06   5720.1 2.188E-03 9.224E+08 1.638E-01 1.303E+00 2.000E+05 0.000E+00 1.468E+08 1.616E+07
 3.09628867E-06   5729.9 3.092E-03 1.210E+09 1.477E-01 1.180E+00 2.000E+05 0.000E+00 7.736E+07 1.336E+07
 4.45068847E-06   5735.4 4.445E-03 1.584E+09 1.302E-01 1.047E+00 2.000E+05 0.000E+00 3.542E+07 1.096E+07
 6.52423915E-06   5737.7 6.516E-03 2.071E+09 1.122E-01 9.114E-01 2.000E+05 0.000E+00 1.490E+07 8.929E+06
 9.76175187E-06   5740.2 9.751E-03 2.717E+09 9.532E-02 7.850E-01 2.000E+05 0.000E+00 1.858E+07 7.238E+06
 1.47931048E-05   5756.2 1.478E-02 3.642E+09 8.277E-02 6.917E-01 2.000E+05 0.000E+00 1.904E+07 5.886E+06
 2.24177626E-05   5781.7 2.240E-02 4.934E+09 7.341E-02 6.221E-01 2.000E+05 0.000E+00 1.209E+07 4.818E+06
 3.40430170E-05   5796.2 3.402E-02 6.524E+09 6.331E-02 5.471E-01 2.000E+05 0.000E+00 5.320E+06 3.954E+06
 5.21275183E-05   5808.1 5.209E-02 8.574E+09 5.405E-02 4.786E-01 2.000E+05 0.000E+00 2.196E+06 3.254E+06
 8.05529967E-05   5816.6 8.051E-02 1.119E+10 4.561E-02 4.171E-01 2.000E+05 0.000E+00 0.000E+00 2.689E+06
 1.25592426E-04   5824.2 1.255E-01 1.458E+10 3.833E-02 3.646E-01 2.000E+05 0.000E+00 0.000E+00 2.237E+06
 1.97024410E-04   5832.3 1.969E-01 1.899E+10 3.226E-02 3.215E-01 2.000E+05 0.000E+00 0.000E+00 1.879E+06
 3.10035057E-04   5840.6 3.099E-01 2.469E+10 2.725E-02 2.868E-01 2.000E+05 0.000E+00 0.000E+00 1.597E+06
 4.87056787E-04   5852.3 4.869E-01 3.222E+10 2.338E-02 2.609E-01 2.000E+05 0.000E+00 0.000E+00 1.379E+06
 7.60292221E-04   5865.5 7.601E-01 4.194E+10 2.035E-02 2.415E-01 2.000E+05 0.000E+00 0.000E+00 1.211E+06
 1.17361972E-03   5882.9 1.173E+00 5.470E+10 1.817E-02 2.289E-01 2.000E+05 0.000E+00 0.000E+00 1.083E+06
 1.78113297E-03   5905.2 1.781E+00 7.137E+10 1.673E-02 2.223E-01 2.000E+05 0.000E+00 0.000E+00 9.874E+05
 2.64559753E-03   5932.3 2.645E+00 9.296E+10 1.594E-02 2.210E-01 2.000E+05 0.000E+00 0.000E+00 9.165E+05
 3.83212555E-03   5965.3 3.831E+00 1.210E+11 1.577E-02 2.250E-01 2.000E+05 0.000E+00 0.000E+00 8.645E+05
 5.40377614E-03   6002.9 5.403E+00 1.567E+11 1.612E-02 2.334E-01 2.000E+05 0.000E+00 0.000E+00 8.268E+05
 7.42027750E-03   6044.5 7.419E+00 2.016E+11 1.698E-02 2.457E-01 2.000E+05 0.000E+00 0.000E+00 7.998E+05
 9.94998960E-03   6086.3 9.948E+00 2.561E+11 1.819E-02 2.603E-01 2.000E+05 0.000E+00 0.000E+00 7.805E+05
 1.30814482E-02   6127.4 1.308E+01 3.212E+11 1.969E-02 2.765E-01 2.000E+05 0.000E+00 0.000E+00 7.668E+05
 1.69421505E-02   6162.4 1.694E+01 3.942E+11 2.123E-02 2.914E-01 2.000E+05 0.000E+00 0.000E+00 7.572E+05
 2.17308415E-02   6191.5 2.173E+01 4.752E+11 2.276E-02 3.055E-01 2.000E+05 0.000E+00 0.000E+00 7.503E+05
 2.77238034E-02   6212.5 2.772E+01 5.617E+11 2.412E-02 3.177E-01 2.000E+05 0.000E+00 0.000E+00 7.455E+05
 3.52823572E-02   6228.6 3.527E+01 6.562E+11 2.547E-02 3.299E-01 2.000E+05 0.000E+00 0.000E+00 7.422E+05
 4.48250997E-02   6242.2 4.481E+01 7.619E+11 2.694E-02 3.430E-01 2.000E+05 0.000E+00 0.000E+00 7.402E+05
 5.67965535E-02   6256.6 5.678E+01 8.846E+11 2.877E-02 3.591E-01 2.000E+05 0.000E+00 0.000E+00 7.391E+05
 7.16810416E-02   6272.1 7.166E+01 1.027E+12 3.099E-02 3.782E-01 2.000E+05 0.000E+00 0.000E+00 7.389E+05
 9.00107118E-02   6289.9 8.998E+01 1.195E+12 3.372E-02 4.014E-01 2.000E+05 0.000E+00 0.000E+00 7.394E+05
 1.12376894E-01   6309.5 1.123E+02 1.390E+12 3.699E-02 4.285E-01 2.000E+05 0.000E+00 0.000E+00 7.404E+05
 1.39448762E-01   6331.6 1.394E+02 1.620E+12 4.091E-02 4.608E-01 2.000E+05 0.000E+00 0.000E+00 7.419E+05
 1.71987718E-01   6355.6 1.719E+02 1.889E+12 4.552E-02 4.982E-01 2.000E+05 0.000E+00 0.000E+00 7.437E+05
 2.10875709E-01   6381.8 2.108E+02 2.204E+12 5.093E-02 5.421E-01 2.000E+05 0.000E+00 0.000E+00 7.457E+05
 2.57100406E-01   6410.3 2.570E+02 2.575E+12 5.728E-02 5.938E-01 2.000E+05 0.000E+00 0.000E+00 7.479E+05
 3.11739389E-01   6441.5 3.116E+02 3.015E+12 6.480E-02 6.552E-01 2.000E+05 0.000E+00 0.000E+00 7.502E+05
 3.75917851E-01   6476.8 3.757E+02 3.544E+12 7.385E-02 7.298E-01 2.000E+05 0.000E+00 0.000E+00 7.526E+05
 4.50718218E-01   6516.4 4.505E+02 4.186E+12 8.482E-02 8.213E-01 2.000E+05 0.000E+00 0.000E+00 7.551E+05
 5.37114543E-01   6562.2 5.368E+02 4.981E+12 9.846E-02 9.365E-01 2.000E+05 0.000E+00 0.000E+00 7.576E+05
 6.35793446E-01   6615.4 6.354E+02 5.980E+12 1.157E-01 1.084E+00 2.000E+05 0.000E+00 0.000E+00 7.601E+05
 7.46833251E-01   6679.4 7.463E+02 7.282E+12 1.383E-01 1.279E+00 2.000E+05 0.000E+00 0.000E+00 7.626E+05
 8.69398141E-01   6756.3 8.687E+02 9.007E+12 1.688E-01 1.545E+00 2.000E+05 0.000E+00 0.000E+00 7.650E+05
 1.00171526E+00   6848.7 1.001E+03 1.134E+13 2.112E-01 1.917E+00 2.000E+05 0.000E+00 0.000E+00 7.676E+05
 1.14083207E+00   6959.7 1.140E+03 1.458E+13 2.717E-01 2.452E+00 2.000E+05 3.298E-05 0.000E+00 7.703E+05
 1.28288970E+00   7091.1 1.281E+03 1.912E+13 3.604E-01 3.239E+00 2.000E+05 5.674E-03 3.206E+01 7.736E+05
 1.42284104E+00   7250.6 1.421E+03 2.576E+13 4.986E-01 4.466E+00 2.000E+05 1.049E-01 1.683E+02 7.778E+05
 1.55441968E+00   7443.5 1.552E+03 3.573E+13 7.254E-01 6.482E+00 2.000E+05 2.072E+00 4.079E+02 7.839E+05
 1.67187539E+00   7673.6 1.668E+03 5.081E+13 1.113E+00 9.895E+00 2.000E+05 6.955E+01 1.052E+03 7.929E+05
 1.77112514E+00   7946.3 1.766E+03 7.393E+13 1.805E+00 1.591E+01 2.000E+05 3.679E+03 3.284E+03 8.066E+05
 1.85062402E+00   8264.2 1.844E+03 1.090E+14 3.075E+00 2.670E+01 2.000E+05 2.249E+05 1.196E+04 8.269E+05
 1.91169266E+00   8628.8 1.903E+03 1.607E+14 5.409E+00 4.589E+01 2.000E+05 5.179E+06 4.621E+04 8.568E+05
 1.95797482E+00   9037.5 1.946E+03 2.322E+14 9.465E+00 7.786E+01 2.000E+05 4.895E+07 1.290E+05 8.994E+05
 1.99385188E+00   9492.8 1.979E+03 3.229E+14 1.583E+01 1.255E+02 2.000E+05 1.571E+08 2.674E+05 9.589E+05
 2.02386342E+00   9984.3 2.004E+03 4.196E+14 2.369E+01 1.821E+02 2.000E+05 3.235E+08 3.467E+05 1.036E+06
 2.05318377E+00  10533.8 2.027E+03 5.050E+14 2.989E+01 2.257E+02 2.000E+05 3.691E+08 4.582E+05 1.129E+06
 2.08736572E+00  11147.9 2.053E+03 5.584E+14 3.101E+01 2.388E+02 2.000E+05 1.817E+08 2.764E+05 1.228E+06
 2.13685907E+00  11877.6 2.092E+03 5.776E+14 2.583E+01 2.028E+02 2.000E+05 2.383E+07 1.060E+05 1.336E+06
 2.22095325E+00  12661.8 2.161E+03 5.784E+14 1.922E+01 1.510E+02 2.000E+05 8.282E+05 1.827E+04 1.452E+06
 2.37625371E+00  13548.0 2.297E+03 5.826E+14 1.366E+01 1.073E+02 2.000E+05 2.767E+03 3.776E+03 1.569E+06
 2.66103634E+00  14477.5 2.556E+03 6.111E+14 1.023E+01 7.957E+01 2.000E+05 2.079E+01 1.405E+03 1.625E+06
 3.15142474E+00  15511.9 3.012E+03 6.779E+14 8.209E+00 6.372E+01 2.000E+05 2.504E+00 1.067E+03 1.646E+06
 3.92586008E+00  16601.2 3.740E+03 7.959E+14 7.239E+00 5.583E+01 2.000E+05 1.389E+00 8.926E+02 1.701E+06
 5.07072733E+00  17809.1 4.824E+03 9.673E+14 6.653E+00 5.132E+01 2.000E+05 4.556E-01 3.612E+02 1.808E+06
 6.70242001E+00  19088.1 6.374E+03 1.200E+15 6.314E+00 4.856E+01 2.000E+05 2.753E-02 0.000E+00 1.943E+06
 8.97686833E+00  20493.0 8.541E+03 1.502E+15 6.087E+00 4.688E+01 2.000E+05 0.000E+00 0.000E+00 2.079E+06
 1.20796897E+01  21990.2 1.150E+04 1.887E+15 6.023E+00 4.618E+01 2.000E+05 0.000E+00 0.000E+00 2.192E+06
 1.62148258E+01  23610.2 1.544E+04 2.362E+15 6.074E+00 4.535E+01 2.000E+05 0.000E+00 0.000E+00 2.290E+06
PRADK 5.4942E+00
BEGIN                    ITERATION  15 COMPLETED
