TEFF   5750.  GRAVITY 3.00000 LTE 
TITLE  [-4.0a] N(He)/Ntot=0.089 VTURB=2.0  L/H=1.25 NOVER                       
 OPACITY IFOP 1 1 1 1 1 1 1 1 1 1 1 1 1 0 1 0 0 0 0 0
 CONVECTION ON   1.25 TURBULENCE OFF  0.00  0.00  0.00  0.00
ABUNDANCE SCALE   0.00010 ABUNDANCE CHANGE 1 0.92160 2 0.07844
 ABUNDANCE CHANGE  3 -10.88  4 -10.89  5  -9.44  6  -3.49  7  -4.07  8  -2.77
 ABUNDANCE CHANGE  9  -7.44 10  -3.56 11  -5.71 12  -4.06 13  -5.57 14  -4.09
 ABUNDANCE CHANGE 15  -6.59 16  -4.34 17  -6.54 18  -5.14 19  -6.94 20  -5.28
 ABUNDANCE CHANGE 21  -8.86 22  -6.61 23  -8.04 24  -6.37 25  -6.65 26  -4.54
 ABUNDANCE CHANGE 27  -7.12 28  -5.79 29  -7.83 30  -7.44 31  -9.16 32  -8.63
 ABUNDANCE CHANGE 33  -9.67 34  -8.69 35  -9.41 36  -8.81 37  -9.44 38  -9.07
 ABUNDANCE CHANGE 39  -9.80 40  -9.44 41 -10.62 42 -10.12 43 -20.00 44 -10.20
 ABUNDANCE CHANGE 45 -10.92 46 -10.35 47 -11.10 48 -10.18 49 -10.58 50 -10.04
 ABUNDANCE CHANGE 51 -11.04 52  -9.80 53 -10.53 54  -9.81 55 -10.92 56  -9.91
 ABUNDANCE CHANGE 57 -10.87 58 -10.46 59 -11.33 60 -10.54 61 -20.00 62 -11.04
 ABUNDANCE CHANGE 63 -11.53 64 -10.92 65 -11.94 66 -10.94 67 -11.78 68 -11.11
 ABUNDANCE CHANGE 69 -12.04 70 -10.96 71 -11.28 72 -11.16 73 -11.91 74 -10.93
 ABUNDANCE CHANGE 75 -11.77 76 -10.59 77 -10.69 78 -10.24 79 -11.03 80 -10.95
 ABUNDANCE CHANGE 81 -11.14 82 -10.19 83 -11.33 84 -20.00 85 -20.00 86 -20.00
 ABUNDANCE CHANGE 87 -20.00 88 -20.00 89 -20.00 90 -11.92 91 -20.00 92 -12.51
 ABUNDANCE CHANGE 93 -20.00 94 -20.00 95 -20.00 96 -20.00 97 -20.00 98 -20.00
 ABUNDANCE CHANGE 99 -20.00
READ DECK6 72 RHOX,T,P,XNE,ABROSS,ACCRAD,VTURB, FLXCNV,VCONV,VELSND
 4.97647785E-04   4392.9 4.977E-01 3.647E+08 2.680E-04 2.602E-03 2.000E+05 0.000E+00 0.000E+00 1.545E+06
 6.70474847E-04   4395.4 6.705E-01 4.278E+08 2.467E-04 2.569E-03 2.000E+05 0.000E+00 0.000E+00 1.387E+06
 9.20378820E-04   4398.6 9.204E-01 5.078E+08 2.279E-04 2.541E-03 2.000E+05 0.000E+00 0.000E+00 1.246E+06
 1.27933449E-03   4403.3 1.279E+00 6.105E+08 2.127E-04 2.520E-03 2.000E+05 0.000E+00 0.000E+00 1.125E+06
 1.79071160E-03   4409.0 1.791E+00 7.396E+08 2.010E-04 2.505E-03 2.000E+05 0.000E+00 0.000E+00 1.026E+06
 2.50594866E-03   4416.6 2.506E+00 9.026E+08 1.933E-04 2.497E-03 2.000E+05 0.000E+00 0.000E+00 9.464E+05
 3.48819338E-03   4425.6 3.488E+00 1.105E+09 1.894E-04 2.496E-03 2.000E+05 0.000E+00 0.000E+00 8.856E+05
 4.81095068E-03   4436.0 4.811E+00 1.354E+09 1.893E-04 2.502E-03 2.000E+05 0.000E+00 0.000E+00 8.399E+05
 6.55821347E-03   4447.5 6.558E+00 1.656E+09 1.928E-04 2.514E-03 2.000E+05 0.000E+00 0.000E+00 8.062E+05
 8.82839610E-03   4459.2 8.828E+00 2.014E+09 1.992E-04 2.532E-03 2.000E+05 0.000E+00 0.000E+00 7.815E+05
 1.17382181E-02   4470.7 1.174E+01 2.433E+09 2.084E-04 2.555E-03 2.000E+05 0.000E+00 0.000E+00 7.635E+05
 1.54322030E-02   4480.9 1.543E+01 2.906E+09 2.197E-04 2.581E-03 2.000E+05 0.000E+00 0.000E+00 7.502E+05
 2.00899398E-02   4490.2 2.009E+01 3.440E+09 2.332E-04 2.612E-03 2.000E+05 0.000E+00 0.000E+00 7.404E+05
 2.59048384E-02   4500.5 2.590E+01 4.069E+09 2.506E-04 2.650E-03 2.000E+05 0.000E+00 0.000E+00 7.333E+05
 3.30918111E-02   4510.8 3.309E+01 4.790E+09 2.712E-04 2.694E-03 2.000E+05 0.000E+00 0.000E+00 7.282E+05
 4.19161731E-02   4521.1 4.192E+01 5.614E+09 2.954E-04 2.745E-03 2.000E+05 0.000E+00 0.000E+00 7.244E+05
 5.26904466E-02   4531.4 5.269E+01 6.552E+09 3.234E-04 2.803E-03 2.000E+05 0.000E+00 0.000E+00 7.218E+05
 6.58011718E-02   4541.0 6.580E+01 7.601E+09 3.547E-04 2.868E-03 2.000E+05 0.000E+00 0.000E+00 7.198E+05
 8.17215245E-02   4550.2 8.172E+01 8.779E+09 3.899E-04 2.940E-03 2.000E+05 0.000E+00 0.000E+00 7.185E+05
 1.01017856E-01   4559.0 1.010E+02 1.010E+10 4.292E-04 3.021E-03 2.000E+05 0.000E+00 0.000E+00 7.175E+05
 1.24400631E-01   4566.9 1.244E+02 1.155E+10 4.724E-04 3.110E-03 2.000E+05 0.000E+00 0.000E+00 7.169E+05
 1.52677674E-01   4575.4 1.527E+02 1.322E+10 5.219E-04 3.209E-03 2.000E+05 0.000E+00 0.000E+00 7.166E+05
 1.86756397E-01   4584.2 1.868E+02 1.512E+10 5.781E-04 3.320E-03 2.000E+05 0.000E+00 0.000E+00 7.165E+05
 2.27818239E-01   4592.0 2.278E+02 1.721E+10 6.391E-04 3.441E-03 2.000E+05 0.000E+00 0.000E+00 7.165E+05
 2.77397643E-01   4598.9 2.774E+02 1.949E+10 7.053E-04 3.574E-03 2.000E+05 0.000E+00 0.000E+00 7.165E+05
 3.37300912E-01   4605.4 3.373E+02 2.202E+10 7.784E-04 3.722E-03 2.000E+05 0.000E+00 0.000E+00 7.167E+05
 4.09762427E-01   4610.9 4.098E+02 2.478E+10 8.573E-04 3.884E-03 2.000E+05 0.000E+00 0.000E+00 7.168E+05
 4.97447260E-01   4616.4 4.974E+02 2.788E+10 9.453E-04 4.065E-03 2.000E+05 0.000E+00 0.000E+00 7.170E+05
 6.03573925E-01   4621.2 6.036E+02 3.126E+10 1.041E-03 4.264E-03 2.000E+05 0.000E+00 0.000E+00 7.172E+05
 7.32000561E-01   4626.1 7.320E+02 3.507E+10 1.148E-03 4.486E-03 2.000E+05 0.000E+00 0.000E+00 7.174E+05
 8.87370967E-01   4630.6 8.874E+02 3.927E+10 1.265E-03 4.732E-03 2.000E+05 0.000E+00 0.000E+00 7.176E+05
 1.07520837E+00   4635.5 1.075E+03 4.403E+10 1.396E-03 5.009E-03 2.000E+05 0.000E+00 0.000E+00 7.178E+05
 1.30217264E+00   4640.1 1.302E+03 4.929E+10 1.541E-03 5.315E-03 2.000E+05 0.000E+00 0.000E+00 7.181E+05
 1.57607451E+00   4645.4 1.576E+03 5.530E+10 1.705E-03 5.663E-03 2.000E+05 0.000E+00 0.000E+00 7.184E+05
 1.90617253E+00   4650.7 1.906E+03 6.203E+10 1.887E-03 6.052E-03 2.000E+05 0.000E+00 0.000E+00 7.187E+05
 2.30324608E+00   4657.0 2.303E+03 6.980E+10 2.095E-03 6.497E-03 2.000E+05 0.000E+00 0.000E+00 7.190E+05
 2.77977055E+00   4663.9 2.780E+03 7.866E+10 2.330E-03 7.001E-03 2.000E+05 0.000E+00 0.000E+00 7.194E+05
 3.34995255E+00   4672.2 3.350E+03 8.902E+10 2.602E-03 7.585E-03 2.000E+05 0.000E+00 0.000E+00 7.198E+05
 4.02952995E+00   4682.0 4.030E+03 1.012E+11 2.917E-03 8.264E-03 2.000E+05 0.000E+00 0.000E+00 7.203E+05
 4.83554186E+00   4693.8 4.836E+03 1.157E+11 3.289E-03 9.063E-03 2.000E+05 0.000E+00 0.000E+00 7.210E+05
 5.78581684E+00   4708.1 5.786E+03 1.333E+11 3.732E-03 1.002E-02 2.000E+05 0.000E+00 0.000E+00 7.219E+05
 6.89814066E+00   4725.7 6.898E+03 1.551E+11 4.269E-03 1.117E-02 2.000E+05 0.000E+00 0.000E+00 7.229E+05
 8.18859835E+00   4747.2 8.189E+03 1.825E+11 4.931E-03 1.259E-02 2.000E+05 0.000E+00 0.000E+00 7.243E+05
 9.66974146E+00   4773.7 9.670E+03 2.177E+11 5.763E-03 1.436E-02 2.000E+05 0.000E+00 0.000E+00 7.261E+05
 1.13475204E+01   4806.4 1.135E+04 2.644E+11 6.836E-03 1.664E-02 2.000E+05 0.000E+00 0.000E+00 7.283E+05
 1.32182458E+01   4846.6 1.322E+04 3.277E+11 8.245E-03 1.963E-02 2.000E+05 0.000E+00 0.000E+00 7.312E+05
 1.52673967E+01   4895.5 1.527E+04 4.154E+11 1.013E-02 2.361E-02 2.000E+05 0.000E+00 0.000E+00 7.348E+05
 1.74703719E+01   4954.4 1.747E+04 5.397E+11 1.269E-02 2.900E-02 2.000E+05 0.000E+00 0.000E+00 7.392E+05
 1.97865023E+01   5026.1 1.979E+04 7.236E+11 1.630E-02 3.657E-02 2.000E+05 0.000E+00 0.000E+00 7.445E+05
 2.21538939E+01   5114.7 2.215E+04 1.009E+12 2.161E-02 4.765E-02 2.000E+05 0.000E+00 0.000E+00 7.511E+05
 2.45008377E+01   5221.3 2.450E+04 1.462E+12 2.949E-02 6.407E-02 2.000E+05 0.000E+00 0.000E+00 7.589E+05
 2.67600870E+01   5348.4 2.676E+04 2.201E+12 4.148E-02 8.899E-02 2.000E+05 9.227E+00 0.000E+00 7.679E+05
 2.88677245E+01   5499.7 2.887E+04 3.455E+12 6.028E-02 1.280E-01 2.000E+05 2.121E+03 8.972E+02 7.780E+05
 3.07677202E+01   5679.8 3.077E+04 5.667E+12 9.077E-02 1.914E-01 2.000E+05 6.559E+04 5.412E+03 7.893E+05
 3.24203991E+01   5892.1 3.242E+04 9.686E+12 1.417E-01 2.970E-01 2.000E+05 1.234E+06 1.651E+04 8.012E+05
 3.38058350E+01   6141.6 3.380E+04 1.722E+13 2.298E-01 4.804E-01 2.000E+05 9.227E+06 4.301E+04 8.130E+05
 3.49173978E+01   6438.3 3.491E+04 3.202E+13 3.918E-01 8.153E-01 2.000E+05 3.817E+07 7.863E+04 8.237E+05
 3.57535960E+01   6797.3 3.575E+04 6.271E+13 7.153E-01 1.439E+00 2.000E+05 2.383E+08 1.158E+05 8.316E+05
 3.63647401E+01   7165.6 3.636E+04 1.163E+14 1.282E+00 2.247E+00 2.000E+05 8.620E+08 2.260E+05 8.352E+05
 3.68481164E+01   7468.8 3.684E+04 1.846E+14 2.035E+00 2.689E+00 2.000E+05 1.826E+09 2.998E+05 8.367E+05
 3.72765993E+01   7712.2 3.727E+04 2.607E+14 2.919E+00 2.680E+00 2.000E+05 2.742E+09 3.344E+05 8.380E+05
 3.76885849E+01   7917.4 3.768E+04 3.432E+14 3.933E+00 2.482E+00 2.000E+05 3.411E+09 3.496E+05 8.398E+05
 3.81047826E+01   8098.9 3.810E+04 4.328E+14 5.101E+00 2.269E+00 2.000E+05 3.860E+09 3.556E+05 8.422E+05
 3.85389459E+01   8265.1 3.853E+04 5.306E+14 6.440E+00 2.084E+00 2.000E+05 4.155E+09 3.562E+05 8.451E+05
 3.90018763E+01   8421.2 3.899E+04 6.381E+14 7.990E+00 1.935E+00 2.000E+05 4.353E+09 3.544E+05 8.487E+05
 3.95024717E+01   8571.3 3.949E+04 7.572E+14 9.800E+00 1.811E+00 2.000E+05 4.490E+09 3.513E+05 8.528E+05
 4.00492816E+01   8717.1 4.004E+04 8.894E+14 1.191E+01 1.700E+00 2.000E+05 4.593E+09 3.473E+05 8.575E+05
 4.06515392E+01   8861.2 4.064E+04 1.038E+15 1.438E+01 1.605E+00 2.000E+05 4.665E+09 3.438E+05 8.627E+05
 4.13183736E+01   9005.3 4.130E+04 1.205E+15 1.728E+01 1.506E+00 2.000E+05 4.723E+09 3.383E+05 8.686E+05
 4.20606896E+01   9147.3 4.204E+04 1.390E+15 2.064E+01 1.432E+00 2.000E+05 4.770E+09 3.362E+05 8.750E+05
 4.28871594E+01   9295.7 4.287E+04 1.606E+15 2.474E+01 1.349E+00 2.000E+05 4.796E+09 3.293E+05 8.824E+05
 4.38146928E+01   9436.1 4.380E+04 1.835E+15 2.918E+01 1.364E+00 2.000E+05 4.829E+09 3.277E+05 8.899E+05
PRADK 1.4643E+00
BEGIN                    ITERATION  15 COMPLETED
