TEFF   4250.  GRAVITY 3.50000 LTE 
TITLE  [-4.0a] N(He)/Ntot=0.089 VTURB=2.0  L/H=1.25 NOVER                       
 OPACITY IFOP 1 1 1 1 1 1 1 1 1 1 1 1 1 0 1 0 0 0 0 0
 CONVECTION ON   1.25 TURBULENCE OFF  0.00  0.00  0.00  0.00
ABUNDANCE SCALE   0.00010 ABUNDANCE CHANGE 1 0.92160 2 0.07844
 ABUNDANCE CHANGE  3 -10.88  4 -10.89  5  -9.44  6  -3.49  7  -4.07  8  -2.77
 ABUNDANCE CHANGE  9  -7.44 10  -3.56 11  -5.71 12  -4.06 13  -5.57 14  -4.09
 ABUNDANCE CHANGE 15  -6.59 16  -4.34 17  -6.54 18  -5.14 19  -6.94 20  -5.28
 ABUNDANCE CHANGE 21  -8.86 22  -6.61 23  -8.04 24  -6.37 25  -6.65 26  -4.54
 ABUNDANCE CHANGE 27  -7.12 28  -5.79 29  -7.83 30  -7.44 31  -9.16 32  -8.63
 ABUNDANCE CHANGE 33  -9.67 34  -8.69 35  -9.41 36  -8.81 37  -9.44 38  -9.07
 ABUNDANCE CHANGE 39  -9.80 40  -9.44 41 -10.62 42 -10.12 43 -20.00 44 -10.20
 ABUNDANCE CHANGE 45 -10.92 46 -10.35 47 -11.10 48 -10.18 49 -10.58 50 -10.04
 ABUNDANCE CHANGE 51 -11.04 52  -9.80 53 -10.53 54  -9.81 55 -10.92 56  -9.91
 ABUNDANCE CHANGE 57 -10.87 58 -10.46 59 -11.33 60 -10.54 61 -20.00 62 -11.04
 ABUNDANCE CHANGE 63 -11.53 64 -10.92 65 -11.94 66 -10.94 67 -11.78 68 -11.11
 ABUNDANCE CHANGE 69 -12.04 70 -10.96 71 -11.28 72 -11.16 73 -11.91 74 -10.93
 ABUNDANCE CHANGE 75 -11.77 76 -10.59 77 -10.69 78 -10.24 79 -11.03 80 -10.95
 ABUNDANCE CHANGE 81 -11.14 82 -10.19 83 -11.33 84 -20.00 85 -20.00 86 -20.00
 ABUNDANCE CHANGE 87 -20.00 88 -20.00 89 -20.00 90 -11.92 91 -20.00 92 -12.51
 ABUNDANCE CHANGE 93 -20.00 94 -20.00 95 -20.00 96 -20.00 97 -20.00 98 -20.00
 ABUNDANCE CHANGE 99 -20.00
READ DECK6 72 RHOX,T,P,XNE,ABROSS,ACCRAD,VTURB, FLXCNV,VCONV,VELSND
 2.43069432E-02   3302.3 7.686E+01 1.304E+07 5.486E-06 9.758E-05 2.000E+05 0.000E+00 0.000E+00 6.017E+05
 3.21434474E-02   3310.5 1.016E+02 1.610E+07 5.865E-06 9.784E-05 2.000E+05 0.000E+00 0.000E+00 6.000E+05
 4.19493134E-02   3316.0 1.327E+02 1.942E+07 6.232E-06 9.814E-05 2.000E+05 0.000E+00 0.000E+00 5.978E+05
 5.42178551E-02   3323.5 1.715E+02 2.360E+07 6.661E-06 9.848E-05 2.000E+05 0.000E+00 0.000E+00 5.957E+05
 6.94948050E-02   3331.6 2.198E+02 2.864E+07 7.137E-06 9.887E-05 2.000E+05 0.000E+00 0.000E+00 5.935E+05
 8.85030041E-02   3339.5 2.799E+02 3.460E+07 7.653E-06 9.930E-05 2.000E+05 0.000E+00 0.000E+00 5.910E+05
 1.12090655E-01   3348.4 3.545E+02 4.192E+07 8.241E-06 9.980E-05 2.000E+05 0.000E+00 0.000E+00 5.885E+05
 1.41280845E-01   3357.0 4.468E+02 5.055E+07 8.884E-06 1.004E-04 2.000E+05 0.000E+00 0.000E+00 5.856E+05
 1.77325920E-01   3366.2 5.607E+02 6.097E+07 9.610E-06 1.010E-04 2.000E+05 0.000E+00 0.000E+00 5.826E+05
 2.21715566E-01   3375.2 7.011E+02 7.332E+07 1.042E-05 1.018E-04 2.000E+05 0.000E+00 0.000E+00 5.794E+05
 2.76259583E-01   3384.4 8.736E+02 8.804E+07 1.132E-05 1.027E-04 2.000E+05 0.000E+00 0.000E+00 5.760E+05
 3.43073622E-01   3393.6 1.085E+03 1.056E+08 1.234E-05 1.036E-04 2.000E+05 0.000E+00 0.000E+00 5.725E+05
 4.24696350E-01   3402.6 1.343E+03 1.261E+08 1.349E-05 1.048E-04 2.000E+05 0.000E+00 0.000E+00 5.688E+05
 5.24099221E-01   3411.8 1.657E+03 1.505E+08 1.479E-05 1.061E-04 2.000E+05 0.000E+00 0.000E+00 5.652E+05
 6.44769893E-01   3420.9 2.039E+03 1.791E+08 1.627E-05 1.076E-04 2.000E+05 0.000E+00 0.000E+00 5.615E+05
 7.90839150E-01   3430.0 2.501E+03 2.128E+08 1.796E-05 1.093E-04 2.000E+05 0.000E+00 0.000E+00 5.579E+05
 9.66993896E-01   3439.5 3.058E+03 2.527E+08 1.989E-05 1.112E-04 2.000E+05 0.000E+00 0.000E+00 5.544E+05
 1.17885921E+00   3448.6 3.728E+03 2.989E+08 2.209E-05 1.133E-04 2.000E+05 0.000E+00 0.000E+00 5.510E+05
 1.43227690E+00   3459.4 4.529E+03 3.555E+08 2.472E-05 1.159E-04 2.000E+05 0.000E+00 0.000E+00 5.482E+05
 1.73548170E+00   3466.7 5.488E+03 4.152E+08 2.745E-05 1.185E-04 2.000E+05 0.000E+00 0.000E+00 5.447E+05
 2.09655767E+00   3480.0 6.630E+03 4.971E+08 3.097E-05 1.216E-04 2.000E+05 0.000E+00 0.000E+00 5.426E+05
 2.52595815E+00   3488.2 7.988E+03 5.806E+08 3.453E-05 1.248E-04 2.000E+05 0.000E+00 0.000E+00 5.397E+05
 3.03775422E+00   3498.0 9.606E+03 6.822E+08 3.875E-05 1.284E-04 2.000E+05 0.000E+00 0.000E+00 5.372E+05
 3.64627535E+00   3506.6 1.153E+04 7.959E+08 4.341E-05 1.325E-04 2.000E+05 0.000E+00 0.000E+00 5.346E+05
 4.37011763E+00   3515.1 1.382E+04 9.271E+08 4.870E-05 1.370E-04 2.000E+05 0.000E+00 0.000E+00 5.321E+05
 5.23059322E+00   3522.9 1.654E+04 1.075E+09 5.462E-05 1.420E-04 2.000E+05 0.000E+00 0.000E+00 5.295E+05
 6.25378020E+00   3529.9 1.978E+04 1.243E+09 6.125E-05 1.475E-04 2.000E+05 0.000E+00 0.000E+00 5.269E+05
 7.47049193E+00   3536.2 2.362E+04 1.431E+09 6.868E-05 1.536E-04 2.000E+05 0.000E+00 0.000E+00 5.242E+05
 8.91734389E+00   3541.7 2.820E+04 1.642E+09 7.703E-05 1.602E-04 2.000E+05 0.000E+00 0.000E+00 5.214E+05
 1.06376324E+01   3546.7 3.364E+04 1.880E+09 8.640E-05 1.675E-04 2.000E+05 0.000E+00 0.000E+00 5.185E+05
 1.26818806E+01   3551.4 4.010E+04 2.151E+09 9.701E-05 1.756E-04 2.000E+05 0.000E+00 0.000E+00 5.156E+05
 1.51077252E+01   3555.8 4.777E+04 2.457E+09 1.091E-04 1.845E-04 2.000E+05 0.000E+00 0.000E+00 5.125E+05
 1.79803468E+01   3560.0 5.686E+04 2.806E+09 1.230E-04 1.944E-04 2.000E+05 0.000E+00 0.000E+00 5.094E+05
 2.13728423E+01   3564.5 6.759E+04 3.207E+09 1.391E-04 2.053E-04 2.000E+05 0.000E+00 0.000E+00 5.063E+05
 2.53664667E+01   3569.8 8.022E+04 3.672E+09 1.578E-04 2.176E-04 2.000E+05 0.000E+00 0.000E+00 5.033E+05
 3.00621074E+01   3573.8 9.506E+04 4.186E+09 1.790E-04 2.308E-04 2.000E+05 0.000E+00 0.000E+00 4.999E+05
 3.55704032E+01   3583.1 1.125E+05 4.848E+09 2.039E-04 2.470E-04 2.000E+05 0.000E+00 0.000E+00 4.975E+05
 4.20353393E+01   3589.3 1.329E+05 5.557E+09 2.312E-04 2.637E-04 2.000E+05 0.000E+00 0.000E+00 4.944E+05
 4.95714683E+01   3611.3 1.568E+05 6.677E+09 2.680E-04 2.903E-04 2.000E+05 1.030E+05 0.000E+00 4.944E+05
 5.78908265E+01   3667.3 1.831E+05 8.948E+09 3.369E-04 3.475E-04 2.000E+05 2.060E+05 5.745E+03 5.009E+05
 6.66419270E+01   3720.1 2.107E+05 1.191E+10 4.285E-04 4.217E-04 2.000E+05 2.904E+06 0.000E+00 5.070E+05
 7.58203868E+01   3770.0 2.398E+05 1.573E+10 5.446E-04 5.140E-04 2.000E+05 5.685E+06 1.628E+04 5.128E+05
 8.54020204E+01   3821.1 2.701E+05 2.091E+10 6.961E-04 6.327E-04 2.000E+05 3.369E+06 4.924E+03 5.189E+05
 9.55356148E+01   3865.7 3.021E+05 2.705E+10 8.680E-04 7.619E-04 2.000E+05 1.235E+07 8.110E+03 5.239E+05
 1.06238674E+02   3915.3 3.360E+05 3.578E+10 1.112E-03 9.386E-04 2.000E+05 2.827E+07 2.430E+04 5.299E+05
 1.17404210E+02   3962.7 3.713E+05 4.677E+10 1.417E-03 1.147E-03 2.000E+05 3.808E+07 1.800E+04 5.355E+05
 1.29125842E+02   4008.6 4.083E+05 6.055E+10 1.797E-03 1.390E-03 2.000E+05 6.360E+07 2.658E+04 5.409E+05
 1.41336181E+02   4058.2 4.470E+05 7.949E+10 2.316E-03 1.699E-03 2.000E+05 9.601E+07 3.000E+04 5.469E+05
 1.54065998E+02   4105.0 4.872E+05 1.027E+11 2.944E-03 2.033E-03 2.000E+05 1.326E+08 3.100E+04 5.525E+05
 1.67350617E+02   4155.1 5.292E+05 1.339E+11 3.783E-03 2.430E-03 2.000E+05 1.901E+08 3.665E+04 5.587E+05
 1.81154837E+02   4205.4 5.729E+05 1.742E+11 4.847E-03 2.855E-03 2.000E+05 2.565E+08 3.913E+04 5.649E+05
 1.95503161E+02   4257.5 6.183E+05 2.271E+11 6.227E-03 3.303E-03 2.000E+05 3.375E+08 4.270E+04 5.714E+05
 2.10399301E+02   4311.1 6.654E+05 2.963E+11 7.997E-03 3.740E-03 2.000E+05 4.378E+08 4.662E+04 5.781E+05
 2.25843135E+02   4366.9 7.142E+05 3.881E+11 1.030E-02 4.138E-03 2.000E+05 5.456E+08 4.971E+04 5.852E+05
 2.41858132E+02   4423.9 7.648E+05 5.076E+11 1.323E-02 4.443E-03 2.000E+05 6.672E+08 5.295E+04 5.924E+05
 2.58459546E+02   4483.6 8.173E+05 6.669E+11 1.704E-02 4.648E-03 2.000E+05 7.896E+08 5.647E+04 6.001E+05
 2.75652903E+02   4545.2 8.717E+05 8.769E+11 2.192E-02 4.727E-03 2.000E+05 9.092E+08 5.820E+04 6.081E+05
 2.93502265E+02   4608.5 9.282E+05 1.153E+12 2.814E-02 4.715E-03 2.000E+05 1.022E+09 6.184E+04 6.164E+05
 3.11987616E+02   4676.1 9.866E+05 1.529E+12 3.630E-02 4.664E-03 2.000E+05 1.115E+09 6.235E+04 6.253E+05
 3.31203130E+02   4743.4 1.047E+06 2.009E+12 4.637E-02 4.609E-03 2.000E+05 1.199E+09 6.538E+04 6.341E+05
 3.51109038E+02   4817.7 1.110E+06 2.687E+12 6.003E-02 4.610E-03 2.000E+05 1.262E+09 6.558E+04 6.441E+05
 3.71795392E+02   4889.9 1.176E+06 3.537E+12 7.648E-02 4.630E-03 2.000E+05 1.312E+09 6.758E+04 6.536E+05
 3.93240267E+02   4971.1 1.244E+06 4.760E+12 9.912E-02 4.746E-03 2.000E+05 1.351E+09 6.784E+04 6.645E+05
 4.15528677E+02   5049.3 1.314E+06 6.288E+12 1.261E-01 4.858E-03 2.000E+05 1.377E+09 6.914E+04 6.749E+05
 4.38657286E+02   5137.8 1.387E+06 8.502E+12 1.634E-01 5.169E-03 2.000E+05 1.394E+09 6.928E+04 6.867E+05
 4.62712523E+02   5223.1 1.463E+06 1.128E+13 2.077E-01 5.314E-03 2.000E+05 1.412E+09 7.016E+04 6.977E+05
 4.87709569E+02   5319.4 1.542E+06 1.531E+13 2.687E-01 5.700E-03 2.000E+05 1.420E+09 7.065E+04 7.102E+05
 5.13727672E+02   5412.7 1.625E+06 2.040E+13 3.415E-01 5.909E-03 2.000E+05 1.430E+09 7.049E+04 7.219E+05
 5.40830571E+02   5516.5 1.710E+06 2.769E+13 4.399E-01 6.358E-03 2.000E+05 1.440E+09 7.194E+04 7.346E+05
 5.69071550E+02   5619.4 1.800E+06 3.711E+13 5.598E-01 6.606E-03 2.000E+05 1.439E+09 7.063E+04 7.467E+05
 5.98586022E+02   5730.0 1.893E+06 5.020E+13 7.163E-01 7.038E-03 2.000E+05 1.454E+09 7.226E+04 7.593E+05
 6.29328442E+02   5842.6 1.990E+06 6.750E+13 9.108E-01 8.038E-03 2.000E+05 1.444E+09 7.161E+04 7.715E+05
PRADK 4.2298E-01
BEGIN                    ITERATION  15 COMPLETED
