TEFF   4750.  GRAVITY 0.00000 LTE 
TITLE  [-4.0a] N(He)/Ntot=0.0784 VTURB=2.0  L/H=1.25 NOVER                      
 OPACITY IFOP 1 1 1 1 1 1 1 1 1 1 1 1 1 0 1 0 0 0 0 0
 CONVECTION ON   1.25 TURBULENCE OFF  0.00  0.00  0.00  0.00
ABUNDANCE SCALE   0.00010 ABUNDANCE CHANGE 1 0.92160 2 0.07844
 ABUNDANCE CHANGE  3 -10.88  4 -10.89  5  -9.44  6  -3.49  7  -4.07  8  -2.77
 ABUNDANCE CHANGE  9  -7.44 10  -3.56 11  -5.71 12  -4.06 13  -5.57 14  -4.09
 ABUNDANCE CHANGE 15  -6.59 16  -4.34 17  -6.54 18  -5.14 19  -6.94 20  -5.28
 ABUNDANCE CHANGE 21  -8.86 22  -6.61 23  -8.04 24  -6.37 25  -6.65 26  -4.54
 ABUNDANCE CHANGE 27  -7.12 28  -5.79 29  -7.83 30  -7.44 31  -9.16 32  -8.63
 ABUNDANCE CHANGE 33  -9.67 34  -8.69 35  -9.41 36  -8.81 37  -9.44 38  -9.07
 ABUNDANCE CHANGE 39  -9.80 40  -9.44 41 -10.62 42 -10.12 43 -20.00 44 -10.20
 ABUNDANCE CHANGE 45 -10.92 46 -10.35 47 -11.10 48 -10.18 49 -10.58 50 -10.04
 ABUNDANCE CHANGE 51 -11.04 52  -9.80 53 -10.53 54  -9.81 55 -10.92 56  -9.91
 ABUNDANCE CHANGE 57 -10.87 58 -10.46 59 -11.33 60 -10.54 61 -20.00 62 -11.04
 ABUNDANCE CHANGE 63 -11.53 64 -10.92 65 -11.94 66 -10.94 67 -11.78 68 -11.11
 ABUNDANCE CHANGE 69 -12.04 70 -10.96 71 -11.28 72 -11.16 73 -11.91 74 -10.93
 ABUNDANCE CHANGE 75 -11.77 76 -10.59 77 -10.69 78 -10.24 79 -11.03 80 -10.95
 ABUNDANCE CHANGE 81 -11.14 82 -10.19 83 -11.33 84 -20.00 85 -20.00 86 -20.00
 ABUNDANCE CHANGE 87 -20.00 88 -20.00 89 -20.00 90 -11.92 91 -20.00 92 -12.51
 ABUNDANCE CHANGE 93 -20.00 94 -20.00 95 -20.00 96 -20.00 97 -20.00 98 -20.00
 ABUNDANCE CHANGE 99 -20.00
READ DECK6 72 RHOX,T,P,XNE,ABROSS,ACCRAD,VTURB, FLXCNV,VCONV,VELSND
 5.61258950E-03   3436.7 5.611E-03 2.462E+05 2.376E-05 1.770E-04 2.000E+05 0.000E+00 0.000E+00 8.547E+06
 7.54075076E-03   3442.1 7.539E-03 2.961E+05 2.237E-05 1.763E-04 2.000E+05 0.000E+00 0.000E+00 7.392E+06
 1.02945279E-02   3444.4 1.029E-02 3.514E+05 2.070E-05 1.755E-04 2.000E+05 0.000E+00 0.000E+00 6.342E+06
 1.42376611E-02   3450.3 1.423E-02 4.298E+05 1.941E-05 1.750E-04 2.000E+05 0.000E+00 3.655E+04 5.410E+06
 1.98559759E-02   3456.5 1.985E-02 5.294E+05 1.822E-05 1.744E-04 2.000E+05 0.000E+00 0.000E+00 4.600E+06
 2.78118807E-02   3464.4 2.781E-02 6.604E+05 1.722E-05 1.740E-04 2.000E+05 0.000E+00 0.000E+00 3.907E+06
 3.90035623E-02   3473.6 3.900E-02 8.309E+05 1.637E-05 1.735E-04 2.000E+05 0.000E+00 0.000E+00 3.322E+06
 5.46417410E-02   3484.1 5.463E-02 1.055E+06 1.568E-05 1.731E-04 2.000E+05 0.000E+00 0.000E+00 2.831E+06
 7.63338892E-02   3496.1 7.632E-02 1.348E+06 1.512E-05 1.728E-04 2.000E+05 0.000E+00 0.000E+00 2.423E+06
 1.06209531E-01   3509.3 1.062E-01 1.733E+06 1.469E-05 1.724E-04 2.000E+05 0.000E+00 0.000E+00 2.085E+06
 1.47099705E-01   3523.3 1.471E-01 2.233E+06 1.435E-05 1.721E-04 2.000E+05 0.000E+00 0.000E+00 1.806E+06
 2.02788924E-01   3537.9 2.028E-01 2.879E+06 1.408E-05 1.719E-04 2.000E+05 0.000E+00 0.000E+00 1.576E+06
 2.78376242E-01   3552.6 2.783E-01 3.704E+06 1.385E-05 1.716E-04 2.000E+05 0.000E+00 0.000E+00 1.388E+06
 3.80725644E-01   3567.3 3.807E-01 4.750E+06 1.365E-05 1.714E-04 2.000E+05 0.000E+00 0.000E+00 1.233E+06
 5.18989030E-01   3581.9 5.189E-01 6.075E+06 1.349E-05 1.713E-04 2.000E+05 0.000E+00 0.000E+00 1.108E+06
 7.05182172E-01   3596.6 7.051E-01 7.761E+06 1.339E-05 1.712E-04 2.000E+05 0.000E+00 0.000E+00 1.006E+06
 9.54665794E-01   3612.1 9.545E-01 9.929E+06 1.337E-05 1.711E-04 2.000E+05 0.000E+00 0.000E+00 9.254E+05
 1.28630721E+00   3628.7 1.286E+00 1.276E+07 1.346E-05 1.712E-04 2.000E+05 0.000E+00 0.000E+00 8.618E+05
 1.72435402E+00   3645.4 1.724E+00 1.633E+07 1.362E-05 1.713E-04 2.000E+05 0.000E+00 0.000E+00 8.123E+05
 2.29850473E+00   3663.6 2.298E+00 2.102E+07 1.394E-05 1.716E-04 2.000E+05 0.000E+00 0.000E+00 7.742E+05
 3.04263101E+00   3683.2 3.042E+00 2.717E+07 1.441E-05 1.719E-04 2.000E+05 0.000E+00 0.000E+00 7.454E+05
 3.99818522E+00   3703.5 3.998E+00 3.507E+07 1.503E-05 1.724E-04 2.000E+05 0.000E+00 0.000E+00 7.237E+05
 5.21515918E+00   3724.3 5.214E+00 4.518E+07 1.579E-05 1.730E-04 2.000E+05 0.000E+00 0.000E+00 7.075E+05
 6.75370135E+00   3745.1 6.753E+00 5.792E+07 1.671E-05 1.737E-04 2.000E+05 0.000E+00 0.000E+00 6.955E+05
 8.68755824E+00   3765.5 8.686E+00 7.373E+07 1.777E-05 1.745E-04 2.000E+05 0.000E+00 0.000E+00 6.867E+05
 1.11059745E+01   3785.3 1.110E+01 9.312E+07 1.899E-05 1.755E-04 2.000E+05 0.000E+00 0.000E+00 6.801E+05
 1.41237571E+01   3803.4 1.412E+01 1.161E+08 2.032E-05 1.767E-04 2.000E+05 0.000E+00 0.000E+00 6.753E+05
 1.78585657E+01   3823.5 1.786E+01 1.458E+08 2.203E-05 1.780E-04 2.000E+05 0.000E+00 0.000E+00 6.720E+05
 2.24476587E+01   3841.6 2.244E+01 1.804E+08 2.390E-05 1.796E-04 2.000E+05 0.000E+00 0.000E+00 6.696E+05
 2.80865192E+01   3858.2 2.808E+01 2.207E+08 2.595E-05 1.814E-04 2.000E+05 0.000E+00 0.000E+00 6.680E+05
 3.50060382E+01   3873.4 3.500E+01 2.672E+08 2.822E-05 1.834E-04 2.000E+05 0.000E+00 0.000E+00 6.668E+05
 4.34857159E+01   3887.3 4.348E+01 3.207E+08 3.073E-05 1.857E-04 2.000E+05 0.000E+00 0.000E+00 6.660E+05
 5.38546074E+01   3900.4 5.385E+01 3.824E+08 3.356E-05 1.884E-04 2.000E+05 0.000E+00 0.000E+00 6.656E+05
 6.64948644E+01   3913.0 6.648E+01 4.539E+08 3.678E-05 1.916E-04 2.000E+05 0.000E+00 0.000E+00 6.653E+05
 8.18429404E+01   3925.5 8.183E+01 5.374E+08 4.048E-05 1.952E-04 2.000E+05 0.000E+00 0.000E+00 6.654E+05
 1.00382175E+02   3938.4 1.004E+02 6.362E+08 4.483E-05 1.996E-04 2.000E+05 0.000E+00 0.000E+00 6.656E+05
 1.22632715E+02   3952.1 1.226E+02 7.545E+08 4.998E-05 2.048E-04 2.000E+05 0.000E+00 0.000E+00 6.660E+05
 1.49135764E+02   3967.1 1.491E+02 8.981E+08 5.618E-05 2.110E-04 2.000E+05 0.000E+00 0.000E+00 6.667E+05
 1.80432488E+02   3983.7 1.804E+02 1.075E+09 6.373E-05 2.187E-04 2.000E+05 0.000E+00 0.000E+00 6.676E+05
 2.17033397E+02   4002.5 2.170E+02 1.295E+09 7.304E-05 2.281E-04 2.000E+05 0.000E+00 0.000E+00 6.687E+05
 2.59378506E+02   4023.8 2.593E+02 1.573E+09 8.466E-05 2.398E-04 2.000E+05 0.000E+00 0.000E+00 6.702E+05
 3.07792265E+02   4048.1 3.077E+02 1.931E+09 9.935E-05 2.547E-04 2.000E+05 0.000E+00 0.000E+00 6.719E+05
 3.62430926E+02   4076.0 3.624E+02 2.398E+09 1.182E-04 2.737E-04 2.000E+05 0.000E+00 0.000E+00 6.740E+05
 4.23224881E+02   4108.0 4.231E+02 3.018E+09 1.427E-04 2.983E-04 2.000E+05 0.000E+00 0.000E+00 6.764E+05
 4.89844378E+02   4144.7 4.897E+02 3.857E+09 1.750E-04 3.307E-04 2.000E+05 0.000E+00 0.000E+00 6.793E+05
 5.61643022E+02   4187.0 5.615E+02 5.016E+09 2.185E-04 3.741E-04 2.000E+05 0.000E+00 0.000E+00 6.826E+05
 6.37640584E+02   4235.5 6.375E+02 6.649E+09 2.777E-04 4.329E-04 2.000E+05 0.000E+00 0.000E+00 6.865E+05
 7.16613530E+02   4290.7 7.164E+02 8.982E+09 3.593E-04 5.132E-04 2.000E+05 0.000E+00 0.000E+00 6.909E+05
 7.97784234E+02   4350.4 7.976E+02 1.224E+10 4.684E-04 6.207E-04 2.000E+05 0.000E+00 0.000E+00 6.956E+05
 8.78865559E+02   4427.0 8.786E+02 1.765E+10 6.413E-04 7.881E-04 2.000E+05 0.000E+00 0.000E+00 7.017E+05
 9.56875113E+02   4514.6 9.566E+02 2.615E+10 8.976E-04 1.034E-03 2.000E+05 0.000E+00 0.000E+00 7.084E+05
 1.03065619E+03   4612.8 1.030E+03 3.959E+10 1.276E-03 1.394E-03 2.000E+05 2.014E-04 0.000E+00 7.158E+05
 1.09881428E+03   4728.5 1.098E+03 6.248E+10 1.872E-03 1.956E-03 2.000E+05 2.856E-02 7.114E+01 7.243E+05
 1.15990446E+03   4862.2 1.159E+03 1.023E+11 2.825E-03 2.851E-03 2.000E+05 8.890E-01 3.655E+02 7.335E+05
 1.21304763E+03   5017.7 1.212E+03 1.743E+11 4.401E-03 4.329E-03 2.000E+05 1.951E+01 1.122E+03 7.435E+05
 1.25765713E+03   5200.2 1.257E+03 3.109E+11 7.129E-03 6.883E-03 2.000E+05 3.937E+02 3.102E+03 7.540E+05
 1.29366391E+03   5412.5 1.292E+03 5.774E+11 1.201E-02 1.148E-02 2.000E+05 8.484E+03 8.390E+03 7.639E+05
 1.32147852E+03   5660.6 1.320E+03 1.118E+12 2.122E-02 2.019E-02 2.000E+05 1.373E+05 2.323E+04 7.719E+05
 1.34196884E+03   5946.3 1.340E+03 2.226E+12 3.929E-02 3.751E-02 2.000E+05 1.435E+06 5.722E+04 7.760E+05
 1.35621776E+03   6280.7 1.353E+03 4.590E+12 7.772E-02 7.453E-02 2.000E+05 1.439E+07 1.184E+05 7.754E+05
 1.36541551E+03   6665.8 1.361E+03 9.622E+12 1.647E-01 1.482E-01 2.000E+05 1.931E+08 2.418E+05 7.727E+05
 1.37132646E+03   7029.6 1.366E+03 1.791E+13 3.276E-01 2.211E-01 2.000E+05 7.075E+08 5.493E+05 7.738E+05
 1.37575137E+03   7285.5 1.370E+03 2.664E+13 5.262E-01 2.132E-01 2.000E+05 1.320E+09 6.770E+05 7.785E+05
 1.37975204E+03   7462.7 1.373E+03 3.447E+13 7.276E-01 1.762E-01 2.000E+05 1.709E+09 7.006E+05 7.838E+05
 1.38373810E+03   7609.4 1.376E+03 4.223E+13 9.483E-01 1.527E-01 2.000E+05 1.909E+09 7.102E+05 7.896E+05
 1.38790128E+03   7737.6 1.380E+03 5.005E+13 1.191E+00 1.359E-01 2.000E+05 2.026E+09 7.125E+05 7.955E+05
 1.39236439E+03   7857.4 1.384E+03 5.832E+13 1.469E+00 1.221E-01 2.000E+05 2.096E+09 7.064E+05 8.019E+05
 1.39723840E+03   7968.1 1.388E+03 6.683E+13 1.778E+00 1.123E-01 2.000E+05 2.149E+09 7.088E+05 8.085E+05
 1.40259868E+03   8081.8 1.393E+03 7.648E+13 2.157E+00 1.039E-01 2.000E+05 2.181E+09 7.009E+05 8.160E+05
 1.40855712E+03   8185.8 1.398E+03 8.615E+13 2.564E+00 9.556E-02 2.000E+05 2.207E+09 7.007E+05 8.235E+05
 1.41519794E+03   8300.0 1.404E+03 9.770E+13 3.085E+00 9.085E-02 2.000E+05 2.231E+09 6.977E+05 8.325E+05
 1.42263814E+03   8404.6 1.411E+03 1.092E+14 3.639E+00 8.942E-02 2.000E+05 2.233E+09 6.956E+05 8.413E+05
PRADK 6.7478E-01
BEGIN                    ITERATION  15 COMPLETED
