TEFF   8000.  GRAVITY 1.50000 LTE 
TITLE  [-4.0a] N(He)/Ntot=0.089 VTURB=2.0  L/H=1.25 NOVER                       
 OPACITY IFOP 1 1 1 1 1 1 1 1 1 1 1 1 1 0 1 0 0 0 0 0
 CONVECTION ON   1.25 TURBULENCE OFF  0.00  0.00  0.00  0.00
ABUNDANCE SCALE   0.00010 ABUNDANCE CHANGE 1 0.92160 2 0.07844
 ABUNDANCE CHANGE  3 -10.88  4 -10.89  5  -9.44  6  -3.49  7  -4.07  8  -2.77
 ABUNDANCE CHANGE  9  -7.44 10  -3.56 11  -5.71 12  -4.06 13  -5.57 14  -4.09
 ABUNDANCE CHANGE 15  -6.59 16  -4.34 17  -6.54 18  -5.14 19  -6.94 20  -5.28
 ABUNDANCE CHANGE 21  -8.86 22  -6.61 23  -8.04 24  -6.37 25  -6.65 26  -4.54
 ABUNDANCE CHANGE 27  -7.12 28  -5.79 29  -7.83 30  -7.44 31  -9.16 32  -8.63
 ABUNDANCE CHANGE 33  -9.67 34  -8.69 35  -9.41 36  -8.81 37  -9.44 38  -9.07
 ABUNDANCE CHANGE 39  -9.80 40  -9.44 41 -10.62 42 -10.12 43 -20.00 44 -10.20
 ABUNDANCE CHANGE 45 -10.92 46 -10.35 47 -11.10 48 -10.18 49 -10.58 50 -10.04
 ABUNDANCE CHANGE 51 -11.04 52  -9.80 53 -10.53 54  -9.81 55 -10.92 56  -9.91
 ABUNDANCE CHANGE 57 -10.87 58 -10.46 59 -11.33 60 -10.54 61 -20.00 62 -11.04
 ABUNDANCE CHANGE 63 -11.53 64 -10.92 65 -11.94 66 -10.94 67 -11.78 68 -11.11
 ABUNDANCE CHANGE 69 -12.04 70 -10.96 71 -11.28 72 -11.16 73 -11.91 74 -10.93
 ABUNDANCE CHANGE 75 -11.77 76 -10.59 77 -10.69 78 -10.24 79 -11.03 80 -10.95
 ABUNDANCE CHANGE 81 -11.14 82 -10.19 83 -11.33 84 -20.00 85 -20.00 86 -20.00
 ABUNDANCE CHANGE 87 -20.00 88 -20.00 89 -20.00 90 -11.92 91 -20.00 92 -12.51
 ABUNDANCE CHANGE 93 -20.00 94 -20.00 95 -20.00 96 -20.00 97 -20.00 98 -20.00
 ABUNDANCE CHANGE 99 -20.00
READ DECK6 72 RHOX,T,P,XNE,ABROSS,ACCRAD,VTURB, FLXCNV,VCONV,VELSND
 4.58476908E-07   5508.6 1.346E-05 8.384E+06 2.909E-01 2.271E+00 2.000E+05 0.000E+00 0.000E+00 0.000E+00
 6.11618155E-07   5537.1 1.795E-05 1.111E+07 2.900E-01 2.262E+00 2.000E+05 0.000E+00 0.000E+00 0.000E+00
 8.16615731E-07   5558.5 2.397E-05 1.474E+07 2.886E-01 2.250E+00 2.000E+05 0.000E+00 0.000E+00 0.000E+00
 1.09129825E-06   5582.6 3.204E-05 1.956E+07 2.872E-01 2.238E+00 2.000E+05 0.000E+00 9.709E+09 5.006E+08
 1.45960505E-06   5606.5 4.287E-05 2.598E+07 2.855E-01 2.224E+00 2.000E+05 0.000E+00 7.312E+09 3.032E+08
 1.95392512E-06   5629.8 5.741E-05 3.451E+07 2.835E-01 2.207E+00 2.000E+05 0.000E+00 5.467E+09 2.161E+08
 2.61825178E-06   5652.2 7.695E-05 4.587E+07 2.811E-01 2.187E+00 2.000E+05 0.000E+00 4.023E+09 1.636E+08
 3.51265899E-06   5672.8 1.033E-04 6.099E+07 2.782E-01 2.164E+00 2.000E+05 0.000E+00 2.861E+09 1.277E+08
 4.72025361E-06   5689.7 1.389E-04 8.112E+07 2.743E-01 2.134E+00 2.000E+05 0.000E+00 2.022E+09 1.013E+08
 6.35620256E-06   5705.4 1.872E-04 1.080E+08 2.695E-01 2.096E+00 2.000E+05 0.000E+00 1.344E+09 8.130E+07
 8.58376590E-06   5713.8 2.530E-04 1.436E+08 2.627E-01 2.044E+00 2.000E+05 0.000E+00 6.175E+08 6.537E+07
 1.16411699E-05   5713.8 3.439E-04 1.910E+08 2.529E-01 1.970E+00 2.000E+05 0.000E+00 0.000E+00 5.241E+07
 1.58843482E-05   5713.8 4.707E-04 2.543E+08 2.410E-01 1.880E+00 2.000E+05 0.000E+00 0.000E+00 4.230E+07
 2.18639346E-05   5713.9 6.500E-04 3.386E+08 2.268E-01 1.774E+00 2.000E+05 0.000E+00 0.000E+00 3.423E+07
 3.04300034E-05   5713.9 9.071E-04 4.511E+08 2.103E-01 1.649E+00 2.000E+05 0.000E+00 5.408E+06 2.771E+07
 4.28997661E-05   5714.4 1.282E-03 6.014E+08 1.919E-01 1.510E+00 2.000E+05 0.000E+00 5.334E+07 2.241E+07
 6.12189341E-05   5716.5 1.836E-03 8.024E+08 1.725E-01 1.364E+00 2.000E+05 0.000E+00 3.565E+07 1.813E+07
 8.87145811E-05   5716.5 2.672E-03 1.068E+09 1.517E-01 1.207E+00 2.000E+05 0.000E+00 3.437E+06 1.462E+07
 1.30803162E-04   5718.6 3.956E-03 1.425E+09 1.315E-01 1.055E+00 2.000E+05 0.000E+00 1.558E+07 1.175E+07
 1.96022066E-04   5720.2 5.959E-03 1.899E+09 1.119E-01 9.081E-01 2.000E+05 0.000E+00 4.589E+05 9.418E+06
 2.99095837E-04   5720.2 9.145E-03 2.521E+09 9.348E-02 7.699E-01 2.000E+05 0.000E+00 5.985E+05 7.526E+06
 4.64435626E-04   5725.9 1.425E-02 3.373E+09 7.813E-02 6.548E-01 2.000E+05 0.000E+00 8.313E+05 6.014E+06
 7.28600953E-04   5732.1 2.246E-02 4.503E+09 6.487E-02 5.560E-01 2.000E+05 0.000E+00 2.863E+05 4.820E+06
 1.15449629E-03   5739.2 3.571E-02 6.002E+09 5.369E-02 4.732E-01 2.000E+05 0.000E+00 1.686E+05 3.880E+06
 1.83313923E-03   5754.8 5.688E-02 8.094E+09 4.541E-02 4.125E-01 2.000E+05 0.000E+00 1.124E+05 3.150E+06
 2.89532841E-03   5775.0 9.006E-02 1.093E+10 3.904E-02 3.664E-01 2.000E+05 0.000E+00 5.994E+04 2.587E+06
 4.51089224E-03   5806.5 1.406E-01 1.495E+10 3.487E-02 3.372E-01 2.000E+05 0.000E+00 3.381E+04 2.155E+06
 6.88269324E-03   5845.5 2.148E-01 2.048E+10 3.217E-02 3.194E-01 2.000E+05 0.000E+00 1.667E+04 1.825E+06
 1.02491470E-02   5892.6 3.202E-01 2.809E+10 3.076E-02 3.114E-01 2.000E+05 0.000E+00 8.878E+03 1.573E+06
 1.48374551E-02   5949.8 4.639E-01 3.869E+10 3.067E-02 3.134E-01 2.000E+05 0.000E+00 4.528E+03 1.382E+06
 2.09006141E-02   6008.7 6.537E-01 5.255E+10 3.120E-02 3.197E-01 2.000E+05 0.000E+00 1.562E+03 1.237E+06
 2.88556516E-02   6061.2 9.027E-01 6.952E+10 3.162E-02 3.247E-01 2.000E+05 0.000E+00 0.000E+00 1.127E+06
 3.94180105E-02   6102.1 1.233E+00 8.921E+10 3.143E-02 3.252E-01 2.000E+05 0.000E+00 0.000E+00 1.041E+06
 5.37986386E-02   6129.7 1.683E+00 1.113E+11 3.042E-02 3.204E-01 2.000E+05 0.000E+00 0.000E+00 9.722E+05
 7.37414077E-02   6149.7 2.308E+00 1.368E+11 2.907E-02 3.140E-01 2.000E+05 0.000E+00 0.000E+00 9.166E+05
 1.01501915E-01   6170.2 3.177E+00 1.687E+11 2.804E-02 3.106E-01 2.000E+05 0.000E+00 0.000E+00 8.717E+05
 1.39479665E-01   6194.7 4.366E+00 2.092E+11 2.761E-02 3.122E-01 2.000E+05 0.000E+00 0.000E+00 8.364E+05
 1.90412131E-01   6221.6 5.960E+00 2.596E+11 2.771E-02 3.180E-01 2.000E+05 0.000E+00 0.000E+00 8.093E+05
 2.57231277E-01   6252.8 8.052E+00 3.229E+11 2.850E-02 3.296E-01 2.000E+05 0.000E+00 0.000E+00 7.890E+05
 3.42992733E-01   6286.7 1.073E+01 4.007E+11 2.990E-02 3.465E-01 2.000E+05 0.000E+00 0.000E+00 7.742E+05
 4.50512095E-01   6326.4 1.410E+01 4.984E+11 3.221E-02 3.716E-01 2.000E+05 0.000E+00 0.000E+00 7.636E+05
 5.82154576E-01   6370.7 1.821E+01 6.194E+11 3.544E-02 4.053E-01 2.000E+05 0.000E+00 0.000E+00 7.562E+05
 7.39714541E-01   6421.6 2.312E+01 7.720E+11 3.996E-02 4.512E-01 2.000E+05 0.000E+00 0.000E+00 7.515E+05
 9.23878251E-01   6480.0 2.886E+01 9.653E+11 4.612E-02 5.130E-01 2.000E+05 0.000E+00 0.000E+00 7.488E+05
 1.13399462E+00   6547.6 3.538E+01 1.214E+12 5.458E-02 5.977E-01 2.000E+05 0.000E+00 0.000E+00 7.479E+05
 1.36742352E+00   6627.0 4.261E+01 1.540E+12 6.646E-02 7.168E-01 2.000E+05 0.000E+00 0.000E+00 7.486E+05
 1.61879179E+00   6721.7 5.036E+01 1.980E+12 8.373E-02 8.896E-01 2.000E+05 1.014E-06 0.000E+00 7.509E+05
 1.88019384E+00   6833.8 5.836E+01 2.579E+12 1.094E-01 1.146E+00 2.000E+05 1.067E-05 2.375E+01 7.552E+05
 2.14097507E+00   6968.3 6.626E+01 3.419E+12 1.493E-01 1.543E+00 2.000E+05 6.416E-05 4.599E+01 7.620E+05
 2.39294007E+00   7116.8 7.377E+01 4.536E+12 2.085E-01 2.123E+00 2.000E+05 4.369E-04 7.666E+01 7.713E+05
 2.62728375E+00   7297.3 8.058E+01 6.150E+12 3.077E-01 3.084E+00 2.000E+05 4.712E-03 1.434E+02 7.853E+05
 2.83271507E+00   7514.7 8.629E+01 8.488E+12 4.810E-01 4.729E+00 2.000E+05 9.563E-02 3.187E+02 8.060E+05
 3.00520313E+00   7763.7 9.072E+01 1.169E+13 7.737E-01 7.411E+00 2.000E+05 2.703E+00 8.828E+02 8.356E+05
 3.14672044E+00   8049.3 9.387E+01 1.589E+13 1.264E+00 1.173E+01 2.000E+05 5.387E+01 2.740E+03 8.778E+05
 3.26358219E+00   8369.3 9.586E+01 2.086E+13 2.000E+00 1.785E+01 2.000E+05 3.986E+02 7.608E+03 9.359E+05
 3.36509777E+00   8725.4 9.689E+01 2.588E+13 2.927E+00 2.510E+01 2.000E+05 9.096E+02 1.479E+04 1.012E+06
 3.46511042E+00   9122.2 9.725E+01 2.983E+13 3.707E+00 3.055E+01 2.000E+05 8.527E+02 1.552E+04 1.104E+06
 3.58007817E+00   9564.0 9.729E+01 3.186E+13 3.943E+00 3.151E+01 2.000E+05 3.181E+02 8.179E+03 1.208E+06
 3.73732368E+00  10058.1 9.757E+01 3.220E+13 3.587E+00 2.812E+01 2.000E+05 2.838E+01 2.844E+03 1.336E+06
 3.97910126E+00  10611.9 9.904E+01 3.180E+13 2.955E+00 2.298E+01 2.000E+05 7.773E-01 9.830E+02 1.495E+06
 4.38086460E+00  11235.4 1.035E+02 3.174E+13 2.352E+00 1.829E+01 2.000E+05 2.361E-02 4.074E+02 1.651E+06
 5.05190148E+00  11934.9 1.138E+02 3.300E+13 1.893E+00 1.475E+01 2.000E+05 1.535E-03 1.927E+02 1.763E+06
 6.13967488E+00  12711.1 1.336E+02 3.652E+13 1.594E+00 1.241E+01 2.000E+05 2.061E-04 1.056E+02 1.819E+06
 7.81096366E+00  13565.8 1.670E+02 4.306E+13 1.423E+00 1.106E+01 2.000E+05 1.155E-04 9.893E+01 1.835E+06
 1.02388425E+01  14499.3 2.179E+02 5.319E+13 1.335E+00 1.035E+01 2.000E+05 1.048E-04 1.056E+02 1.882E+06
 1.36477211E+01  15513.5 2.912E+02 6.719E+13 1.279E+00 9.892E+00 2.000E+05 3.979E-05 1.641E+01 1.995E+06
 1.83908658E+01  16616.2 3.954E+02 8.569E+13 1.226E+00 9.474E+00 2.000E+05 1.717E-07 0.000E+00 2.127E+06
 2.49642800E+01  17807.9 5.422E+02 1.099E+14 1.184E+00 9.138E+00 2.000E+05 0.000E+00 0.000E+00 2.235E+06
 3.39871634E+01  19100.2 7.462E+02 1.412E+14 1.157E+00 8.922E+00 2.000E+05 0.000E+00 0.000E+00 2.321E+06
 4.62109154E+01  20491.6 1.024E+03 1.807E+14 1.147E+00 8.830E+00 2.000E+05 0.000E+00 0.000E+00 2.401E+06
 6.25462597E+01  21996.3 1.397E+03 2.296E+14 1.152E+00 8.846E+00 2.000E+05 0.000E+00 0.000E+00 2.481E+06
 8.40618848E+01  23613.0 1.888E+03 2.891E+14 1.173E+00 8.751E+00 2.000E+05 0.000E+00 0.000E+00 2.565E+06
PRADK 5.4821E+00
BEGIN                    ITERATION  15 COMPLETED
