TEFF   5500.  GRAVITY 3.00000 LTE 
TITLE  [-4.0a] N(He)/Ntot=0.089 VTURB=2.0  L/H=1.25 NOVER                       
 OPACITY IFOP 1 1 1 1 1 1 1 1 1 1 1 1 1 0 1 0 0 0 0 0
 CONVECTION ON   1.25 TURBULENCE OFF  0.00  0.00  0.00  0.00
ABUNDANCE SCALE   0.00010 ABUNDANCE CHANGE 1 0.92160 2 0.07844
 ABUNDANCE CHANGE  3 -10.88  4 -10.89  5  -9.44  6  -3.49  7  -4.07  8  -2.77
 ABUNDANCE CHANGE  9  -7.44 10  -3.56 11  -5.71 12  -4.06 13  -5.57 14  -4.09
 ABUNDANCE CHANGE 15  -6.59 16  -4.34 17  -6.54 18  -5.14 19  -6.94 20  -5.28
 ABUNDANCE CHANGE 21  -8.86 22  -6.61 23  -8.04 24  -6.37 25  -6.65 26  -4.54
 ABUNDANCE CHANGE 27  -7.12 28  -5.79 29  -7.83 30  -7.44 31  -9.16 32  -8.63
 ABUNDANCE CHANGE 33  -9.67 34  -8.69 35  -9.41 36  -8.81 37  -9.44 38  -9.07
 ABUNDANCE CHANGE 39  -9.80 40  -9.44 41 -10.62 42 -10.12 43 -20.00 44 -10.20
 ABUNDANCE CHANGE 45 -10.92 46 -10.35 47 -11.10 48 -10.18 49 -10.58 50 -10.04
 ABUNDANCE CHANGE 51 -11.04 52  -9.80 53 -10.53 54  -9.81 55 -10.92 56  -9.91
 ABUNDANCE CHANGE 57 -10.87 58 -10.46 59 -11.33 60 -10.54 61 -20.00 62 -11.04
 ABUNDANCE CHANGE 63 -11.53 64 -10.92 65 -11.94 66 -10.94 67 -11.78 68 -11.11
 ABUNDANCE CHANGE 69 -12.04 70 -10.96 71 -11.28 72 -11.16 73 -11.91 74 -10.93
 ABUNDANCE CHANGE 75 -11.77 76 -10.59 77 -10.69 78 -10.24 79 -11.03 80 -10.95
 ABUNDANCE CHANGE 81 -11.14 82 -10.19 83 -11.33 84 -20.00 85 -20.00 86 -20.00
 ABUNDANCE CHANGE 87 -20.00 88 -20.00 89 -20.00 90 -11.92 91 -20.00 92 -12.51
 ABUNDANCE CHANGE 93 -20.00 94 -20.00 95 -20.00 96 -20.00 97 -20.00 98 -20.00
 ABUNDANCE CHANGE 99 -20.00
READ DECK6 72 RHOX,T,P,XNE,ABROSS,ACCRAD,VTURB, FLXCNV,VCONV,VELSND
 1.17663278E-03   4214.8 1.177E+00 2.599E+08 1.133E-04 1.555E-03 2.000E+05 0.000E+00 0.000E+00 1.094E+06
 1.57873758E-03   4219.4 1.579E+00 3.074E+08 1.079E-04 1.550E-03 2.000E+05 0.000E+00 0.000E+00 1.007E+06
 2.14101459E-03   4223.5 2.141E+00 3.646E+08 1.031E-04 1.546E-03 2.000E+05 0.000E+00 0.000E+00 9.348E+05
 2.91898956E-03   4230.2 2.919E+00 4.388E+08 1.002E-04 1.545E-03 2.000E+05 0.000E+00 0.000E+00 8.764E+05
 3.98094031E-03   4237.6 3.981E+00 5.294E+08 9.873E-05 1.546E-03 2.000E+05 0.000E+00 0.000E+00 8.307E+05
 5.40327779E-03   4247.2 5.403E+00 6.439E+08 9.925E-05 1.550E-03 2.000E+05 0.000E+00 0.000E+00 7.962E+05
 7.27490937E-03   4257.8 7.275E+00 7.830E+08 1.014E-04 1.556E-03 2.000E+05 0.000E+00 0.000E+00 7.704E+05
 9.69560280E-03   4270.0 9.696E+00 9.536E+08 1.054E-04 1.564E-03 2.000E+05 0.000E+00 0.000E+00 7.516E+05
 1.27758774E-02   4282.9 1.278E+01 1.158E+09 1.112E-04 1.575E-03 2.000E+05 0.000E+00 0.000E+00 7.379E+05
 1.66504524E-02   4295.6 1.665E+01 1.398E+09 1.184E-04 1.588E-03 2.000E+05 0.000E+00 0.000E+00 7.279E+05
 2.14804417E-02   4307.9 2.148E+01 1.674E+09 1.271E-04 1.604E-03 2.000E+05 0.000E+00 0.000E+00 7.207E+05
 2.74664394E-02   4319.0 2.747E+01 1.986E+09 1.370E-04 1.621E-03 2.000E+05 0.000E+00 0.000E+00 7.153E+05
 3.48512401E-02   4329.7 3.485E+01 2.341E+09 1.486E-04 1.641E-03 2.000E+05 0.000E+00 0.000E+00 7.114E+05
 4.38936313E-02   4341.0 4.389E+01 2.757E+09 1.625E-04 1.664E-03 2.000E+05 0.000E+00 0.000E+00 7.086E+05
 5.48977337E-02   4352.0 5.490E+01 3.230E+09 1.783E-04 1.690E-03 2.000E+05 0.000E+00 0.000E+00 7.066E+05
 6.82345442E-02   4363.0 6.824E+01 3.773E+09 1.966E-04 1.720E-03 2.000E+05 0.000E+00 0.000E+00 7.053E+05
 8.43735719E-02   4372.7 8.437E+01 4.369E+09 2.165E-04 1.754E-03 2.000E+05 0.000E+00 0.000E+00 7.043E+05
 1.03887614E-01   4382.3 1.039E+02 5.046E+09 2.390E-04 1.791E-03 2.000E+05 0.000E+00 0.000E+00 7.037E+05
 1.27469466E-01   4390.7 1.275E+02 5.788E+09 2.636E-04 1.833E-03 2.000E+05 0.000E+00 0.000E+00 7.033E+05
 1.55989456E-01   4398.4 1.560E+02 6.612E+09 2.906E-04 1.879E-03 2.000E+05 0.000E+00 0.000E+00 7.030E+05
 1.90500119E-01   4405.2 1.905E+02 7.516E+09 3.201E-04 1.929E-03 2.000E+05 0.000E+00 0.000E+00 7.029E+05
 2.32296778E-01   4411.4 2.323E+02 8.511E+09 3.523E-04 1.985E-03 2.000E+05 0.000E+00 0.000E+00 7.028E+05
 2.82962248E-01   4416.7 2.830E+02 9.601E+09 3.874E-04 2.046E-03 2.000E+05 0.000E+00 0.000E+00 7.027E+05
 3.44419837E-01   4421.5 3.444E+02 1.080E+10 4.258E-04 2.113E-03 2.000E+05 0.000E+00 0.000E+00 7.027E+05
 4.19019469E-01   4425.5 4.190E+02 1.212E+10 4.676E-04 2.188E-03 2.000E+05 0.000E+00 0.000E+00 7.027E+05
 5.09591219E-01   4429.4 5.096E+02 1.358E+10 5.137E-04 2.271E-03 2.000E+05 0.000E+00 0.000E+00 7.028E+05
 6.19540947E-01   4432.9 6.195E+02 1.518E+10 5.643E-04 2.362E-03 2.000E+05 0.000E+00 0.000E+00 7.028E+05
 7.52972136E-01   4436.4 7.530E+02 1.698E+10 6.203E-04 2.464E-03 2.000E+05 0.000E+00 0.000E+00 7.028E+05
 9.14812085E-01   4439.7 9.148E+02 1.897E+10 6.821E-04 2.577E-03 2.000E+05 0.000E+00 0.000E+00 7.029E+05
 1.11097364E+00   4443.1 1.111E+03 2.119E+10 7.508E-04 2.703E-03 2.000E+05 0.000E+00 0.000E+00 7.029E+05
 1.34859090E+00   4446.4 1.349E+03 2.367E+10 8.267E-04 2.843E-03 2.000E+05 0.000E+00 0.000E+00 7.030E+05
 1.63610232E+00   4450.1 1.636E+03 2.647E+10 9.119E-04 3.001E-03 2.000E+05 0.000E+00 0.000E+00 7.030E+05
 1.98358324E+00   4453.9 1.984E+03 2.960E+10 1.007E-03 3.177E-03 2.000E+05 0.000E+00 0.000E+00 7.030E+05
 2.40289055E+00   4458.4 2.403E+03 3.317E+10 1.114E-03 3.376E-03 2.000E+05 0.000E+00 0.000E+00 7.030E+05
 2.90791621E+00   4463.3 2.908E+03 3.721E+10 1.234E-03 3.601E-03 2.000E+05 0.000E+00 0.000E+00 7.031E+05
 3.51468417E+00   4469.1 3.515E+03 4.189E+10 1.372E-03 3.859E-03 2.000E+05 0.000E+00 0.000E+00 7.031E+05
 4.24153266E+00   4475.9 4.242E+03 4.728E+10 1.529E-03 4.154E-03 2.000E+05 0.000E+00 0.000E+00 7.032E+05
 5.10885280E+00   4484.2 5.109E+03 5.364E+10 1.713E-03 4.497E-03 2.000E+05 0.000E+00 0.000E+00 7.033E+05
 6.13918241E+00   4494.0 6.139E+03 6.115E+10 1.927E-03 4.896E-03 2.000E+05 0.000E+00 0.000E+00 7.035E+05
 7.35645912E+00   4506.0 7.357E+03 7.019E+10 2.182E-03 5.370E-03 2.000E+05 0.000E+00 0.000E+00 7.038E+05
 8.78525971E+00   4520.6 8.785E+03 8.122E+10 2.488E-03 5.936E-03 2.000E+05 0.000E+00 0.000E+00 7.043E+05
 1.04492014E+01   4538.3 1.045E+04 9.492E+10 2.861E-03 6.625E-03 2.000E+05 0.000E+00 0.000E+00 7.051E+05
 1.23684360E+01   4560.0 1.237E+04 1.123E+11 3.326E-03 7.478E-03 2.000E+05 0.000E+00 0.000E+00 7.061E+05
 1.45573366E+01   4586.3 1.456E+04 1.347E+11 3.912E-03 8.548E-03 2.000E+05 0.000E+00 0.000E+00 7.077E+05
 1.70217653E+01   4618.3 1.702E+04 1.644E+11 4.667E-03 9.916E-03 2.000E+05 0.000E+00 0.000E+00 7.097E+05
 1.97539588E+01   4657.3 1.975E+04 2.047E+11 5.661E-03 1.171E-02 2.000E+05 0.000E+00 0.000E+00 7.125E+05
 2.27282083E+01   4704.7 2.273E+04 2.610E+11 7.002E-03 1.411E-02 2.000E+05 0.000E+00 0.000E+00 7.161E+05
 2.59033983E+01   4761.2 2.590E+04 3.410E+11 8.832E-03 1.736E-02 2.000E+05 0.000E+00 0.000E+00 7.206E+05
 2.92209310E+01   4829.4 2.922E+04 4.592E+11 1.142E-02 2.193E-02 2.000E+05 0.000E+00 0.000E+00 7.262E+05
 3.25835431E+01   4914.4 3.259E+04 6.462E+11 1.529E-02 2.874E-02 2.000E+05 0.000E+00 0.000E+00 7.333E+05
 3.58828132E+01   5016.3 3.588E+04 9.443E+11 2.108E-02 3.886E-02 2.000E+05 0.000E+00 0.000E+00 7.417E+05
 3.90279403E+01   5137.1 3.903E+04 1.434E+12 2.993E-02 5.427E-02 2.000E+05 2.268E+02 0.000E+00 7.514E+05
 4.19354017E+01   5280.8 4.194E+04 2.274E+12 4.390E-02 7.855E-02 2.000E+05 2.586E+04 2.271E+03 7.624E+05
 4.45307967E+01   5452.9 4.453E+04 3.786E+12 6.681E-02 1.184E-01 2.000E+05 6.722E+05 1.085E+04 7.748E+05
 4.67608697E+01   5658.3 4.676E+04 6.621E+12 1.057E-01 1.859E-01 2.000E+05 6.631E+06 3.134E+04 7.884E+05
 4.86044865E+01   5901.5 4.861E+04 1.212E+13 1.738E-01 3.030E-01 2.000E+05 3.560E+07 6.416E+04 8.029E+05
 5.00630897E+01   6191.6 5.006E+04 2.330E+13 2.996E-01 5.104E-01 2.000E+05 1.296E+08 1.060E+05 8.174E+05
 5.11716425E+01   6519.0 5.117E+04 4.526E+13 5.285E-01 8.350E-01 2.000E+05 4.345E+08 1.543E+05 8.297E+05
 5.20360400E+01   6823.8 5.203E+04 7.927E+13 8.692E-01 1.143E+00 2.000E+05 1.046E+09 2.303E+05 8.373E+05
 5.27756148E+01   7076.2 5.277E+04 1.216E+14 1.291E+00 1.282E+00 2.000E+05 1.784E+09 2.739E+05 8.411E+05
 5.34620028E+01   7295.5 5.346E+04 1.724E+14 1.801E+00 1.289E+00 2.000E+05 2.426E+09 2.993E+05 8.432E+05
 5.41330816E+01   7490.5 5.413E+04 2.312E+14 2.408E+00 1.231E+00 2.000E+05 2.904E+09 3.115E+05 8.445E+05
 5.48135390E+01   7668.3 5.481E+04 2.984E+14 3.121E+00 1.162E+00 2.000E+05 3.237E+09 3.168E+05 8.456E+05
 5.55210096E+01   7835.1 5.552E+04 3.754E+14 3.966E+00 1.098E+00 2.000E+05 3.466E+09 3.178E+05 8.468E+05
 5.62696896E+01   7993.3 5.626E+04 4.629E+14 4.962E+00 1.044E+00 2.000E+05 3.626E+09 3.163E+05 8.484E+05
 5.70716567E+01   8146.6 5.706E+04 5.630E+14 6.149E+00 9.989E-01 2.000E+05 3.741E+09 3.136E+05 8.503E+05
 5.79390070E+01   8296.0 5.793E+04 6.770E+14 7.548E+00 9.497E-01 2.000E+05 3.829E+09 3.095E+05 8.527E+05
 5.88840085E+01   8443.3 5.888E+04 8.073E+14 9.216E+00 9.095E-01 2.000E+05 3.893E+09 3.060E+05 8.556E+05
 5.99176249E+01   8590.3 5.991E+04 9.569E+14 1.122E+01 8.624E-01 2.000E+05 3.944E+09 3.002E+05 8.590E+05
 6.10548802E+01   8734.0 6.104E+04 1.125E+15 1.355E+01 8.265E-01 2.000E+05 3.986E+09 2.973E+05 8.630E+05
 6.23070108E+01   8883.6 6.230E+04 1.323E+15 1.641E+01 7.847E-01 2.000E+05 4.010E+09 2.902E+05 8.678E+05
 6.36963327E+01   9024.1 6.368E+04 1.536E+15 1.959E+01 8.004E-01 2.000E+05 4.037E+09 2.876E+05 8.728E+05
PRADK 1.2238E+00
BEGIN                    ITERATION  15 COMPLETED
