TEFF   4250.  GRAVITY 3.00000 LTE 
TITLE  [-4.0a] N(He)/Ntot=0.089 VTURB=2.0  L/H=1.25 NOVER                       
 OPACITY IFOP 1 1 1 1 1 1 1 1 1 1 1 1 1 0 1 0 0 0 0 0
 CONVECTION ON   1.25 TURBULENCE OFF  0.00  0.00  0.00  0.00
ABUNDANCE SCALE   0.00010 ABUNDANCE CHANGE 1 0.92160 2 0.07844
 ABUNDANCE CHANGE  3 -10.88  4 -10.89  5  -9.44  6  -3.49  7  -4.07  8  -2.77
 ABUNDANCE CHANGE  9  -7.44 10  -3.56 11  -5.71 12  -4.06 13  -5.57 14  -4.09
 ABUNDANCE CHANGE 15  -6.59 16  -4.34 17  -6.54 18  -5.14 19  -6.94 20  -5.28
 ABUNDANCE CHANGE 21  -8.86 22  -6.61 23  -8.04 24  -6.37 25  -6.65 26  -4.54
 ABUNDANCE CHANGE 27  -7.12 28  -5.79 29  -7.83 30  -7.44 31  -9.16 32  -8.63
 ABUNDANCE CHANGE 33  -9.67 34  -8.69 35  -9.41 36  -8.81 37  -9.44 38  -9.07
 ABUNDANCE CHANGE 39  -9.80 40  -9.44 41 -10.62 42 -10.12 43 -20.00 44 -10.20
 ABUNDANCE CHANGE 45 -10.92 46 -10.35 47 -11.10 48 -10.18 49 -10.58 50 -10.04
 ABUNDANCE CHANGE 51 -11.04 52  -9.80 53 -10.53 54  -9.81 55 -10.92 56  -9.91
 ABUNDANCE CHANGE 57 -10.87 58 -10.46 59 -11.33 60 -10.54 61 -20.00 62 -11.04
 ABUNDANCE CHANGE 63 -11.53 64 -10.92 65 -11.94 66 -10.94 67 -11.78 68 -11.11
 ABUNDANCE CHANGE 69 -12.04 70 -10.96 71 -11.28 72 -11.16 73 -11.91 74 -10.93
 ABUNDANCE CHANGE 75 -11.77 76 -10.59 77 -10.69 78 -10.24 79 -11.03 80 -10.95
 ABUNDANCE CHANGE 81 -11.14 82 -10.19 83 -11.33 84 -20.00 85 -20.00 86 -20.00
 ABUNDANCE CHANGE 87 -20.00 88 -20.00 89 -20.00 90 -11.92 91 -20.00 92 -12.51
 ABUNDANCE CHANGE 93 -20.00 94 -20.00 95 -20.00 96 -20.00 97 -20.00 98 -20.00
 ABUNDANCE CHANGE 99 -20.00
READ DECK6 72 RHOX,T,P,XNE,ABROSS,ACCRAD,VTURB, FLXCNV,VCONV,VELSND
 3.07952272E-02   3259.5 3.079E+01 5.910E+06 4.330E-06 9.185E-05 2.000E+05 0.000E+00 0.000E+00 6.053E+05
 4.07739947E-02   3267.4 4.077E+01 7.293E+06 4.584E-06 9.199E-05 2.000E+05 0.000E+00 0.000E+00 6.034E+05
 5.33761247E-02   3272.8 5.338E+01 8.806E+06 4.829E-06 9.215E-05 2.000E+05 0.000E+00 0.000E+00 6.015E+05
 6.92750185E-02   3280.5 6.927E+01 1.074E+07 5.120E-06 9.232E-05 2.000E+05 0.000E+00 0.000E+00 5.999E+05
 8.92587365E-02   3287.5 8.926E+01 1.299E+07 5.429E-06 9.251E-05 2.000E+05 0.000E+00 0.000E+00 5.982E+05
 1.14341053E-01   3295.7 1.143E+02 1.578E+07 5.779E-06 9.273E-05 2.000E+05 0.000E+00 0.000E+00 5.966E+05
 1.45736292E-01   3303.9 1.457E+02 1.912E+07 6.161E-06 9.299E-05 2.000E+05 0.000E+00 0.000E+00 5.948E+05
 1.84950731E-01   3312.5 1.849E+02 2.317E+07 6.586E-06 9.329E-05 2.000E+05 0.000E+00 0.000E+00 5.929E+05
 2.33831496E-01   3321.2 2.338E+02 2.803E+07 7.051E-06 9.363E-05 2.000E+05 0.000E+00 0.000E+00 5.908E+05
 2.94637105E-01   3330.2 2.946E+02 3.390E+07 7.568E-06 9.403E-05 2.000E+05 0.000E+00 0.000E+00 5.885E+05
 3.70083922E-01   3339.5 3.701E+02 4.097E+07 8.144E-06 9.451E-05 2.000E+05 0.000E+00 0.000E+00 5.859E+05
 4.63428364E-01   3349.1 4.634E+02 4.953E+07 8.791E-06 9.506E-05 2.000E+05 0.000E+00 0.000E+00 5.833E+05
 5.78587962E-01   3358.9 5.786E+02 5.981E+07 9.515E-06 9.569E-05 2.000E+05 0.000E+00 0.000E+00 5.804E+05
 7.20246122E-01   3369.1 7.202E+02 7.221E+07 1.033E-05 9.641E-05 2.000E+05 0.000E+00 0.000E+00 5.774E+05
 8.93901477E-01   3379.7 8.939E+02 8.718E+07 1.126E-05 9.724E-05 2.000E+05 0.000E+00 0.000E+00 5.744E+05
 1.10604236E+00   3390.4 1.106E+03 1.051E+08 1.231E-05 9.820E-05 2.000E+05 0.000E+00 0.000E+00 5.713E+05
 1.36413611E+00   3401.7 1.364E+03 1.267E+08 1.352E-05 9.932E-05 2.000E+05 0.000E+00 0.000E+00 5.682E+05
 1.67698888E+00   3413.0 1.677E+03 1.525E+08 1.490E-05 1.006E-04 2.000E+05 0.000E+00 0.000E+00 5.651E+05
 2.05445755E+00   3425.2 2.054E+03 1.838E+08 1.651E-05 1.021E-04 2.000E+05 0.000E+00 0.000E+00 5.623E+05
 2.50832060E+00   3437.0 2.508E+03 2.205E+08 1.833E-05 1.037E-04 2.000E+05 0.000E+00 0.000E+00 5.594E+05
 3.05167169E+00   3449.9 3.052E+03 2.652E+08 2.048E-05 1.056E-04 2.000E+05 0.000E+00 0.000E+00 5.569E+05
 3.70142538E+00   3460.5 3.701E+03 3.148E+08 2.280E-05 1.078E-04 2.000E+05 0.000E+00 0.000E+00 5.540E+05
 4.47740050E+00   3472.4 4.477E+03 3.750E+08 2.553E-05 1.101E-04 2.000E+05 0.000E+00 0.000E+00 5.514E+05
 5.40095448E+00   3484.4 5.401E+03 4.459E+08 2.860E-05 1.127E-04 2.000E+05 0.000E+00 0.000E+00 5.490E+05
 6.50154564E+00   3494.6 6.502E+03 5.250E+08 3.197E-05 1.155E-04 2.000E+05 0.000E+00 0.000E+00 5.463E+05
 7.81449652E+00   3504.1 7.814E+03 6.154E+08 3.574E-05 1.187E-04 2.000E+05 0.000E+00 0.000E+00 5.436E+05
 9.38173484E+00   3512.5 9.382E+03 7.166E+08 3.990E-05 1.223E-04 2.000E+05 0.000E+00 0.000E+00 5.407E+05
 1.12540145E+01   3520.0 1.125E+04 8.312E+08 4.454E-05 1.263E-04 2.000E+05 0.000E+00 0.000E+00 5.378E+05
 1.34912370E+01   3526.7 1.349E+04 9.598E+08 4.969E-05 1.307E-04 2.000E+05 0.000E+00 0.000E+00 5.349E+05
 1.61650952E+01   3532.7 1.617E+04 1.105E+09 5.545E-05 1.356E-04 2.000E+05 0.000E+00 0.000E+00 5.319E+05
 1.93598119E+01   3538.1 1.936E+04 1.268E+09 6.191E-05 1.411E-04 2.000E+05 0.000E+00 0.000E+00 5.289E+05
 2.31728873E+01   3543.3 2.317E+04 1.455E+09 6.922E-05 1.472E-04 2.000E+05 0.000E+00 0.000E+00 5.259E+05
 2.77156912E+01   3548.5 2.772E+04 1.668E+09 7.756E-05 1.541E-04 2.000E+05 0.000E+00 0.000E+00 5.230E+05
 3.31151296E+01   3554.1 3.312E+04 1.916E+09 8.713E-05 1.618E-04 2.000E+05 0.000E+00 0.000E+00 5.202E+05
 3.95159759E+01   3560.5 3.952E+04 2.205E+09 9.814E-05 1.706E-04 2.000E+05 0.000E+00 0.000E+00 5.176E+05
 4.70843242E+01   3567.5 4.708E+04 2.542E+09 1.109E-04 1.805E-04 2.000E+05 0.000E+00 0.000E+00 5.150E+05
 5.59913984E+01   3576.6 5.599E+04 2.949E+09 1.260E-04 1.920E-04 2.000E+05 0.000E+00 0.000E+00 5.128E+05
 6.64465863E+01   3585.2 6.645E+04 3.411E+09 1.431E-04 2.048E-04 2.000E+05 0.000E+00 0.000E+00 5.105E+05
 7.86578395E+01   3598.0 7.866E+04 3.999E+09 1.641E-04 2.205E-04 2.000E+05 0.000E+00 0.000E+00 5.089E+05
 9.28640817E+01   3610.7 9.286E+04 4.676E+09 1.881E-04 2.383E-04 2.000E+05 0.000E+00 0.000E+00 5.074E+05
 1.08737037E+02   3657.2 1.087E+05 6.165E+09 2.362E-04 2.789E-04 2.000E+05 2.163E+05 0.000E+00 5.121E+05
 1.25060681E+02   3714.8 1.251E+05 8.492E+09 3.123E-04 3.422E-04 2.000E+05 1.427E+06 8.824E+03 5.191E+05
 1.41614742E+02   3767.1 1.416E+05 1.145E+10 4.080E-04 4.194E-04 2.000E+05 4.892E+06 1.433E+04 5.254E+05
 1.58478629E+02   3819.7 1.585E+05 1.545E+10 5.346E-04 5.183E-04 2.000E+05 9.162E+06 1.958E+04 5.320E+05
 1.75756317E+02   3869.6 1.758E+05 2.058E+10 6.919E-04 6.353E-04 2.000E+05 1.620E+07 1.950E+04 5.381E+05
 1.93541803E+02   3919.4 1.935E+05 2.732E+10 8.984E-04 7.810E-04 2.000E+05 2.973E+07 2.721E+04 5.444E+05
 2.11720925E+02   3971.0 2.117E+05 3.644E+10 1.176E-03 9.657E-04 2.000E+05 4.670E+07 3.011E+04 5.510E+05
 2.30314585E+02   4021.4 2.303E+05 4.814E+10 1.529E-03 1.184E-03 2.000E+05 7.101E+07 3.411E+04 5.575E+05
 2.49289114E+02   4075.2 2.493E+05 6.427E+10 2.008E-03 1.458E-03 2.000E+05 1.055E+08 3.976E+04 5.645E+05
 2.68550148E+02   4130.3 2.686E+05 8.580E+10 2.638E-03 1.783E-03 2.000E+05 1.484E+08 4.352E+04 5.719E+05
 2.88053778E+02   4188.2 2.881E+05 1.153E+11 3.485E-03 2.171E-03 2.000E+05 2.052E+08 4.906E+04 5.798E+05
 3.07680508E+02   4249.7 3.077E+05 1.562E+11 4.631E-03 2.624E-03 2.000E+05 2.755E+08 5.426E+04 5.884E+05
 3.27344096E+02   4314.3 3.273E+05 2.128E+11 6.173E-03 3.131E-03 2.000E+05 3.581E+08 5.946E+04 5.976E+05
 3.46975636E+02   4382.7 3.470E+05 2.918E+11 8.262E-03 3.683E-03 2.000E+05 4.563E+08 6.513E+04 6.074E+05
 3.66496103E+02   4455.2 3.665E+05 4.031E+11 1.110E-02 4.262E-03 2.000E+05 5.637E+08 7.084E+04 6.181E+05
 3.85829857E+02   4532.3 3.858E+05 5.607E+11 1.497E-02 4.847E-03 2.000E+05 6.771E+08 7.590E+04 6.296E+05
 4.04959343E+02   4613.2 4.050E+05 7.828E+11 2.018E-02 5.410E-03 2.000E+05 7.948E+08 8.167E+04 6.418E+05
 4.23818424E+02   4700.5 4.238E+05 1.106E+12 2.736E-02 5.974E-03 2.000E+05 9.055E+08 8.630E+04 6.550E+05
 4.42430600E+02   4790.4 4.424E+05 1.555E+12 3.685E-02 6.476E-03 2.000E+05 1.011E+09 9.082E+04 6.684E+05
 4.60798707E+02   4886.4 4.608E+05 2.206E+12 4.984E-02 6.929E-03 2.000E+05 1.107E+09 9.525E+04 6.825E+05
 4.79090059E+02   4980.7 4.791E+05 3.069E+12 6.611E-02 7.132E-03 2.000E+05 1.191E+09 9.830E+04 6.959E+05
 4.97555562E+02   5076.9 4.976E+05 4.245E+12 8.700E-02 7.306E-03 2.000E+05 1.259E+09 1.017E+05 7.090E+05
 5.16370879E+02   5173.7 5.164E+05 5.814E+12 1.133E-01 7.425E-03 2.000E+05 1.309E+09 1.031E+05 7.216E+05
 5.35723196E+02   5272.1 5.357E+05 7.913E+12 1.463E-01 7.664E-03 2.000E+05 1.345E+09 1.053E+05 7.336E+05
 5.55720244E+02   5373.9 5.557E+05 1.076E+13 1.886E-01 7.935E-03 2.000E+05 1.370E+09 1.056E+05 7.454E+05
 5.76516948E+02   5476.4 5.765E+05 1.450E+13 2.408E-01 8.267E-03 2.000E+05 1.391E+09 1.071E+05 7.566E+05
 5.98185629E+02   5585.0 5.982E+05 1.965E+13 3.086E-01 8.637E-03 2.000E+05 1.404E+09 1.069E+05 7.677E+05
 6.20878296E+02   5693.0 6.209E+05 2.630E+13 3.909E-01 8.958E-03 2.000E+05 1.418E+09 1.076E+05 7.781E+05
 6.44671121E+02   5809.2 6.447E+05 3.556E+13 4.987E-01 9.419E-03 2.000E+05 1.427E+09 1.077E+05 7.886E+05
 6.69699078E+02   5924.3 6.697E+05 4.744E+13 6.289E-01 9.712E-03 2.000E+05 1.433E+09 1.072E+05 7.983E+05
 6.96076615E+02   6047.6 6.961E+05 6.381E+13 7.979E-01 1.019E-02 2.000E+05 1.445E+09 1.077E+05 8.082E+05
 7.23842758E+02   6171.0 7.238E+05 8.492E+13 1.004E+00 1.143E-02 2.000E+05 1.441E+09 1.069E+05 8.175E+05
PRADK 4.2502E-01
BEGIN                    ITERATION  15 COMPLETED
