TEFF   6250.  GRAVITY 5.00000 LTE 
TITLE  [-4.0a] N(He)/Ntot=0.089 VTURB=2.0  L/H=1.25 NOVER                       
 OPACITY IFOP 1 1 1 1 1 1 1 1 1 1 1 1 1 0 1 0 0 0 0 0
 CONVECTION ON   1.25 TURBULENCE OFF  0.00  0.00  0.00  0.00
ABUNDANCE SCALE   0.00010 ABUNDANCE CHANGE 1 0.92160 2 0.07844
 ABUNDANCE CHANGE  3 -10.88  4 -10.89  5  -9.44  6  -3.49  7  -4.07  8  -2.77
 ABUNDANCE CHANGE  9  -7.44 10  -3.56 11  -5.71 12  -4.06 13  -5.57 14  -4.09
 ABUNDANCE CHANGE 15  -6.59 16  -4.34 17  -6.54 18  -5.14 19  -6.94 20  -5.28
 ABUNDANCE CHANGE 21  -8.86 22  -6.61 23  -8.04 24  -6.37 25  -6.65 26  -4.54
 ABUNDANCE CHANGE 27  -7.12 28  -5.79 29  -7.83 30  -7.44 31  -9.16 32  -8.63
 ABUNDANCE CHANGE 33  -9.67 34  -8.69 35  -9.41 36  -8.81 37  -9.44 38  -9.07
 ABUNDANCE CHANGE 39  -9.80 40  -9.44 41 -10.62 42 -10.12 43 -20.00 44 -10.20
 ABUNDANCE CHANGE 45 -10.92 46 -10.35 47 -11.10 48 -10.18 49 -10.58 50 -10.04
 ABUNDANCE CHANGE 51 -11.04 52  -9.80 53 -10.53 54  -9.81 55 -10.92 56  -9.91
 ABUNDANCE CHANGE 57 -10.87 58 -10.46 59 -11.33 60 -10.54 61 -20.00 62 -11.04
 ABUNDANCE CHANGE 63 -11.53 64 -10.92 65 -11.94 66 -10.94 67 -11.78 68 -11.11
 ABUNDANCE CHANGE 69 -12.04 70 -10.96 71 -11.28 72 -11.16 73 -11.91 74 -10.93
 ABUNDANCE CHANGE 75 -11.77 76 -10.59 77 -10.69 78 -10.24 79 -11.03 80 -10.95
 ABUNDANCE CHANGE 81 -11.14 82 -10.19 83 -11.33 84 -20.00 85 -20.00 86 -20.00
 ABUNDANCE CHANGE 87 -20.00 88 -20.00 89 -20.00 90 -11.92 91 -20.00 92 -12.51
 ABUNDANCE CHANGE 93 -20.00 94 -20.00 95 -20.00 96 -20.00 97 -20.00 98 -20.00
 ABUNDANCE CHANGE 99 -20.00
READ DECK6 72 RHOX,T,P,XNE,ABROSS,ACCRAD,VTURB, FLXCNV,VCONV,VELSND
 1.60919942E-04   4920.9 1.611E+01 1.465E+10 8.280E-04 7.752E-03 2.000E+05 0.000E+00 0.000E+00 7.762E+05
 2.12859610E-04   4932.4 2.130E+01 1.753E+10 8.843E-04 7.922E-03 2.000E+05 0.000E+00 0.000E+00 7.655E+05
 2.78435475E-04   4933.5 2.786E+01 2.010E+10 9.252E-04 8.037E-03 2.000E+05 0.000E+00 0.000E+00 7.577E+05
 3.61225092E-04   4937.7 3.613E+01 2.322E+10 9.858E-04 8.212E-03 2.000E+05 0.000E+00 0.000E+00 7.521E+05
 4.64377348E-04   4942.6 4.644E+01 2.676E+10 1.059E-03 8.425E-03 2.000E+05 0.000E+00 0.000E+00 7.481E+05
 5.91908236E-04   4947.8 5.919E+01 3.073E+10 1.146E-03 8.673E-03 2.000E+05 0.000E+00 0.000E+00 7.453E+05
 7.48706619E-04   4953.4 7.487E+01 3.521E+10 1.246E-03 8.961E-03 2.000E+05 0.000E+00 0.000E+00 7.434E+05
 9.40414661E-04   4959.8 9.404E+01 4.029E+10 1.362E-03 9.292E-03 2.000E+05 0.000E+00 0.000E+00 7.422E+05
 1.17488473E-03   4962.1 1.175E+02 4.537E+10 1.476E-03 9.616E-03 2.000E+05 0.000E+00 0.000E+00 7.413E+05
 1.46232658E-03   4962.2 1.464E+02 5.065E+10 1.595E-03 9.951E-03 2.000E+05 0.000E+00 0.000E+00 7.407E+05
 1.81543413E-03   4962.2 1.821E+02 5.648E+10 1.728E-03 1.033E-02 2.000E+05 0.000E+00 0.000E+00 7.402E+05
 2.25198334E-03   4962.2 2.260E+02 6.292E+10 1.876E-03 1.075E-02 2.000E+05 0.000E+00 0.000E+00 7.400E+05
 2.79202977E-03   4962.2 2.798E+02 7.002E+10 2.041E-03 1.122E-02 2.000E+05 0.000E+00 0.000E+00 7.399E+05
 3.44999262E-03   4963.3 3.456E+02 7.810E+10 2.228E-03 1.176E-02 2.000E+05 0.000E+00 0.000E+00 7.399E+05
 4.25513311E-03   4964.3 4.260E+02 8.700E+10 2.435E-03 1.236E-02 2.000E+05 0.000E+00 0.000E+00 7.401E+05
 5.23574152E-03   4965.3 5.241E+02 9.684E+10 2.663E-03 1.302E-02 2.000E+05 0.000E+00 0.000E+00 7.402E+05
 6.43064684E-03   4967.3 6.435E+02 1.080E+11 2.920E-03 1.377E-02 2.000E+05 0.000E+00 0.000E+00 7.405E+05
 7.88274277E-03   4968.9 7.887E+02 1.202E+11 3.202E-03 1.460E-02 2.000E+05 0.000E+00 0.000E+00 7.407E+05
 9.64825455E-03   4970.8 9.652E+02 1.338E+11 3.514E-03 1.551E-02 2.000E+05 0.000E+00 0.000E+00 7.410E+05
 1.17942332E-02   4972.2 1.180E+03 1.486E+11 3.852E-03 1.651E-02 2.000E+05 0.000E+00 0.000E+00 7.413E+05
 1.44033407E-02   4973.8 1.441E+03 1.650E+11 4.228E-03 1.762E-02 2.000E+05 0.000E+00 0.000E+00 7.415E+05
 1.75727014E-02   4975.4 1.758E+03 1.833E+11 4.642E-03 1.885E-02 2.000E+05 0.000E+00 0.000E+00 7.418E+05
 2.14224503E-02   4977.0 2.143E+03 2.034E+11 5.096E-03 2.020E-02 2.000E+05 0.000E+00 0.000E+00 7.420E+05
 2.60956386E-02   4978.8 2.610E+03 2.258E+11 5.600E-03 2.170E-02 2.000E+05 0.000E+00 0.000E+00 7.423E+05
 3.17664467E-02   4980.6 3.177E+03 2.505E+11 6.154E-03 2.335E-02 2.000E+05 0.000E+00 0.000E+00 7.425E+05
 3.86461108E-02   4982.4 3.865E+03 2.780E+11 6.766E-03 2.519E-02 2.000E+05 0.000E+00 0.000E+00 7.427E+05
 4.69892873E-02   4984.3 4.699E+03 3.084E+11 7.442E-03 2.721E-02 2.000E+05 0.000E+00 0.000E+00 7.428E+05
 5.70980409E-02   4986.6 5.710E+03 3.426E+11 8.195E-03 2.947E-02 2.000E+05 0.000E+00 0.000E+00 7.430E+05
 6.93395096E-02   4989.0 6.934E+03 3.803E+11 9.025E-03 3.196E-02 2.000E+05 0.000E+00 0.000E+00 7.431E+05
 8.41530660E-02   4991.7 8.415E+03 4.228E+11 9.951E-03 3.474E-02 2.000E+05 0.000E+00 0.000E+00 7.432E+05
 1.02064298E-01   4994.7 1.021E+04 4.700E+11 1.098E-02 3.782E-02 2.000E+05 0.000E+00 0.000E+00 7.432E+05
 1.23705325E-01   4998.0 1.237E+04 5.230E+11 1.212E-02 4.127E-02 2.000E+05 0.000E+00 0.000E+00 7.433E+05
 1.49828519E-01   5001.7 1.498E+04 5.824E+11 1.340E-02 4.511E-02 2.000E+05 0.000E+00 0.000E+00 7.432E+05
 1.81316645E-01   5006.1 1.813E+04 6.498E+11 1.483E-02 4.943E-02 2.000E+05 0.000E+00 0.000E+00 7.432E+05
 2.19226129E-01   5010.9 2.192E+04 7.256E+11 1.644E-02 5.426E-02 2.000E+05 0.000E+00 0.000E+00 7.431E+05
 2.64779537E-01   5016.8 2.648E+04 8.127E+11 1.827E-02 5.976E-02 2.000E+05 0.000E+00 0.000E+00 7.430E+05
 3.19411653E-01   5023.5 3.194E+04 9.118E+11 2.033E-02 6.596E-02 2.000E+05 0.000E+00 0.000E+00 7.428E+05
 3.84743275E-01   5031.9 3.847E+04 1.028E+12 2.271E-02 7.315E-02 2.000E+05 0.000E+00 0.000E+00 7.427E+05
 4.62611539E-01   5041.8 4.626E+04 1.163E+12 2.545E-02 8.139E-02 2.000E+05 0.000E+00 0.000E+00 7.426E+05
 5.54998433E-01   5054.2 5.550E+04 1.324E+12 2.869E-02 9.111E-02 2.000E+05 0.000E+00 0.000E+00 7.426E+05
 6.64002980E-01   5069.2 6.640E+04 1.518E+12 3.251E-02 1.026E-01 2.000E+05 0.000E+00 0.000E+00 7.427E+05
 7.91816834E-01   5088.0 7.918E+04 1.757E+12 3.712E-02 1.163E-01 2.000E+05 0.000E+00 0.000E+00 7.430E+05
 9.40448105E-01   5111.0 9.405E+04 2.056E+12 4.275E-02 1.332E-01 2.000E+05 0.000E+00 0.000E+00 7.437E+05
 1.11159903E+00   5139.6 1.112E+05 2.439E+12 4.978E-02 1.541E-01 2.000E+05 0.000E+00 0.000E+00 7.448E+05
 1.30633527E+00   5174.8 1.306E+05 2.940E+12 5.872E-02 1.807E-01 2.000E+05 0.000E+00 0.000E+00 7.466E+05
 1.52488931E+00   5218.0 1.525E+05 3.610E+12 7.027E-02 2.150E-01 2.000E+05 0.000E+00 0.000E+00 7.491E+05
 1.76641135E+00   5270.6 1.767E+05 4.530E+12 8.553E-02 2.602E-01 2.000E+05 0.000E+00 0.000E+00 7.527E+05
 2.02820859E+00   5336.0 2.028E+05 5.850E+12 1.064E-01 3.221E-01 2.000E+05 0.000E+00 0.000E+00 7.575E+05
 2.30472585E+00   5418.6 2.305E+05 7.846E+12 1.364E-01 4.109E-01 2.000E+05 0.000E+00 0.000E+00 7.640E+05
 2.58875550E+00   5519.2 2.589E+05 1.090E+13 1.795E-01 5.386E-01 2.000E+05 0.000E+00 0.000E+00 7.721E+05
 2.87212368E+00   5643.3 2.872E+05 1.581E+13 2.441E-01 7.308E-01 2.000E+05 0.000E+00 0.000E+00 7.820E+05
 3.14400067E+00   5800.5 3.144E+05 2.434E+13 3.472E-01 1.038E+00 2.000E+05 2.721E+06 0.000E+00 7.942E+05
 3.39198595E+00   6001.0 3.392E+05 4.016E+13 5.209E-01 1.553E+00 2.000E+05 3.792E+07 2.687E+04 8.088E+05
 3.60826783E+00   6238.9 3.608E+05 6.909E+13 8.073E-01 2.376E+00 2.000E+05 1.667E+08 6.094E+04 8.246E+05
 3.79388753E+00   6499.8 3.794E+05 1.190E+14 1.255E+00 3.564E+00 2.000E+05 4.252E+08 8.790E+04 8.400E+05
 3.95323809E+00   6777.8 3.953E+05 2.021E+14 1.939E+00 5.108E+00 2.000E+05 8.961E+08 1.096E+05 8.540E+05
 4.09341888E+00   7044.2 4.093E+05 3.227E+14 2.871E+00 6.607E+00 2.000E+05 1.637E+09 1.393E+05 8.653E+05
 4.22356307E+00   7281.8 4.223E+05 4.766E+14 4.012E+00 7.581E+00 2.000E+05 2.527E+09 1.594E+05 8.736E+05
 4.34992874E+00   7503.6 4.350E+05 6.715E+14 5.426E+00 8.056E+00 2.000E+05 3.423E+09 1.756E+05 8.800E+05
 4.47616670E+00   7713.2 4.476E+05 9.130E+14 7.156E+00 8.097E+00 2.000E+05 4.216E+09 1.859E+05 8.850E+05
 4.60521129E+00   7912.1 4.605E+05 1.205E+15 9.246E+00 7.899E+00 2.000E+05 4.850E+09 1.918E+05 8.889E+05
 4.73935513E+00   8104.2 4.739E+05 1.558E+15 1.178E+01 7.655E+00 2.000E+05 5.334E+09 1.950E+05 8.923E+05
 4.88071663E+00   8290.1 4.881E+05 1.978E+15 1.482E+01 7.394E+00 2.000E+05 5.690E+09 1.955E+05 8.952E+05
 5.03134112E+00   8471.9 5.031E+05 2.476E+15 1.846E+01 7.176E+00 2.000E+05 5.955E+09 1.950E+05 8.980E+05
 5.19305629E+00   8651.2 5.193E+05 3.065E+15 2.286E+01 6.963E+00 2.000E+05 6.158E+09 1.932E+05 9.008E+05
 5.36798001E+00   8827.8 5.368E+05 3.756E+15 2.808E+01 6.766E+00 2.000E+05 6.309E+09 1.911E+05 9.038E+05
 5.55823844E+00   9004.7 5.558E+05 4.574E+15 3.436E+01 6.534E+00 2.000E+05 6.431E+09 1.879E+05 9.071E+05
 5.76632972E+00   9178.6 5.766E+05 5.521E+15 4.177E+01 6.315E+00 2.000E+05 6.525E+09 1.854E+05 9.106E+05
 5.99443270E+00   9356.4 5.994E+05 6.651E+15 5.077E+01 6.077E+00 2.000E+05 6.598E+09 1.810E+05 9.147E+05
 6.24632316E+00   9528.3 6.246E+05 7.928E+15 6.098E+01 5.826E+00 2.000E+05 6.661E+09 1.786E+05 9.191E+05
 6.52491516E+00   9710.8 6.525E+05 9.493E+15 7.367E+01 5.589E+00 2.000E+05 6.699E+09 1.736E+05 9.242E+05
 6.83519396E+00   9881.0 6.835E+05 1.120E+16 8.754E+01 5.669E+00 2.000E+05 6.738E+09 1.709E+05 9.294E+05
PRADK 2.0406E+00
BEGIN                    ITERATION  15 COMPLETED
