TEFF   7750.  GRAVITY 4.00000 LTE 
TITLE  [-4.0a] N(He)/Ntot=0.089 VTURB=2.0  L/H=1.25 NOVER                       
 OPACITY IFOP 1 1 1 1 1 1 1 1 1 1 1 1 1 0 1 0 0 0 0 0
 CONVECTION ON   1.25 TURBULENCE OFF  0.00  0.00  0.00  0.00
ABUNDANCE SCALE   0.00010 ABUNDANCE CHANGE 1 0.92160 2 0.07844
 ABUNDANCE CHANGE  3 -10.88  4 -10.89  5  -9.44  6  -3.49  7  -4.07  8  -2.77
 ABUNDANCE CHANGE  9  -7.44 10  -3.56 11  -5.71 12  -4.06 13  -5.57 14  -4.09
 ABUNDANCE CHANGE 15  -6.59 16  -4.34 17  -6.54 18  -5.14 19  -6.94 20  -5.28
 ABUNDANCE CHANGE 21  -8.86 22  -6.61 23  -8.04 24  -6.37 25  -6.65 26  -4.54
 ABUNDANCE CHANGE 27  -7.12 28  -5.79 29  -7.83 30  -7.44 31  -9.16 32  -8.63
 ABUNDANCE CHANGE 33  -9.67 34  -8.69 35  -9.41 36  -8.81 37  -9.44 38  -9.07
 ABUNDANCE CHANGE 39  -9.80 40  -9.44 41 -10.62 42 -10.12 43 -20.00 44 -10.20
 ABUNDANCE CHANGE 45 -10.92 46 -10.35 47 -11.10 48 -10.18 49 -10.58 50 -10.04
 ABUNDANCE CHANGE 51 -11.04 52  -9.80 53 -10.53 54  -9.81 55 -10.92 56  -9.91
 ABUNDANCE CHANGE 57 -10.87 58 -10.46 59 -11.33 60 -10.54 61 -20.00 62 -11.04
 ABUNDANCE CHANGE 63 -11.53 64 -10.92 65 -11.94 66 -10.94 67 -11.78 68 -11.11
 ABUNDANCE CHANGE 69 -12.04 70 -10.96 71 -11.28 72 -11.16 73 -11.91 74 -10.93
 ABUNDANCE CHANGE 75 -11.77 76 -10.59 77 -10.69 78 -10.24 79 -11.03 80 -10.95
 ABUNDANCE CHANGE 81 -11.14 82 -10.19 83 -11.33 84 -20.00 85 -20.00 86 -20.00
 ABUNDANCE CHANGE 87 -20.00 88 -20.00 89 -20.00 90 -11.92 91 -20.00 92 -12.51
 ABUNDANCE CHANGE 93 -20.00 94 -20.00 95 -20.00 96 -20.00 97 -20.00 98 -20.00
 ABUNDANCE CHANGE 99 -20.00
READ DECK6 72 RHOX,T,P,XNE,ABROSS,ACCRAD,VTURB, FLXCNV,VCONV,VELSND
 2.17051846E-06   5701.4 2.189E-02 4.175E+09 6.076E-02 4.516E-01 2.000E+05 0.000E+00 0.000E+00 4.545E+06
 2.94358722E-06   5701.4 2.973E-02 4.995E+09 5.297E-02 4.001E-01 2.000E+05 0.000E+00 0.000E+00 3.945E+06
 4.12946457E-06   5701.4 4.177E-02 6.074E+09 4.541E-02 3.506E-01 2.000E+05 0.000E+00 0.000E+00 3.389E+06
 5.99816189E-06   5701.4 6.065E-02 7.490E+09 3.841E-02 3.044E-01 2.000E+05 0.000E+00 0.000E+00 2.886E+06
 8.99898607E-06   5701.5 9.082E-02 9.360E+09 3.209E-02 2.628E-01 2.000E+05 0.000E+00 0.000E+00 2.444E+06
 1.37856109E-05   5707.1 1.388E-01 1.193E+10 2.701E-02 2.300E-01 2.000E+05 0.000E+00 0.000E+00 2.072E+06
 2.13123291E-05   5719.3 2.143E-01 1.547E+10 2.312E-02 2.056E-01 2.000E+05 0.000E+00 0.000E+00 1.766E+06
 3.29244373E-05   5737.7 3.306E-01 2.030E+10 2.022E-02 1.884E-01 2.000E+05 0.000E+00 0.000E+00 1.522E+06
 5.03613074E-05   5763.8 5.051E-01 2.694E+10 1.823E-02 1.781E-01 2.000E+05 0.000E+00 0.000E+00 1.329E+06
 7.56153001E-05   5796.6 7.577E-01 3.587E+10 1.697E-02 1.734E-01 2.000E+05 0.000E+00 0.000E+00 1.180E+06
 1.12650707E-04   5806.5 1.128E+00 4.511E+10 1.504E-02 1.623E-01 2.000E+05 0.000E+00 0.000E+00 1.071E+06
 1.68498992E-04   5815.7 1.687E+00 5.670E+10 1.342E-02 1.535E-01 2.000E+05 0.000E+00 0.000E+00 9.835E+05
 2.51362752E-04   5824.5 2.516E+00 7.103E+10 1.215E-02 1.469E-01 2.000E+05 0.000E+00 0.000E+00 9.162E+05
 3.72326252E-04   5833.6 3.726E+00 8.866E+10 1.121E-02 1.426E-01 2.000E+05 0.000E+00 0.000E+00 8.651E+05
 5.44629859E-04   5845.0 5.449E+00 1.105E+11 1.064E-02 1.408E-01 2.000E+05 0.000E+00 0.000E+00 8.269E+05
 7.83712163E-04   5856.9 7.840E+00 1.366E+11 1.034E-02 1.409E-01 2.000E+05 0.000E+00 0.000E+00 7.992E+05
 1.10700291E-03   5870.5 1.107E+01 1.679E+11 1.033E-02 1.429E-01 2.000E+05 0.000E+00 0.000E+00 7.794E+05
 1.53313955E-03   5885.7 1.533E+01 2.051E+11 1.057E-02 1.467E-01 2.000E+05 0.000E+00 0.000E+00 7.655E+05
 2.08197502E-03   5902.7 2.082E+01 2.488E+11 1.106E-02 1.522E-01 2.000E+05 0.000E+00 0.000E+00 7.560E+05
 2.77548363E-03   5921.0 2.776E+01 3.000E+11 1.176E-02 1.592E-01 2.000E+05 0.000E+00 0.000E+00 7.496E+05
 3.63749315E-03   5941.3 3.638E+01 3.599E+11 1.271E-02 1.679E-01 2.000E+05 0.000E+00 0.000E+00 7.456E+05
 4.69610357E-03   5962.3 4.696E+01 4.292E+11 1.386E-02 1.779E-01 2.000E+05 0.000E+00 0.000E+00 7.432E+05
 5.98337659E-03   5985.1 5.983E+01 5.103E+11 1.528E-02 1.896E-01 2.000E+05 0.000E+00 0.000E+00 7.421E+05
 7.53731425E-03   6007.9 7.537E+01 6.029E+11 1.690E-02 2.024E-01 2.000E+05 0.000E+00 0.000E+00 7.419E+05
 9.40523971E-03   6031.3 9.405E+01 7.097E+11 1.879E-02 2.165E-01 2.000E+05 0.000E+00 0.000E+00 7.423E+05
 1.16465094E-02   6053.3 1.165E+02 8.293E+11 2.087E-02 2.312E-01 2.000E+05 0.000E+00 0.000E+00 7.434E+05
 1.43388794E-02   6074.0 1.434E+02 9.631E+11 2.315E-02 2.467E-01 2.000E+05 0.000E+00 0.000E+00 7.448E+05
 1.75810505E-02   6092.2 1.758E+02 1.110E+12 2.559E-02 2.624E-01 2.000E+05 0.000E+00 0.000E+00 7.467E+05
 2.15017535E-02   6107.5 2.150E+02 1.269E+12 2.815E-02 2.785E-01 2.000E+05 0.000E+00 0.000E+00 7.489E+05
 2.62658077E-02   6119.7 2.627E+02 1.441E+12 3.082E-02 2.950E-01 2.000E+05 0.000E+00 0.000E+00 7.514E+05
 3.20797604E-02   6129.2 3.208E+02 1.626E+12 3.363E-02 3.123E-01 2.000E+05 0.000E+00 0.000E+00 7.541E+05
 3.91908284E-02   6137.3 3.919E+02 1.829E+12 3.666E-02 3.311E-01 2.000E+05 0.000E+00 0.000E+00 7.570E+05
 4.78873659E-02   6145.0 4.789E+02 2.056E+12 4.000E-02 3.522E-01 2.000E+05 0.000E+00 0.000E+00 7.601E+05
 5.85053854E-02   6153.0 5.850E+02 2.312E+12 4.373E-02 3.759E-01 2.000E+05 0.000E+00 0.000E+00 7.632E+05
 7.14316404E-02   6162.1 7.143E+02 2.605E+12 4.799E-02 4.032E-01 2.000E+05 0.000E+00 0.000E+00 7.664E+05
 8.71072909E-02   6172.9 8.710E+02 2.944E+12 5.288E-02 4.346E-01 2.000E+05 0.000E+00 0.000E+00 7.696E+05
 1.06040548E-01   6185.6 1.060E+03 3.337E+12 5.849E-02 4.708E-01 2.000E+05 0.000E+00 0.000E+00 7.728E+05
 1.28814557E-01   6200.4 1.288E+03 3.795E+12 6.498E-02 5.127E-01 2.000E+05 0.000E+00 0.000E+00 7.759E+05
 1.56104992E-01   6217.2 1.561E+03 4.327E+12 7.243E-02 5.612E-01 2.000E+05 0.000E+00 0.000E+00 7.790E+05
 1.88688139E-01   6236.3 1.887E+03 4.952E+12 8.106E-02 6.176E-01 2.000E+05 0.000E+00 0.000E+00 7.820E+05
 2.27421351E-01   6258.5 2.274E+03 5.691E+12 9.116E-02 6.842E-01 2.000E+05 0.000E+00 0.000E+00 7.850E+05
 2.73211300E-01   6284.5 2.732E+03 6.579E+12 1.031E-01 7.638E-01 2.000E+05 0.000E+00 0.000E+00 7.880E+05
 3.27007991E-01   6315.0 3.270E+03 7.658E+12 1.175E-01 8.603E-01 2.000E+05 0.000E+00 0.000E+00 7.909E+05
 3.89678556E-01   6352.0 3.897E+03 9.005E+12 1.351E-01 9.804E-01 2.000E+05 0.000E+00 0.000E+00 7.937E+05
 4.61921300E-01   6396.6 4.619E+03 1.071E+13 1.572E-01 1.132E+00 2.000E+05 0.000E+00 0.000E+00 7.965E+05
 5.44163179E-01   6450.9 5.441E+03 1.292E+13 1.855E-01 1.327E+00 2.000E+05 0.000E+00 0.000E+00 7.993E+05
 6.36294213E-01   6517.7 6.362E+03 1.588E+13 2.228E-01 1.588E+00 2.000E+05 0.000E+00 0.000E+00 8.021E+05
 7.37579082E-01   6598.8 7.375E+03 1.990E+13 2.730E-01 1.941E+00 2.000E+05 0.000E+00 0.000E+00 8.047E+05
 8.46280915E-01   6700.5 8.462E+03 2.565E+13 3.442E-01 2.444E+00 2.000E+05 0.000E+00 0.000E+00 8.072E+05
 9.59698279E-01   6823.4 9.596E+03 3.391E+13 4.460E-01 3.169E+00 2.000E+05 0.000E+00 0.000E+00 8.095E+05
 1.07452540E+00   6972.0 1.074E+04 4.613E+13 5.977E-01 4.262E+00 2.000E+05 1.422E-01 0.000E+00 8.115E+05
 1.18650518E+00   7152.9 1.186E+04 6.489E+13 8.346E-01 5.988E+00 2.000E+05 1.777E+01 2.858E+02 8.133E+05
 1.29113231E+00   7370.0 1.291E+04 9.421E+13 1.219E+00 8.814E+00 2.000E+05 7.133E+02 1.354E+03 8.152E+05
 1.38415592E+00   7631.1 1.384E+04 1.415E+14 1.879E+00 1.376E+01 2.000E+05 3.212E+04 4.356E+03 8.182E+05
 1.46209779E+00   7945.0 1.462E+04 2.197E+14 3.084E+00 2.285E+01 2.000E+05 1.906E+06 1.471E+04 8.237E+05
 1.52357692E+00   8314.1 1.523E+04 3.491E+14 5.374E+00 4.016E+01 2.000E+05 5.233E+07 5.452E+04 8.340E+05
 1.56814187E+00   8778.2 1.567E+04 5.809E+14 1.034E+01 7.660E+01 2.000E+05 4.111E+08 1.541E+05 8.537E+05
 1.59826556E+00   9299.6 1.597E+04 9.491E+14 2.016E+01 1.335E+02 2.000E+05 2.017E+09 2.769E+05 8.856E+05
 1.62103915E+00   9710.1 1.619E+04 1.325E+15 3.199E+01 1.569E+02 2.000E+05 5.071E+09 4.464E+05 9.182E+05
 1.64210426E+00  10005.1 1.640E+04 1.640E+15 4.310E+01 1.457E+02 2.000E+05 8.123E+09 5.159E+05 9.459E+05
 1.66379591E+00  10258.5 1.662E+04 1.937E+15 5.406E+01 1.299E+02 2.000E+05 1.036E+10 5.625E+05 9.725E+05
 1.68732128E+00  10494.3 1.685E+04 2.231E+15 6.540E+01 1.159E+02 2.000E+05 1.189E+10 5.927E+05 9.995E+05
 1.71360817E+00  10722.5 1.711E+04 2.526E+15 7.713E+01 1.053E+02 2.000E+05 1.295E+10 6.133E+05 1.028E+06
 1.74361590E+00  10954.2 1.740E+04 2.830E+15 8.939E+01 1.006E+02 2.000E+05 1.361E+10 6.369E+05 1.058E+06
 1.77833830E+00  11205.4 1.775E+04 3.157E+15 1.024E+02 9.599E+01 2.000E+05 1.392E+10 6.437E+05 1.092E+06
 1.81944554E+00  11461.8 1.816E+04 3.484E+15 1.135E+02 9.876E+01 2.000E+05 1.437E+10 6.674E+05 1.128E+06
 1.86912890E+00  11795.9 1.865E+04 3.871E+15 1.247E+02 1.084E+02 2.000E+05 1.406E+10 6.955E+05 1.176E+06
 1.93037710E+00  12180.6 1.925E+04 4.258E+15 1.325E+02 1.103E+02 2.000E+05 1.431E+10 6.664E+05 1.231E+06
 2.00881407E+00  12632.0 2.002E+04 4.631E+15 1.342E+02 2.193E+02 2.000E+05 1.250E+10 8.097E+05 1.293E+06
 2.13772856E+00  14454.2 2.127E+04 4.929E+15 8.427E+01 3.813E+02 2.000E+05 5.168E+09 4.004E+05 1.522E+06
 2.48048558E+00  17714.3 2.459E+04 4.857E+15 3.271E+01 2.224E+02 2.000E+05 2.661E+08 5.361E+04 1.732E+06
 3.34514053E+00  20104.5 3.308E+04 5.877E+15 2.507E+01 1.629E+02 2.000E+05 2.656E+08 1.483E+04 1.917E+06
PRADK 4.8404E+00
BEGIN                    ITERATION  15 COMPLETED
