TEFF   5750.  GRAVITY 2.50000 LTE 
TITLE  [-4.0a] N(He)/Ntot=0.089 VTURB=2.0  L/H=1.25 NOVER                       
 OPACITY IFOP 1 1 1 1 1 1 1 1 1 1 1 1 1 0 1 0 0 0 0 0
 CONVECTION ON   1.25 TURBULENCE OFF  0.00  0.00  0.00  0.00
ABUNDANCE SCALE   0.00010 ABUNDANCE CHANGE 1 0.92160 2 0.07844
 ABUNDANCE CHANGE  3 -10.88  4 -10.89  5  -9.44  6  -3.49  7  -4.07  8  -2.77
 ABUNDANCE CHANGE  9  -7.44 10  -3.56 11  -5.71 12  -4.06 13  -5.57 14  -4.09
 ABUNDANCE CHANGE 15  -6.59 16  -4.34 17  -6.54 18  -5.14 19  -6.94 20  -5.28
 ABUNDANCE CHANGE 21  -8.86 22  -6.61 23  -8.04 24  -6.37 25  -6.65 26  -4.54
 ABUNDANCE CHANGE 27  -7.12 28  -5.79 29  -7.83 30  -7.44 31  -9.16 32  -8.63
 ABUNDANCE CHANGE 33  -9.67 34  -8.69 35  -9.41 36  -8.81 37  -9.44 38  -9.07
 ABUNDANCE CHANGE 39  -9.80 40  -9.44 41 -10.62 42 -10.12 43 -20.00 44 -10.20
 ABUNDANCE CHANGE 45 -10.92 46 -10.35 47 -11.10 48 -10.18 49 -10.58 50 -10.04
 ABUNDANCE CHANGE 51 -11.04 52  -9.80 53 -10.53 54  -9.81 55 -10.92 56  -9.91
 ABUNDANCE CHANGE 57 -10.87 58 -10.46 59 -11.33 60 -10.54 61 -20.00 62 -11.04
 ABUNDANCE CHANGE 63 -11.53 64 -10.92 65 -11.94 66 -10.94 67 -11.78 68 -11.11
 ABUNDANCE CHANGE 69 -12.04 70 -10.96 71 -11.28 72 -11.16 73 -11.91 74 -10.93
 ABUNDANCE CHANGE 75 -11.77 76 -10.59 77 -10.69 78 -10.24 79 -11.03 80 -10.95
 ABUNDANCE CHANGE 81 -11.14 82 -10.19 83 -11.33 84 -20.00 85 -20.00 86 -20.00
 ABUNDANCE CHANGE 87 -20.00 88 -20.00 89 -20.00 90 -11.92 91 -20.00 92 -12.51
 ABUNDANCE CHANGE 93 -20.00 94 -20.00 95 -20.00 96 -20.00 97 -20.00 98 -20.00
 ABUNDANCE CHANGE 99 -20.00
READ DECK6 72 RHOX,T,P,XNE,ABROSS,ACCRAD,VTURB, FLXCNV,VCONV,VELSND
 3.51410279E-04   4343.9 1.111E-01 1.403E+08 3.794E-04 2.539E-03 2.000E+05 0.000E+00 0.000E+00 2.837E+06
 4.74818333E-04   4345.5 1.502E-01 1.642E+08 3.413E-04 2.473E-03 2.000E+05 0.000E+00 0.000E+00 2.505E+06
 6.58252837E-04   4347.2 2.082E-01 1.947E+08 3.053E-04 2.413E-03 2.000E+05 0.000E+00 0.000E+00 2.191E+06
 9.31320588E-04   4350.5 2.945E-01 2.349E+08 2.740E-04 2.362E-03 2.000E+05 0.000E+00 0.000E+00 1.904E+06
 1.33839506E-03   4354.5 4.232E-01 2.865E+08 2.466E-04 2.318E-03 2.000E+05 0.000E+00 0.000E+00 1.651E+06
 1.93819050E-03   4360.4 6.129E-01 3.534E+08 2.244E-04 2.284E-03 2.000E+05 0.000E+00 0.000E+00 1.438E+06
 2.81133106E-03   4367.6 8.890E-01 4.388E+08 2.069E-04 2.258E-03 2.000E+05 0.000E+00 0.000E+00 1.264E+06
 4.06210360E-03   4376.9 1.285E+00 5.483E+08 1.943E-04 2.241E-03 2.000E+05 0.000E+00 0.000E+00 1.125E+06
 5.82031222E-03   4387.9 1.841E+00 6.871E+08 1.861E-04 2.232E-03 2.000E+05 0.000E+00 0.000E+00 1.019E+06
 8.24168244E-03   4400.6 2.606E+00 8.617E+08 1.820E-04 2.230E-03 2.000E+05 0.000E+00 0.000E+00 9.382E+05
 1.15087562E-02   4414.5 3.639E+00 1.078E+09 1.816E-04 2.234E-03 2.000E+05 0.000E+00 0.000E+00 8.785E+05
 1.58354326E-02   4428.9 5.008E+00 1.342E+09 1.843E-04 2.243E-03 2.000E+05 0.000E+00 0.000E+00 8.347E+05
 2.14769679E-02   4443.2 6.792E+00 1.656E+09 1.898E-04 2.258E-03 2.000E+05 0.000E+00 0.000E+00 8.027E+05
 2.87256163E-02   4457.8 9.084E+00 2.032E+09 1.984E-04 2.278E-03 2.000E+05 0.000E+00 0.000E+00 7.793E+05
 3.79117026E-02   4472.6 1.199E+01 2.477E+09 2.100E-04 2.303E-03 2.000E+05 0.000E+00 0.000E+00 7.624E+05
 4.94244957E-02   4487.2 1.563E+01 2.998E+09 2.245E-04 2.334E-03 2.000E+05 0.000E+00 0.000E+00 7.500E+05
 6.37241101E-02   4501.2 2.015E+01 3.599E+09 2.418E-04 2.370E-03 2.000E+05 0.000E+00 0.000E+00 7.409E+05
 8.13719412E-02   4514.5 2.573E+01 4.286E+09 2.620E-04 2.411E-03 2.000E+05 0.000E+00 0.000E+00 7.343E+05
 1.03043998E-01   4527.1 3.259E+01 5.065E+09 2.851E-04 2.458E-03 2.000E+05 0.000E+00 0.000E+00 7.295E+05
 1.29562827E-01   4538.6 4.097E+01 5.942E+09 3.111E-04 2.511E-03 2.000E+05 0.000E+00 0.000E+00 7.259E+05
 1.61923455E-01   4549.5 5.120E+01 6.928E+09 3.404E-04 2.571E-03 2.000E+05 0.000E+00 0.000E+00 7.232E+05
 2.01323410E-01   4559.5 6.366E+01 8.031E+09 3.731E-04 2.638E-03 2.000E+05 0.000E+00 0.000E+00 7.213E+05
 2.49288212E-01   4568.4 7.883E+01 9.248E+09 4.090E-04 2.711E-03 2.000E+05 0.000E+00 0.000E+00 7.199E+05
 3.07346652E-01   4579.4 9.719E+01 1.071E+10 4.526E-04 2.796E-03 2.000E+05 0.000E+00 0.000E+00 7.191E+05
 3.77300898E-01   4589.4 1.193E+02 1.232E+10 5.002E-04 2.889E-03 2.000E+05 0.000E+00 0.000E+00 7.186E+05
 4.61733940E-01   4598.4 1.460E+02 1.411E+10 5.525E-04 2.992E-03 2.000E+05 0.000E+00 0.000E+00 7.183E+05
 5.63723091E-01   4606.6 1.783E+02 1.608E+10 6.097E-04 3.105E-03 2.000E+05 0.000E+00 0.000E+00 7.181E+05
 6.86962135E-01   4614.2 2.172E+02 1.827E+10 6.728E-04 3.231E-03 2.000E+05 0.000E+00 0.000E+00 7.181E+05
 8.35976778E-01   4621.0 2.644E+02 2.067E+10 7.417E-04 3.370E-03 2.000E+05 0.000E+00 0.000E+00 7.181E+05
 1.01612047E+00   4627.7 3.213E+02 2.337E+10 8.186E-04 3.525E-03 2.000E+05 0.000E+00 0.000E+00 7.183E+05
 1.23396970E+00   4633.6 3.902E+02 2.633E+10 9.021E-04 3.695E-03 2.000E+05 0.000E+00 0.000E+00 7.184E+05
 1.49733284E+00   4639.7 4.735E+02 2.967E+10 9.959E-04 3.888E-03 2.000E+05 0.000E+00 0.000E+00 7.187E+05
 1.81552855E+00   4645.4 5.741E+02 3.337E+10 1.099E-03 4.101E-03 2.000E+05 0.000E+00 0.000E+00 7.189E+05
 2.19962812E+00   4651.5 6.956E+02 3.757E+10 1.215E-03 4.341E-03 2.000E+05 0.000E+00 0.000E+00 7.193E+05
 2.66278683E+00   4657.6 8.420E+02 4.228E+10 1.344E-03 4.611E-03 2.000E+05 0.000E+00 0.000E+00 7.196E+05
 3.22022720E+00   4664.5 1.018E+03 4.770E+10 1.492E-03 4.919E-03 2.000E+05 0.000E+00 0.000E+00 7.200E+05
 3.88979615E+00   4671.8 1.230E+03 5.385E+10 1.657E-03 5.268E-03 2.000E+05 0.000E+00 0.000E+00 7.205E+05
 4.69156725E+00   4680.6 1.484E+03 6.107E+10 1.850E-03 5.674E-03 2.000E+05 0.000E+00 0.000E+00 7.210E+05
 5.64813621E+00   4690.5 1.786E+03 6.948E+10 2.071E-03 6.144E-03 2.000E+05 0.000E+00 0.000E+00 7.217E+05
 6.78393574E+00   4702.6 2.145E+03 7.956E+10 2.333E-03 6.698E-03 2.000E+05 0.000E+00 0.000E+00 7.225E+05
 8.12449902E+00   4717.0 2.569E+03 9.173E+10 2.644E-03 7.358E-03 2.000E+05 0.000E+00 0.000E+00 7.235E+05
 9.69556974E+00   4734.7 3.066E+03 1.068E+11 3.021E-03 8.159E-03 2.000E+05 0.000E+00 0.000E+00 7.247E+05
 1.15201211E+01   4756.4 3.643E+03 1.257E+11 3.486E-03 9.145E-03 2.000E+05 0.000E+00 0.000E+00 7.262E+05
 1.36162623E+01   4783.1 4.306E+03 1.502E+11 4.071E-03 1.038E-02 2.000E+05 0.000E+00 0.000E+00 7.281E+05
 1.59927381E+01   4815.9 5.057E+03 1.824E+11 4.823E-03 1.197E-02 2.000E+05 0.000E+00 0.000E+00 7.304E+05
 1.86456346E+01   4856.2 5.896E+03 2.261E+11 5.810E-03 1.406E-02 2.000E+05 0.000E+00 0.000E+00 7.333E+05
 2.15558941E+01   4905.1 6.816E+03 2.865E+11 7.126E-03 1.682E-02 2.000E+05 0.000E+00 0.000E+00 7.369E+05
 2.46885789E+01   4964.0 7.807E+03 3.722E+11 8.919E-03 2.058E-02 2.000E+05 0.000E+00 0.000E+00 7.412E+05
 2.79844965E+01   5036.1 8.849E+03 4.993E+11 1.145E-02 2.588E-02 2.000E+05 0.000E+00 0.000E+00 7.463E+05
 3.13570362E+01   5124.3 9.916E+03 6.953E+11 1.515E-02 3.358E-02 2.000E+05 0.000E+00 0.000E+00 7.526E+05
 3.47069521E+01   5230.5 1.098E+04 1.005E+12 2.065E-02 4.500E-02 2.000E+05 0.000E+00 0.000E+00 7.599E+05
 3.79358305E+01   5357.1 1.200E+04 1.510E+12 2.901E-02 6.235E-02 2.000E+05 2.509E-01 0.000E+00 7.682E+05
 4.09493828E+01   5507.6 1.295E+04 2.363E+12 4.215E-02 8.954E-02 2.000E+05 7.717E+01 3.521E+02 7.775E+05
 4.36665269E+01   5685.9 1.381E+04 3.854E+12 6.347E-02 1.336E-01 2.000E+05 2.671E+03 2.338E+03 7.875E+05
 4.60304097E+01   5895.2 1.455E+04 6.535E+12 9.906E-02 2.071E-01 2.000E+05 6.207E+04 7.398E+03 7.977E+05
 4.80062905E+01   6141.8 1.518E+04 1.154E+13 1.614E-01 3.362E-01 2.000E+05 1.071E+06 2.069E+04 8.072E+05
 4.95937117E+01   6425.8 1.568E+04 2.092E+13 2.731E-01 5.683E-01 2.000E+05 1.159E+07 5.221E+04 8.145E+05
 5.08036098E+01   6766.0 1.606E+04 3.974E+13 4.939E-01 1.025E+00 2.000E+05 6.054E+07 1.103E+05 8.186E+05
 5.16574906E+01   7168.4 1.633E+04 7.809E+13 9.592E-01 1.881E+00 2.000E+05 3.983E+08 1.713E+05 8.197E+05
 5.22577830E+01   7546.5 1.652E+04 1.376E+14 1.745E+00 2.738E+00 2.000E+05 1.287E+09 3.227E+05 8.209E+05
 5.27367677E+01   7830.5 1.667E+04 2.029E+14 2.698E+00 2.861E+00 2.000E+05 2.399E+09 3.948E+05 8.239E+05
 5.31753360E+01   8047.5 1.681E+04 2.680E+14 3.740E+00 2.587E+00 2.000E+05 3.250E+09 4.200E+05 8.279E+05
 5.36104769E+01   8230.8 1.694E+04 3.350E+14 4.899E+00 2.296E+00 2.000E+05 3.792E+09 4.310E+05 8.326E+05
 5.40616974E+01   8394.0 1.709E+04 4.052E+14 6.202E+00 2.056E+00 2.000E+05 4.132E+09 4.335E+05 8.379E+05
 5.45428017E+01   8544.5 1.724E+04 4.796E+14 7.678E+00 1.869E+00 2.000E+05 4.349E+09 4.328E+05 8.436E+05
 5.50646512E+01   8688.2 1.740E+04 5.602E+14 9.380E+00 1.725E+00 2.000E+05 4.492E+09 4.305E+05 8.498E+05
 5.56380309E+01   8827.1 1.758E+04 6.477E+14 1.132E+01 1.599E+00 2.000E+05 4.596E+09 4.274E+05 8.565E+05
 5.62737703E+01   8964.6 1.778E+04 7.442E+14 1.358E+01 1.496E+00 2.000E+05 4.668E+09 4.249E+05 8.639E+05
 5.69821938E+01   9102.0 1.800E+04 8.510E+14 1.621E+01 1.396E+00 2.000E+05 4.726E+09 4.201E+05 8.719E+05
 5.77760132E+01   9238.3 1.825E+04 9.680E+14 1.924E+01 1.322E+00 2.000E+05 4.771E+09 4.195E+05 8.805E+05
 5.86665503E+01   9381.3 1.853E+04 1.103E+15 2.288E+01 1.241E+00 2.000E+05 4.796E+09 4.133E+05 8.902E+05
 5.96734001E+01   9517.8 1.885E+04 1.244E+15 2.680E+01 1.250E+00 2.000E+05 4.829E+09 4.137E+05 9.001E+05
PRADK 1.4637E+00
BEGIN                    ITERATION  15 COMPLETED
