TEFF   5000.  GRAVITY 1.00000 LTE 
TITLE  [-4.0a] N(He)/Ntot=0.089 VTURB=2.0  L/H=1.25 NOVER                       
 OPACITY IFOP 1 1 1 1 1 1 1 1 1 1 1 1 1 0 1 0 0 0 0 0
 CONVECTION ON   1.25 TURBULENCE OFF  0.00  0.00  0.00  0.00
ABUNDANCE SCALE   0.00010 ABUNDANCE CHANGE 1 0.92160 2 0.07844
 ABUNDANCE CHANGE  3 -10.88  4 -10.89  5  -9.44  6  -3.49  7  -4.07  8  -2.77
 ABUNDANCE CHANGE  9  -7.44 10  -3.56 11  -5.71 12  -4.06 13  -5.57 14  -4.09
 ABUNDANCE CHANGE 15  -6.59 16  -4.34 17  -6.54 18  -5.14 19  -6.94 20  -5.28
 ABUNDANCE CHANGE 21  -8.86 22  -6.61 23  -8.04 24  -6.37 25  -6.65 26  -4.54
 ABUNDANCE CHANGE 27  -7.12 28  -5.79 29  -7.83 30  -7.44 31  -9.16 32  -8.63
 ABUNDANCE CHANGE 33  -9.67 34  -8.69 35  -9.41 36  -8.81 37  -9.44 38  -9.07
 ABUNDANCE CHANGE 39  -9.80 40  -9.44 41 -10.62 42 -10.12 43 -20.00 44 -10.20
 ABUNDANCE CHANGE 45 -10.92 46 -10.35 47 -11.10 48 -10.18 49 -10.58 50 -10.04
 ABUNDANCE CHANGE 51 -11.04 52  -9.80 53 -10.53 54  -9.81 55 -10.92 56  -9.91
 ABUNDANCE CHANGE 57 -10.87 58 -10.46 59 -11.33 60 -10.54 61 -20.00 62 -11.04
 ABUNDANCE CHANGE 63 -11.53 64 -10.92 65 -11.94 66 -10.94 67 -11.78 68 -11.11
 ABUNDANCE CHANGE 69 -12.04 70 -10.96 71 -11.28 72 -11.16 73 -11.91 74 -10.93
 ABUNDANCE CHANGE 75 -11.77 76 -10.59 77 -10.69 78 -10.24 79 -11.03 80 -10.95
 ABUNDANCE CHANGE 81 -11.14 82 -10.19 83 -11.33 84 -20.00 85 -20.00 86 -20.00
 ABUNDANCE CHANGE 87 -20.00 88 -20.00 89 -20.00 90 -11.92 91 -20.00 92 -12.51
 ABUNDANCE CHANGE 93 -20.00 94 -20.00 95 -20.00 96 -20.00 97 -20.00 98 -20.00
 ABUNDANCE CHANGE 99 -20.00
READ DECK6 72 RHOX,T,P,XNE,ABROSS,ACCRAD,VTURB, FLXCNV,VCONV,VELSND
 3.37925095E-03   3673.2 3.379E-02 2.694E+06 3.947E-05 3.678E-04 2.000E+05 0.000E+00 0.000E+00 4.016E+06
 4.54185514E-03   3679.2 4.541E-02 3.235E+06 3.704E-05 3.663E-04 2.000E+05 0.000E+00 0.000E+00 3.487E+06
 6.20874821E-03   3681.4 6.208E-02 3.833E+06 3.412E-05 3.646E-04 2.000E+05 0.000E+00 0.000E+00 3.006E+06
 8.60875628E-03   3687.1 8.608E-02 4.667E+06 3.179E-05 3.633E-04 2.000E+05 0.000E+00 0.000E+00 2.580E+06
 1.20455280E-02   3693.9 1.204E-01 5.745E+06 2.974E-05 3.622E-04 2.000E+05 0.000E+00 0.000E+00 2.212E+06
 1.69246192E-02   3702.6 1.692E-01 7.164E+06 2.806E-05 3.613E-04 2.000E+05 0.000E+00 0.000E+00 1.901E+06
 2.37868795E-02   3713.1 2.379E-01 9.032E+06 2.672E-05 3.607E-04 2.000E+05 0.000E+00 0.000E+00 1.643E+06
 3.33418810E-02   3725.8 3.334E-01 1.150E+07 2.573E-05 3.603E-04 2.000E+05 0.000E+00 0.000E+00 1.433E+06
 4.64910562E-02   3740.5 4.649E-01 1.478E+07 2.507E-05 3.602E-04 2.000E+05 0.000E+00 0.000E+00 1.264E+06
 6.43820084E-02   3757.1 6.438E-01 1.911E+07 2.471E-05 3.602E-04 2.000E+05 0.000E+00 0.000E+00 1.129E+06
 8.84472315E-02   3775.2 8.844E-01 2.480E+07 2.462E-05 3.604E-04 2.000E+05 0.000E+00 0.000E+00 1.023E+06
 1.20505992E-01   3794.2 1.205E+00 3.219E+07 2.475E-05 3.607E-04 2.000E+05 0.000E+00 0.000E+00 9.408E+05
 1.62825847E-01   3814.1 1.628E+00 4.176E+07 2.511E-05 3.610E-04 2.000E+05 0.000E+00 0.000E+00 8.768E+05
 2.18211129E-01   3834.4 2.182E+00 5.401E+07 2.568E-05 3.613E-04 2.000E+05 0.000E+00 0.000E+00 8.277E+05
 2.90214950E-01   3854.4 2.902E+00 6.939E+07 2.641E-05 3.618E-04 2.000E+05 0.000E+00 0.000E+00 7.901E+05
 3.83269766E-01   3874.0 3.832E+00 8.855E+07 2.734E-05 3.626E-04 2.000E+05 0.000E+00 0.000E+00 7.614E+05
 5.02792347E-01   3893.1 5.028E+00 1.122E+08 2.847E-05 3.636E-04 2.000E+05 0.000E+00 0.000E+00 7.396E+05
 6.55323953E-01   3911.7 6.553E+00 1.413E+08 2.984E-05 3.650E-04 2.000E+05 0.000E+00 0.000E+00 7.232E+05
 8.48660556E-01   3930.0 8.486E+00 1.768E+08 3.150E-05 3.666E-04 2.000E+05 0.000E+00 0.000E+00 7.109E+05
 1.09213191E+00   3947.5 1.092E+01 2.195E+08 3.345E-05 3.687E-04 2.000E+05 0.000E+00 0.000E+00 7.017E+05
 1.39698734E+00   3964.1 1.397E+01 2.702E+08 3.571E-05 3.711E-04 2.000E+05 0.000E+00 0.000E+00 6.949E+05
 1.77673976E+00   3979.8 1.777E+01 3.300E+08 3.832E-05 3.740E-04 2.000E+05 0.000E+00 0.000E+00 6.898E+05
 2.24788061E+00   3994.2 2.248E+01 3.991E+08 4.125E-05 3.773E-04 2.000E+05 0.000E+00 0.000E+00 6.860E+05
 2.83033092E+00   4007.6 2.830E+01 4.789E+08 4.458E-05 3.812E-04 2.000E+05 0.000E+00 0.000E+00 6.833E+05
 3.54837107E+00   4019.7 3.548E+01 5.692E+08 4.826E-05 3.856E-04 2.000E+05 0.000E+00 0.000E+00 6.812E+05
 4.43155478E+00   4030.7 4.431E+01 6.717E+08 5.239E-05 3.906E-04 2.000E+05 0.000E+00 0.000E+00 6.797E+05
 5.51482378E+00   4040.9 5.515E+01 7.880E+08 5.704E-05 3.963E-04 2.000E+05 0.000E+00 0.000E+00 6.786E+05
 6.84000460E+00   4050.4 6.840E+01 9.192E+08 6.225E-05 4.027E-04 2.000E+05 0.000E+00 0.000E+00 6.778E+05
 8.45697758E+00   4059.4 8.457E+01 1.068E+09 6.812E-05 4.100E-04 2.000E+05 0.000E+00 0.000E+00 6.773E+05
 1.04249899E+01   4067.9 1.042E+02 1.236E+09 7.472E-05 4.182E-04 2.000E+05 0.000E+00 0.000E+00 6.770E+05
 1.28150923E+01   4076.1 1.281E+02 1.425E+09 8.213E-05 4.274E-04 2.000E+05 0.000E+00 0.000E+00 6.769E+05
 1.57108227E+01   4084.1 1.571E+02 1.640E+09 9.052E-05 4.379E-04 2.000E+05 0.000E+00 0.000E+00 6.769E+05
 1.92099621E+01   4092.2 1.921E+02 1.885E+09 1.000E-04 4.497E-04 2.000E+05 0.000E+00 0.000E+00 6.770E+05
 2.34273062E+01   4100.4 2.343E+02 2.165E+09 1.108E-04 4.633E-04 2.000E+05 0.000E+00 0.000E+00 6.772E+05
 2.84953676E+01   4108.9 2.849E+02 2.487E+09 1.232E-04 4.788E-04 2.000E+05 0.000E+00 0.000E+00 6.774E+05
 3.45655790E+01   4118.1 3.456E+02 2.860E+09 1.374E-04 4.967E-04 2.000E+05 0.000E+00 0.000E+00 6.778E+05
 4.18071752E+01   4128.1 4.181E+02 3.297E+09 1.539E-04 5.176E-04 2.000E+05 0.000E+00 0.000E+00 6.783E+05
 5.04047506E+01   4139.3 5.040E+02 3.816E+09 1.733E-04 5.421E-04 2.000E+05 0.000E+00 0.000E+00 6.789E+05
 6.05535917E+01   4152.1 6.055E+02 4.439E+09 1.964E-04 5.713E-04 2.000E+05 0.000E+00 0.000E+00 6.796E+05
 7.24534071E+01   4166.9 7.245E+02 5.198E+09 2.242E-04 6.065E-04 2.000E+05 0.000E+00 0.000E+00 6.805E+05
 8.62937376E+01   4184.1 8.629E+02 6.140E+09 2.581E-04 6.494E-04 2.000E+05 0.000E+00 0.000E+00 6.816E+05
 1.02238237E+02   4204.4 1.022E+03 7.328E+09 3.004E-04 7.026E-04 2.000E+05 0.000E+00 0.000E+00 6.831E+05
 1.20403424E+02   4228.4 1.204E+03 8.857E+09 3.537E-04 7.697E-04 2.000E+05 0.000E+00 0.000E+00 6.848E+05
 1.40836177E+02   4256.7 1.408E+03 1.086E+10 4.222E-04 8.554E-04 2.000E+05 0.000E+00 0.000E+00 6.869E+05
 1.63486977E+02   4290.3 1.635E+03 1.356E+10 5.119E-04 9.670E-04 2.000E+05 0.000E+00 0.000E+00 6.895E+05
 1.88179631E+02   4330.2 1.882E+03 1.726E+10 6.318E-04 1.115E-03 2.000E+05 0.000E+00 0.000E+00 6.926E+05
 2.14608665E+02   4377.0 2.146E+03 2.246E+10 7.944E-04 1.315E-03 2.000E+05 0.000E+00 0.000E+00 6.963E+05
 2.42344900E+02   4431.9 2.423E+03 2.992E+10 1.019E-03 1.590E-03 2.000E+05 0.000E+00 0.000E+00 7.007E+05
 2.70984017E+02   4493.8 2.710E+03 4.056E+10 1.327E-03 1.964E-03 2.000E+05 0.000E+00 0.000E+00 7.057E+05
 2.99718170E+02   4572.2 2.997E+03 5.788E+10 1.803E-03 2.537E-03 2.000E+05 0.000E+00 0.000E+00 7.119E+05
 3.27536747E+02   4664.3 3.275E+03 8.551E+10 2.513E-03 3.380E-03 2.000E+05 0.000E+00 0.000E+00 7.191E+05
 3.53865544E+02   4770.1 3.538E+03 1.301E+11 3.582E-03 4.639E-03 2.000E+05 3.266E-02 0.000E+00 7.272E+05
 3.78093310E+02   4895.4 3.780E+03 2.066E+11 5.283E-03 6.636E-03 2.000E+05 3.737E+00 2.599E+02 7.364E+05
 3.99639420E+02   5042.3 3.996E+03 3.421E+11 8.049E-03 9.867E-03 2.000E+05 1.074E+02 1.242E+03 7.466E+05
 4.18186669E+02   5214.0 4.181E+03 5.909E+11 1.268E-02 1.527E-02 2.000E+05 2.235E+03 3.715E+03 7.577E+05
 4.33610627E+02   5414.0 4.335E+03 1.062E+12 2.068E-02 2.458E-02 2.000E+05 4.143E+04 1.010E+04 7.693E+05
 4.45975039E+02   5647.3 4.458E+03 1.987E+12 3.509E-02 4.138E-02 2.000E+05 4.848E+05 2.655E+04 7.805E+05
 4.55497935E+02   5916.9 4.553E+03 3.840E+12 6.196E-02 7.282E-02 2.000E+05 3.966E+06 5.862E+04 7.898E+05
 4.62484383E+02   6233.4 4.622E+03 7.711E+12 1.158E-01 1.359E-01 2.000E+05 2.316E+07 1.137E+05 7.954E+05
 4.67279069E+02   6603.6 4.669E+03 1.596E+13 2.306E-01 2.566E-01 2.000E+05 2.004E+08 1.925E+05 7.963E+05
 4.70542624E+02   6962.5 4.701E+03 2.996E+13 4.366E-01 3.888E-01 2.000E+05 7.258E+08 3.964E+05 7.951E+05
 4.73041168E+02   7236.6 4.725E+03 4.642E+13 7.014E-01 4.106E-01 2.000E+05 1.417E+09 5.042E+05 7.957E+05
 4.75269266E+02   7438.6 4.746E+03 6.275E+13 9.889E-01 3.612E-01 2.000E+05 1.933E+09 5.319E+05 7.978E+05
 4.77455278E+02   7603.6 4.767E+03 7.929E+13 1.305E+00 3.222E-01 2.000E+05 2.228E+09 5.450E+05 8.008E+05
 4.79700378E+02   7752.2 4.789E+03 9.700E+13 1.669E+00 2.866E-01 2.000E+05 2.405E+09 5.417E+05 8.045E+05
 4.82084904E+02   7882.3 4.812E+03 1.150E+14 2.065E+00 2.634E-01 2.000E+05 2.519E+09 5.437E+05 8.085E+05
 4.84651268E+02   8014.7 4.837E+03 1.358E+14 2.558E+00 2.430E-01 2.000E+05 2.590E+09 5.350E+05 8.134E+05
 4.87459172E+02   8130.2 4.864E+03 1.563E+14 3.076E+00 2.232E-01 2.000E+05 2.648E+09 5.334E+05 8.184E+05
 4.90552107E+02   8258.2 4.895E+03 1.817E+14 3.757E+00 2.127E-01 2.000E+05 2.687E+09 5.278E+05 8.245E+05
 4.93974552E+02   8369.9 4.928E+03 2.064E+14 4.462E+00 1.934E-01 2.000E+05 2.711E+09 5.214E+05 8.305E+05
 4.97778691E+02   8496.0 4.965E+03 2.371E+14 5.398E+00 1.875E-01 2.000E+05 2.745E+09 5.199E+05 8.380E+05
 5.02019657E+02   8610.5 5.007E+03 2.679E+14 6.395E+00 1.850E-01 2.000E+05 2.743E+09 5.144E+05 8.453E+05
PRADK 8.3147E-01
BEGIN                    ITERATION  15 COMPLETED
