TEFF   6750.  GRAVITY 2.00000 LTE 
TITLE  [-4.0a] N(He)/Ntot=0.089 VTURB=2.0  L/H=1.25 NOVER                       
 OPACITY IFOP 1 1 1 1 1 1 1 1 1 1 1 1 1 0 1 0 0 0 0 0
 CONVECTION ON   1.25 TURBULENCE OFF  0.00  0.00  0.00  0.00
ABUNDANCE SCALE   0.00010 ABUNDANCE CHANGE 1 0.92160 2 0.07844
 ABUNDANCE CHANGE  3 -10.88  4 -10.89  5  -9.44  6  -3.49  7  -4.07  8  -2.77
 ABUNDANCE CHANGE  9  -7.44 10  -3.56 11  -5.71 12  -4.06 13  -5.57 14  -4.09
 ABUNDANCE CHANGE 15  -6.59 16  -4.34 17  -6.54 18  -5.14 19  -6.94 20  -5.28
 ABUNDANCE CHANGE 21  -8.86 22  -6.61 23  -8.04 24  -6.37 25  -6.65 26  -4.54
 ABUNDANCE CHANGE 27  -7.12 28  -5.79 29  -7.83 30  -7.44 31  -9.16 32  -8.63
 ABUNDANCE CHANGE 33  -9.67 34  -8.69 35  -9.41 36  -8.81 37  -9.44 38  -9.07
 ABUNDANCE CHANGE 39  -9.80 40  -9.44 41 -10.62 42 -10.12 43 -20.00 44 -10.20
 ABUNDANCE CHANGE 45 -10.92 46 -10.35 47 -11.10 48 -10.18 49 -10.58 50 -10.04
 ABUNDANCE CHANGE 51 -11.04 52  -9.80 53 -10.53 54  -9.81 55 -10.92 56  -9.91
 ABUNDANCE CHANGE 57 -10.87 58 -10.46 59 -11.33 60 -10.54 61 -20.00 62 -11.04
 ABUNDANCE CHANGE 63 -11.53 64 -10.92 65 -11.94 66 -10.94 67 -11.78 68 -11.11
 ABUNDANCE CHANGE 69 -12.04 70 -10.96 71 -11.28 72 -11.16 73 -11.91 74 -10.93
 ABUNDANCE CHANGE 75 -11.77 76 -10.59 77 -10.69 78 -10.24 79 -11.03 80 -10.95
 ABUNDANCE CHANGE 81 -11.14 82 -10.19 83 -11.33 84 -20.00 85 -20.00 86 -20.00
 ABUNDANCE CHANGE 87 -20.00 88 -20.00 89 -20.00 90 -11.92 91 -20.00 92 -12.51
 ABUNDANCE CHANGE 93 -20.00 94 -20.00 95 -20.00 96 -20.00 97 -20.00 98 -20.00
 ABUNDANCE CHANGE 99 -20.00
READ DECK6 72 RHOX,T,P,XNE,ABROSS,ACCRAD,VTURB, FLXCNV,VCONV,VELSND
 2.20960699E-06   4954.8 2.223E-04 5.016E+07 5.968E-02 2.385E-01 2.000E+05 0.000E+00 0.000E+00 2.835E+07
 3.00012429E-06   4954.8 3.022E-04 6.010E+07 5.162E-02 2.070E-01 2.000E+05 0.000E+00 0.000E+00 2.460E+07
 4.22416063E-06   4954.8 4.261E-04 7.330E+07 4.376E-02 1.765E-01 2.000E+05 0.000E+00 0.000E+00 2.104E+07
 6.17636083E-06   4954.9 6.231E-04 9.080E+07 3.646E-02 1.478E-01 2.000E+05 0.000E+00 0.000E+00 1.774E+07
 9.36673504E-06   4954.9 9.436E-04 1.142E+08 2.986E-02 1.218E-01 2.000E+05 0.000E+00 2.588E+07 1.479E+07
 1.45852711E-05   4957.8 1.467E-03 1.464E+08 2.438E-02 1.003E-01 2.000E+05 0.000E+00 3.003E+07 1.225E+07
 2.31089657E-05   4963.6 2.321E-03 1.904E+08 1.993E-02 8.283E-02 2.000E+05 0.000E+00 2.261E+07 1.012E+07
 3.70081026E-05   4971.7 3.712E-03 2.501E+08 1.634E-02 6.880E-02 2.000E+05 0.000E+00 1.507E+07 8.364E+06
 5.95605950E-05   4981.7 5.970E-03 3.306E+08 1.347E-02 5.759E-02 2.000E+05 0.000E+00 9.133E+06 6.930E+06
 9.60945266E-05   4991.4 9.625E-03 4.365E+08 1.109E-02 4.835E-02 2.000E+05 0.000E+00 5.187E+06 5.767E+06
 1.55068188E-04   5002.6 1.552E-02 5.782E+08 9.181E-03 4.100E-02 2.000E+05 0.000E+00 2.435E+06 4.818E+06
 2.50970932E-04   5007.9 2.512E-02 7.521E+08 7.462E-03 3.439E-02 2.000E+05 0.000E+00 5.061E+04 4.055E+06
 4.08116034E-04   5014.4 4.084E-02 9.833E+08 6.090E-03 2.915E-02 2.000E+05 0.000E+00 0.000E+00 3.420E+06
 6.64916776E-04   5020.2 6.652E-02 1.283E+09 4.971E-03 2.491E-02 2.000E+05 0.000E+00 0.000E+00 2.896E+06
 1.08293525E-03   5027.2 1.083E-01 1.679E+09 4.089E-03 2.160E-02 2.000E+05 0.000E+00 0.000E+00 2.459E+06
 1.75708205E-03   5035.3 1.757E-01 2.199E+09 3.399E-03 1.903E-02 2.000E+05 0.000E+00 0.000E+00 2.097E+06
 2.83072462E-03   5045.1 2.831E-01 2.883E+09 2.868E-03 1.708E-02 2.000E+05 0.000E+00 0.000E+00 1.799E+06
 4.51046236E-03   5057.3 4.511E-01 3.787E+09 2.469E-03 1.565E-02 2.000E+05 0.000E+00 0.000E+00 1.555E+06
 7.08222539E-03   5071.8 7.082E-01 4.970E+09 2.175E-03 1.461E-02 2.000E+05 0.000E+00 0.000E+00 1.359E+06
 1.09201640E-02   5089.3 1.092E+00 6.520E+09 1.970E-03 1.392E-02 2.000E+05 0.000E+00 0.000E+00 1.204E+06
 1.64850580E-02   5109.4 1.648E+00 8.528E+09 1.837E-03 1.350E-02 2.000E+05 0.000E+00 0.000E+00 1.084E+06
 2.43145145E-02   5132.1 2.431E+00 1.111E+10 1.767E-03 1.332E-02 2.000E+05 0.000E+00 0.000E+00 9.928E+05
 3.50126257E-02   5156.6 3.501E+00 1.436E+10 1.748E-03 1.333E-02 2.000E+05 0.000E+00 0.000E+00 9.248E+05
 4.92142470E-02   5183.7 4.921E+00 1.847E+10 1.779E-03 1.353E-02 2.000E+05 0.000E+00 0.000E+00 8.747E+05
 6.76101592E-02   5211.4 6.760E+00 2.351E+10 1.851E-03 1.387E-02 2.000E+05 0.000E+00 0.000E+00 8.382E+05
 9.09232654E-02   5240.8 9.091E+00 2.973E+10 1.967E-03 1.438E-02 2.000E+05 0.000E+00 0.000E+00 8.116E+05
 1.19958508E-01   5270.4 1.199E+01 3.721E+10 2.120E-03 1.501E-02 2.000E+05 0.000E+00 0.000E+00 7.924E+05
 1.55647682E-01   5300.2 1.556E+01 4.618E+10 2.313E-03 1.576E-02 2.000E+05 0.000E+00 0.000E+00 7.785E+05
 1.99111541E-01   5328.9 1.991E+01 5.667E+10 2.539E-03 1.661E-02 2.000E+05 0.000E+00 0.000E+00 7.685E+05
 2.51850465E-01   5355.2 2.518E+01 6.865E+10 2.791E-03 1.752E-02 2.000E+05 0.000E+00 0.000E+00 7.615E+05
 3.15810555E-01   5378.9 3.158E+01 8.211E+10 3.067E-03 1.848E-02 2.000E+05 0.000E+00 0.000E+00 7.567E+05
 3.93714304E-01   5397.3 3.937E+01 9.649E+10 3.346E-03 1.944E-02 2.000E+05 0.000E+00 0.000E+00 7.536E+05
 4.89059059E-01   5412.6 4.890E+01 1.121E+11 3.642E-03 2.048E-02 2.000E+05 0.000E+00 0.000E+00 7.517E+05
 6.06291307E-01   5423.3 6.062E+01 1.286E+11 3.940E-03 2.153E-02 2.000E+05 0.000E+00 0.000E+00 7.508E+05
 7.50685917E-01   5432.7 7.505E+01 1.468E+11 4.270E-03 2.274E-02 2.000E+05 0.000E+00 0.000E+00 7.505E+05
 9.28147525E-01   5441.3 9.280E+01 1.672E+11 4.639E-03 2.410E-02 2.000E+05 0.000E+00 0.000E+00 7.508E+05
 1.14547167E+00   5450.3 1.145E+02 1.903E+11 5.064E-03 2.569E-02 2.000E+05 0.000E+00 0.000E+00 7.514E+05
 1.41010279E+00   5460.8 1.410E+02 2.172E+11 5.562E-03 2.757E-02 2.000E+05 0.000E+00 0.000E+00 7.524E+05
 1.73052245E+00   5472.6 1.730E+02 2.484E+11 6.143E-03 2.977E-02 2.000E+05 0.000E+00 0.000E+00 7.536E+05
 2.11595188E+00   5487.0 2.115E+02 2.855E+11 6.834E-03 3.240E-02 2.000E+05 0.000E+00 0.000E+00 7.549E+05
 2.57644806E+00   5503.9 2.576E+02 3.295E+11 7.651E-03 3.552E-02 2.000E+05 0.000E+00 0.000E+00 7.564E+05
 3.12245861E+00   5524.7 3.122E+02 3.832E+11 8.645E-03 3.933E-02 2.000E+05 0.000E+00 0.000E+00 7.581E+05
 3.76412022E+00   5549.6 3.763E+02 4.491E+11 9.851E-03 4.398E-02 2.000E+05 0.000E+00 0.000E+00 7.599E+05
 4.51063249E+00   5580.4 4.509E+02 5.325E+11 1.136E-02 4.982E-02 2.000E+05 0.000E+00 0.000E+00 7.617E+05
 5.36841887E+00   5617.9 5.366E+02 6.396E+11 1.327E-02 5.723E-02 2.000E+05 0.000E+00 0.000E+00 7.637E+05
 6.34038704E+00   5663.8 6.338E+02 7.804E+11 1.573E-02 6.684E-02 2.000E+05 0.000E+00 0.000E+00 7.658E+05
 7.42336618E+00   5720.0 7.420E+02 9.706E+11 1.901E-02 7.961E-02 2.000E+05 0.000E+00 0.000E+00 7.680E+05
 8.60663371E+00   5788.4 8.602E+02 1.234E+12 2.344E-02 9.697E-02 2.000E+05 0.000E+00 0.000E+00 7.702E+05
 9.87042920E+00   5871.8 9.865E+02 1.609E+12 2.964E-02 1.213E-01 2.000E+05 0.000E+00 0.000E+00 7.723E+05
 1.11833429E+01   5973.9 1.118E+03 2.163E+12 3.865E-02 1.567E-01 2.000E+05 0.000E+00 0.000E+00 7.742E+05
 1.25039758E+01   6097.2 1.249E+03 3.002E+12 5.211E-02 2.100E-01 2.000E+05 0.000E+00 0.000E+00 7.756E+05
 1.37873906E+01   6244.6 1.377E+03 4.301E+12 7.285E-02 2.929E-01 2.000E+05 2.133E-03 0.000E+00 7.763E+05
 1.49857762E+01   6421.3 1.497E+03 6.386E+12 1.064E-01 4.288E-01 2.000E+05 1.386E-01 1.376E+02 7.763E+05
 1.60502750E+01   6634.5 1.603E+03 9.870E+12 1.643E-01 6.671E-01 2.000E+05 7.754E+00 5.214E+02 7.759E+05
 1.69408929E+01   6890.3 1.691E+03 1.586E+13 2.704E-01 1.113E+00 2.000E+05 6.006E+02 1.884E+03 7.762E+05
 1.76344401E+01   7196.9 1.759E+03 2.648E+13 4.809E-01 2.013E+00 2.000E+05 7.825E+04 7.575E+03 7.796E+05
 1.81337781E+01   7557.3 1.808E+03 4.529E+13 9.253E-01 3.948E+00 2.000E+05 1.068E+06 3.615E+04 7.891E+05
 1.84576709E+01   8002.5 1.838E+03 8.077E+13 2.001E+00 8.688E+00 2.000E+05 6.959E+07 7.775E+04 8.099E+05
 1.86479280E+01   8520.5 1.855E+03 1.426E+14 4.582E+00 1.811E+01 2.000E+05 8.688E+08 3.161E+05 8.475E+05
 1.87716107E+01   8944.2 1.865E+03 2.100E+14 8.326E+00 2.360E+01 2.000E+05 2.798E+09 6.996E+05 8.899E+05
 1.88761780E+01   9231.2 1.873E+03 2.624E+14 1.185E+01 2.156E+01 2.000E+05 4.828E+09 8.502E+05 9.250E+05
 1.89804137E+01   9458.0 1.881E+03 3.059E+14 1.510E+01 1.890E+01 2.000E+05 6.203E+09 9.269E+05 9.563E+05
 1.90923447E+01   9670.7 1.890E+03 3.470E+14 1.837E+01 1.722E+01 2.000E+05 7.049E+09 9.918E+05 9.883E+05
 1.92169771E+01   9883.0 1.901E+03 3.866E+14 2.169E+01 1.592E+01 2.000E+05 7.543E+09 1.024E+06 1.022E+06
 1.93601110E+01  10099.2 1.913E+03 4.244E+14 2.480E+01 1.621E+01 2.000E+05 7.854E+09 1.076E+06 1.058E+06
 1.95288320E+01  10365.0 1.927E+03 4.648E+14 2.778E+01 1.716E+01 2.000E+05 7.836E+09 1.112E+06 1.104E+06
 1.97335806E+01  10665.3 1.943E+03 5.012E+14 2.987E+01 1.962E+01 2.000E+05 7.851E+09 1.138E+06 1.154E+06
 1.99948691E+01  11123.7 1.962E+03 5.352E+14 3.005E+01 4.104E+01 2.000E+05 6.150E+09 1.287E+06 1.228E+06
 2.04386816E+01  12690.7 1.984E+03 5.312E+14 1.749E+01 5.353E+01 2.000E+05 2.158E+09 2.915E+05 1.462E+06
 2.16421982E+01  14810.3 2.055E+03 4.826E+14 7.332E+00 2.913E+01 2.000E+05 9.773E+06 3.732E+04 1.629E+06
 2.49171138E+01  16685.9 2.309E+03 4.921E+14 4.602E+00 1.787E+01 2.000E+05 1.672E+04 1.118E+04 1.741E+06
 3.10742337E+01  18462.8 2.827E+03 5.509E+14 3.522E+00 1.394E+01 2.000E+05 1.628E+04 3.609E+03 1.960E+06
PRADK 2.7832E+00
BEGIN                    ITERATION  15 COMPLETED
