TEFF   7750.  GRAVITY 3.50000 LTE 
TITLE  [-4.0a] N(He)/Ntot=0.089 VTURB=2.0  L/H=1.25 NOVER                       
 OPACITY IFOP 1 1 1 1 1 1 1 1 1 1 1 1 1 0 1 0 0 0 0 0
 CONVECTION ON   1.25 TURBULENCE OFF  0.00  0.00  0.00  0.00
ABUNDANCE SCALE   0.00010 ABUNDANCE CHANGE 1 0.92160 2 0.07844
 ABUNDANCE CHANGE  3 -10.88  4 -10.89  5  -9.44  6  -3.49  7  -4.07  8  -2.77
 ABUNDANCE CHANGE  9  -7.44 10  -3.56 11  -5.71 12  -4.06 13  -5.57 14  -4.09
 ABUNDANCE CHANGE 15  -6.59 16  -4.34 17  -6.54 18  -5.14 19  -6.94 20  -5.28
 ABUNDANCE CHANGE 21  -8.86 22  -6.61 23  -8.04 24  -6.37 25  -6.65 26  -4.54
 ABUNDANCE CHANGE 27  -7.12 28  -5.79 29  -7.83 30  -7.44 31  -9.16 32  -8.63
 ABUNDANCE CHANGE 33  -9.67 34  -8.69 35  -9.41 36  -8.81 37  -9.44 38  -9.07
 ABUNDANCE CHANGE 39  -9.80 40  -9.44 41 -10.62 42 -10.12 43 -20.00 44 -10.20
 ABUNDANCE CHANGE 45 -10.92 46 -10.35 47 -11.10 48 -10.18 49 -10.58 50 -10.04
 ABUNDANCE CHANGE 51 -11.04 52  -9.80 53 -10.53 54  -9.81 55 -10.92 56  -9.91
 ABUNDANCE CHANGE 57 -10.87 58 -10.46 59 -11.33 60 -10.54 61 -20.00 62 -11.04
 ABUNDANCE CHANGE 63 -11.53 64 -10.92 65 -11.94 66 -10.94 67 -11.78 68 -11.11
 ABUNDANCE CHANGE 69 -12.04 70 -10.96 71 -11.28 72 -11.16 73 -11.91 74 -10.93
 ABUNDANCE CHANGE 75 -11.77 76 -10.59 77 -10.69 78 -10.24 79 -11.03 80 -10.95
 ABUNDANCE CHANGE 81 -11.14 82 -10.19 83 -11.33 84 -20.00 85 -20.00 86 -20.00
 ABUNDANCE CHANGE 87 -20.00 88 -20.00 89 -20.00 90 -11.92 91 -20.00 92 -12.51
 ABUNDANCE CHANGE 93 -20.00 94 -20.00 95 -20.00 96 -20.00 97 -20.00 98 -20.00
 ABUNDANCE CHANGE 99 -20.00
READ DECK6 72 RHOX,T,P,XNE,ABROSS,ACCRAD,VTURB, FLXCNV,VCONV,VELSND
 1.17533295E-06   5636.7 3.751E-03 1.219E+09 1.121E-01 7.906E-01 2.000E+05 0.000E+00 0.000E+00 1.087E+07
 1.59263698E-06   5636.7 5.088E-03 1.494E+09 9.858E-02 6.997E-01 2.000E+05 0.000E+00 0.000E+00 9.266E+06
 2.22717286E-06   5636.7 7.127E-03 1.858E+09 8.508E-02 6.100E-01 2.000E+05 0.000E+00 0.000E+00 7.798E+06
 3.21994282E-06   5636.7 1.031E-02 2.339E+09 7.223E-02 5.240E-01 2.000E+05 0.000E+00 0.000E+00 6.485E+06
 4.81159908E-06   5636.7 1.538E-02 2.976E+09 6.030E-02 4.438E-01 2.000E+05 0.000E+00 0.000E+00 5.340E+06
 7.37994032E-06   5636.8 2.354E-02 3.817E+09 4.971E-02 3.730E-01 2.000E+05 0.000E+00 0.000E+00 4.375E+06
 1.15286000E-05   5643.0 3.670E-02 4.982E+09 4.130E-02 3.172E-01 2.000E+05 0.000E+00 2.775E+06 3.585E+06
 1.81191014E-05   5658.4 5.758E-02 6.623E+09 3.509E-02 2.765E-01 2.000E+05 0.000E+00 2.345E+06 2.953E+06
 2.83809877E-05   5678.8 9.008E-02 8.859E+09 3.032E-02 2.459E-01 2.000E+05 0.000E+00 1.573E+06 2.455E+06
 4.40175327E-05   5705.9 1.396E-01 1.194E+10 2.687E-02 2.247E-01 2.000E+05 0.000E+00 9.963E+05 2.064E+06
 6.72424732E-05   5736.0 2.130E-01 1.602E+10 2.423E-02 2.093E-01 2.000E+05 0.000E+00 0.000E+00 1.760E+06
 1.02630477E-04   5741.2 3.250E-01 2.028E+10 2.054E-02 1.859E-01 2.000E+05 0.000E+00 0.000E+00 1.527E+06
 1.58213759E-04   5751.0 5.009E-01 2.603E+10 1.766E-02 1.685E-01 2.000E+05 0.000E+00 0.000E+00 1.336E+06
 2.44237702E-04   5759.6 7.730E-01 3.328E+10 1.525E-02 1.542E-01 2.000E+05 0.000E+00 0.000E+00 1.185E+06
 3.76304096E-04   5769.1 1.191E+00 4.254E+10 1.334E-02 1.433E-01 2.000E+05 0.000E+00 0.000E+00 1.068E+06
 5.75483684E-04   5780.7 1.821E+00 5.436E+10 1.192E-02 1.358E-01 2.000E+05 0.000E+00 0.000E+00 9.775E+05
 8.69071602E-04   5794.0 2.749E+00 6.924E+10 1.091E-02 1.312E-01 2.000E+05 0.000E+00 0.000E+00 9.094E+05
 1.29028901E-03   5809.6 4.081E+00 8.785E+10 1.029E-02 1.292E-01 2.000E+05 0.000E+00 0.000E+00 8.589E+05
 1.87630806E-03   5828.2 5.934E+00 1.110E+11 1.001E-02 1.297E-01 2.000E+05 0.000E+00 0.000E+00 8.221E+05
 2.66644133E-03   5849.5 8.433E+00 1.394E+11 1.005E-02 1.324E-01 2.000E+05 0.000E+00 0.000E+00 7.955E+05
 3.70128404E-03   5873.4 1.170E+01 1.739E+11 1.036E-02 1.372E-01 2.000E+05 0.000E+00 0.000E+00 7.767E+05
 5.02216633E-03   5899.7 1.588E+01 2.155E+11 1.095E-02 1.438E-01 2.000E+05 0.000E+00 0.000E+00 7.634E+05
 6.67168795E-03   5928.3 2.110E+01 2.655E+11 1.180E-02 1.523E-01 2.000E+05 0.000E+00 0.000E+00 7.542E+05
 8.69899535E-03   5957.9 2.751E+01 3.245E+11 1.288E-02 1.622E-01 2.000E+05 0.000E+00 0.000E+00 7.480E+05
 1.11614837E-02   5988.4 3.529E+01 3.939E+11 1.421E-02 1.735E-01 2.000E+05 0.000E+00 0.000E+00 7.440E+05
 1.41322151E-02   6017.5 4.469E+01 4.732E+11 1.572E-02 1.853E-01 2.000E+05 0.000E+00 0.000E+00 7.415E+05
 1.77112365E-02   6044.9 5.601E+01 5.631E+11 1.740E-02 1.978E-01 2.000E+05 0.000E+00 0.000E+00 7.402E+05
 2.20317498E-02   6068.5 6.967E+01 6.617E+11 1.917E-02 2.100E-01 2.000E+05 0.000E+00 0.000E+00 7.399E+05
 2.72773914E-02   6087.9 8.625E+01 7.684E+11 2.099E-02 2.221E-01 2.000E+05 0.000E+00 0.000E+00 7.404E+05
 3.36874656E-02   6102.8 1.065E+02 8.824E+11 2.284E-02 2.340E-01 2.000E+05 0.000E+00 0.000E+00 7.415E+05
 4.15619240E-02   6114.2 1.314E+02 1.005E+12 2.475E-02 2.462E-01 2.000E+05 0.000E+00 0.000E+00 7.431E+05
 5.12581942E-02   6123.7 1.621E+02 1.140E+12 2.680E-02 2.595E-01 2.000E+05 0.000E+00 0.000E+00 7.451E+05
 6.31802992E-02   6133.1 1.998E+02 1.292E+12 2.912E-02 2.745E-01 2.000E+05 0.000E+00 0.000E+00 7.474E+05
 7.77878537E-02   6143.0 2.460E+02 1.465E+12 3.175E-02 2.917E-01 2.000E+05 0.000E+00 0.000E+00 7.500E+05
 9.56029081E-02   6154.4 3.023E+02 1.664E+12 3.481E-02 3.117E-01 2.000E+05 0.000E+00 0.000E+00 7.528E+05
 1.17220774E-01   6167.4 3.707E+02 1.895E+12 3.834E-02 3.348E-01 2.000E+05 0.000E+00 0.000E+00 7.557E+05
 1.43310299E-01   6182.9 4.531E+02 2.166E+12 4.248E-02 3.619E-01 2.000E+05 0.000E+00 0.000E+00 7.586E+05
 1.74655135E-01   6199.9 5.523E+02 2.478E+12 4.723E-02 3.928E-01 2.000E+05 0.000E+00 0.000E+00 7.616E+05
 2.12175224E-01   6218.9 6.709E+02 2.843E+12 5.272E-02 4.288E-01 2.000E+05 0.000E+00 0.000E+00 7.646E+05
 2.56898713E-01   6240.3 8.123E+02 3.271E+12 5.910E-02 4.708E-01 2.000E+05 0.000E+00 0.000E+00 7.676E+05
 3.09978944E-01   6264.3 9.801E+02 3.776E+12 6.656E-02 5.203E-01 2.000E+05 0.000E+00 0.000E+00 7.706E+05
 3.72617748E-01   6292.4 1.178E+03 4.385E+12 7.547E-02 5.800E-01 2.000E+05 0.000E+00 0.000E+00 7.735E+05
 4.46040741E-01   6324.8 1.410E+03 5.122E+12 8.615E-02 6.524E-01 2.000E+05 0.000E+00 0.000E+00 7.764E+05
 5.31417157E-01   6363.1 1.680E+03 6.037E+12 9.928E-02 7.425E-01 2.000E+05 0.000E+00 0.000E+00 7.792E+05
 6.29659170E-01   6408.9 1.991E+03 7.193E+12 1.157E-01 8.566E-01 2.000E+05 0.000E+00 0.000E+00 7.819E+05
 7.41257631E-01   6464.2 2.344E+03 8.690E+12 1.369E-01 1.005E+00 2.000E+05 0.000E+00 0.000E+00 7.844E+05
 8.65923233E-01   6532.0 2.738E+03 1.069E+13 1.650E-01 1.205E+00 2.000E+05 0.000E+00 0.000E+00 7.869E+05
 1.00242420E+00   6614.5 3.169E+03 1.341E+13 2.031E-01 1.478E+00 2.000E+05 0.000E+00 0.000E+00 7.891E+05
 1.14822725E+00   6716.6 3.630E+03 1.726E+13 2.572E-01 1.868E+00 2.000E+05 0.000E+00 0.000E+00 7.911E+05
 1.29960187E+00   6839.4 4.108E+03 2.276E+13 3.352E-01 2.436E+00 2.000E+05 0.000E+00 0.000E+00 7.929E+05
 1.45180024E+00   6988.3 4.589E+03 3.089E+13 4.529E-01 3.304E+00 2.000E+05 9.197E-02 0.000E+00 7.947E+05
 1.59880612E+00   7169.3 5.053E+03 4.330E+13 6.394E-01 4.693E+00 2.000E+05 3.842E+00 3.113E+02 7.966E+05
 1.73436506E+00   7386.9 5.481E+03 6.264E+13 9.480E-01 7.009E+00 2.000E+05 1.387E+02 1.008E+03 7.994E+05
 1.85278943E+00   7648.6 5.855E+03 9.361E+13 1.491E+00 1.112E+01 2.000E+05 6.854E+03 3.147E+03 8.044E+05
 1.95002621E+00   7960.8 6.161E+03 1.440E+14 2.496E+00 1.875E+01 2.000E+05 5.003E+05 1.099E+04 8.134E+05
 2.02540267E+00   8323.0 6.397E+03 2.248E+14 4.410E+00 3.328E+01 2.000E+05 8.318E+06 4.384E+04 8.285E+05
 2.07969303E+00   8771.4 6.567E+03 3.633E+14 8.496E+00 6.421E+01 2.000E+05 1.405E+08 1.040E+05 8.547E+05
 2.11604375E+00   9302.1 6.678E+03 5.860E+14 1.693E+01 1.187E+02 2.000E+05 1.239E+09 2.635E+05 8.975E+05
 2.14247381E+00   9762.4 6.758E+03 8.248E+14 2.797E+01 1.531E+02 2.000E+05 3.876E+09 5.281E+05 9.457E+05
 2.16642851E+00  10101.5 6.830E+03 1.018E+15 3.805E+01 1.501E+02 2.000E+05 6.841E+09 6.567E+05 9.878E+05
 2.19104777E+00  10402.4 6.905E+03 1.193E+15 4.743E+01 1.388E+02 2.000E+05 9.011E+09 7.287E+05 1.029E+06
 2.21817950E+00  10684.4 6.987E+03 1.351E+15 5.600E+01 1.339E+02 2.000E+05 1.043E+10 7.858E+05 1.071E+06
 2.24926202E+00  11002.9 7.081E+03 1.513E+15 6.434E+01 1.370E+02 2.000E+05 1.106E+10 8.304E+05 1.121E+06
 2.28621369E+00  11358.0 7.192E+03 1.665E+15 7.028E+01 1.533E+02 2.000E+05 1.090E+10 8.540E+05 1.176E+06
 2.33292794E+00  11857.4 7.331E+03 1.813E+15 7.113E+01 2.383E+02 2.000E+05 8.049E+09 8.986E+05 1.251E+06
 2.40353266E+00  12962.8 7.535E+03 1.910E+15 5.485E+01 3.063E+02 2.000E+05 2.826E+09 3.748E+05 1.401E+06
 2.54444663E+00  14481.5 7.944E+03 1.878E+15 3.126E+01 2.125E+02 2.000E+05 1.109E+08 4.653E+04 1.590E+06
 2.86738550E+00  16029.3 8.911E+03 1.931E+15 1.966E+01 1.342E+02 2.000E+05 1.217E+05 1.214E+04 1.665E+06
 3.48192408E+00  17510.2 1.078E+04 2.172E+15 1.535E+01 1.037E+02 2.000E+05 3.107E+03 6.579E+03 1.731E+06
 4.47799863E+00  19097.8 1.384E+04 2.590E+15 1.323E+01 8.950E+01 2.000E+05 4.564E+02 2.021E+03 1.870E+06
 5.95706499E+00  20690.3 1.839E+04 3.196E+15 1.228E+01 8.245E+01 2.000E+05 1.204E+01 0.000E+00 2.032E+06
 8.03192561E+00  22387.3 2.478E+04 3.990E+15 1.184E+01 7.835E+01 2.000E+05 1.204E+01 0.000E+00 2.179E+06
PRADK 4.8380E+00
BEGIN                    ITERATION  15 COMPLETED
