TEFF   7250.  GRAVITY 2.50000 LTE 
TITLE  [-4.0a] N(He)/Ntot=0.089 VTURB=2.0  L/H=1.25 NOVER                       
 OPACITY IFOP 1 1 1 1 1 1 1 1 1 1 1 1 1 0 1 0 0 0 0 0
 CONVECTION ON   1.25 TURBULENCE OFF  0.00  0.00  0.00  0.00
ABUNDANCE SCALE   0.00010 ABUNDANCE CHANGE 1 0.92160 2 0.07844
 ABUNDANCE CHANGE  3 -10.88  4 -10.89  5  -9.44  6  -3.49  7  -4.07  8  -2.77
 ABUNDANCE CHANGE  9  -7.44 10  -3.56 11  -5.71 12  -4.06 13  -5.57 14  -4.09
 ABUNDANCE CHANGE 15  -6.59 16  -4.34 17  -6.54 18  -5.14 19  -6.94 20  -5.28
 ABUNDANCE CHANGE 21  -8.86 22  -6.61 23  -8.04 24  -6.37 25  -6.65 26  -4.54
 ABUNDANCE CHANGE 27  -7.12 28  -5.79 29  -7.83 30  -7.44 31  -9.16 32  -8.63
 ABUNDANCE CHANGE 33  -9.67 34  -8.69 35  -9.41 36  -8.81 37  -9.44 38  -9.07
 ABUNDANCE CHANGE 39  -9.80 40  -9.44 41 -10.62 42 -10.12 43 -20.00 44 -10.20
 ABUNDANCE CHANGE 45 -10.92 46 -10.35 47 -11.10 48 -10.18 49 -10.58 50 -10.04
 ABUNDANCE CHANGE 51 -11.04 52  -9.80 53 -10.53 54  -9.81 55 -10.92 56  -9.91
 ABUNDANCE CHANGE 57 -10.87 58 -10.46 59 -11.33 60 -10.54 61 -20.00 62 -11.04
 ABUNDANCE CHANGE 63 -11.53 64 -10.92 65 -11.94 66 -10.94 67 -11.78 68 -11.11
 ABUNDANCE CHANGE 69 -12.04 70 -10.96 71 -11.28 72 -11.16 73 -11.91 74 -10.93
 ABUNDANCE CHANGE 75 -11.77 76 -10.59 77 -10.69 78 -10.24 79 -11.03 80 -10.95
 ABUNDANCE CHANGE 81 -11.14 82 -10.19 83 -11.33 84 -20.00 85 -20.00 86 -20.00
 ABUNDANCE CHANGE 87 -20.00 88 -20.00 89 -20.00 90 -11.92 91 -20.00 92 -12.51
 ABUNDANCE CHANGE 93 -20.00 94 -20.00 95 -20.00 96 -20.00 97 -20.00 98 -20.00
 ABUNDANCE CHANGE 99 -20.00
READ DECK6 72 RHOX,T,P,XNE,ABROSS,ACCRAD,VTURB, FLXCNV,VCONV,VELSND
 1.01750657E-06   5279.0 3.238E-04 1.265E+08 1.297E-01 6.860E-01 2.000E+05 0.000E+00 0.000E+00 3.057E+07
 1.37808676E-06   5279.0 4.389E-04 1.565E+08 1.145E-01 6.073E-01 2.000E+05 0.000E+00 0.000E+00 2.583E+07
 1.92450781E-06   5279.0 6.139E-04 1.962E+08 9.914E-02 5.280E-01 2.000E+05 0.000E+00 0.000E+00 2.161E+07
 2.77603750E-06   5279.0 8.864E-04 2.489E+08 8.424E-02 4.507E-01 2.000E+05 0.000E+00 0.000E+00 1.787E+07
 4.13917225E-06   5279.0 1.321E-03 3.192E+08 7.023E-02 3.777E-01 2.000E+05 0.000E+00 0.000E+00 1.462E+07
 6.34710588E-06   5279.1 2.022E-03 4.125E+08 5.762E-02 3.118E-01 2.000E+05 0.000E+00 1.308E+07 1.187E+07
 9.95983580E-06   5281.0 3.167E-03 5.384E+08 4.694E-02 2.561E-01 2.000E+05 0.000E+00 2.450E+07 9.600E+06
 1.58318649E-05   5291.0 5.028E-03 7.172E+08 3.885E-02 2.140E-01 2.000E+05 0.000E+00 2.149E+07 7.769E+06
 2.52713640E-05   5303.7 8.016E-03 9.595E+08 3.234E-02 1.802E-01 2.000E+05 0.000E+00 1.401E+07 6.313E+06
 4.03177857E-05   5319.8 1.278E-02 1.290E+09 2.720E-02 1.537E-01 2.000E+05 0.000E+00 8.801E+06 5.159E+06
 6.40867835E-05   5336.9 2.030E-02 1.729E+09 2.300E-02 1.321E-01 2.000E+05 0.000E+00 4.513E+06 4.247E+06
 1.01956180E-04   5346.7 3.228E-02 2.271E+09 1.906E-02 1.120E-01 2.000E+05 0.000E+00 1.478E+06 3.525E+06
 1.63143434E-04   5354.7 5.163E-02 2.969E+09 1.570E-02 9.482E-02 2.000E+05 0.000E+00 0.000E+00 2.944E+06
 2.62448487E-04   5361.4 8.304E-02 3.872E+09 1.288E-02 8.059E-02 2.000E+05 0.000E+00 0.000E+00 2.475E+06
 4.23603592E-04   5368.6 1.340E-01 5.055E+09 1.061E-02 6.921E-02 2.000E+05 0.000E+00 0.000E+00 2.097E+06
 6.83821153E-04   5376.4 2.163E-01 6.601E+09 8.791E-03 6.022E-02 2.000E+05 0.000E+00 0.000E+00 1.792E+06
 1.10021846E-03   5385.5 3.480E-01 8.627E+09 7.371E-03 5.331E-02 2.000E+05 0.000E+00 0.000E+00 1.548E+06
 1.75672789E-03   5396.8 5.556E-01 1.128E+10 6.288E-03 4.816E-02 2.000E+05 0.000E+00 0.000E+00 1.352E+06
 2.77286817E-03   5409.6 8.769E-01 1.473E+10 5.472E-03 4.439E-02 2.000E+05 0.000E+00 0.000E+00 1.199E+06
 4.30712058E-03   5426.0 1.362E+00 1.923E+10 4.903E-03 4.192E-02 2.000E+05 0.000E+00 0.000E+00 1.079E+06
 6.55330808E-03   5445.6 2.072E+00 2.506E+10 4.535E-03 4.050E-02 2.000E+05 0.000E+00 0.000E+00 9.869E+05
 9.73367166E-03   5468.7 3.078E+00 3.254E+10 4.343E-03 4.001E-02 2.000E+05 0.000E+00 0.000E+00 9.178E+05
 1.40846521E-02   5495.2 4.454E+00 4.205E+10 4.303E-03 4.033E-02 2.000E+05 0.000E+00 0.000E+00 8.667E+05
 1.98336441E-02   5525.7 6.271E+00 5.413E+10 4.412E-03 4.144E-02 2.000E+05 0.000E+00 0.000E+00 8.293E+05
 2.72131706E-02   5558.0 8.605E+00 6.903E+10 4.638E-03 4.313E-02 2.000E+05 0.000E+00 0.000E+00 8.024E+05
 3.64491727E-02   5593.2 1.152E+01 8.753E+10 4.996E-03 4.547E-02 2.000E+05 0.000E+00 0.000E+00 7.830E+05
 4.78062138E-02   5628.2 1.512E+01 1.096E+11 5.449E-03 4.819E-02 2.000E+05 0.000E+00 0.000E+00 7.692E+05
 6.16258902E-02   5662.6 1.949E+01 1.358E+11 5.996E-03 5.126E-02 2.000E+05 0.000E+00 0.000E+00 7.595E+05
 7.83605525E-02   5693.7 2.478E+01 1.655E+11 6.597E-03 5.442E-02 2.000E+05 0.000E+00 0.000E+00 7.528E+05
 9.86950535E-02   5719.8 3.121E+01 1.981E+11 7.218E-03 5.752E-02 2.000E+05 0.000E+00 0.000E+00 7.485E+05
 1.23569626E-01   5740.2 3.907E+01 2.331E+11 7.840E-03 6.055E-02 2.000E+05 0.000E+00 0.000E+00 7.459E+05
 1.54227369E-01   5755.3 4.876E+01 2.702E+11 8.458E-03 6.353E-02 2.000E+05 0.000E+00 0.000E+00 7.446E+05
 1.92160749E-01   5767.4 6.076E+01 3.107E+11 9.112E-03 6.673E-02 2.000E+05 0.000E+00 0.000E+00 7.443E+05
 2.39105586E-01   5777.6 7.560E+01 3.553E+11 9.828E-03 7.026E-02 2.000E+05 0.000E+00 0.000E+00 7.448E+05
 2.96967001E-01   5788.3 9.389E+01 4.065E+11 1.066E-02 7.443E-02 2.000E+05 0.000E+00 0.000E+00 7.457E+05
 3.67930313E-01   5799.1 1.163E+02 4.644E+11 1.162E-02 7.918E-02 2.000E+05 0.000E+00 0.000E+00 7.472E+05
 4.54441660E-01   5811.8 1.437E+02 5.321E+11 1.276E-02 8.486E-02 2.000E+05 0.000E+00 0.000E+00 7.489E+05
 5.59338066E-01   5825.2 1.768E+02 6.095E+11 1.406E-02 9.136E-02 2.000E+05 0.000E+00 0.000E+00 7.508E+05
 6.85794039E-01   5841.1 2.168E+02 7.009E+11 1.560E-02 9.914E-02 2.000E+05 0.000E+00 0.000E+00 7.529E+05
 8.37375639E-01   5858.8 2.647E+02 8.075E+11 1.740E-02 1.082E-01 2.000E+05 0.000E+00 0.000E+00 7.552E+05
 1.01794962E+00   5879.7 3.218E+02 9.350E+11 1.954E-02 1.191E-01 2.000E+05 0.000E+00 0.000E+00 7.574E+05
 1.23147403E+00   5904.4 3.893E+02 1.089E+12 2.212E-02 1.323E-01 2.000E+05 0.000E+00 0.000E+00 7.597E+05
 1.48195723E+00   5933.5 4.685E+02 1.277E+12 2.526E-02 1.484E-01 2.000E+05 0.000E+00 0.000E+00 7.620E+05
 1.77297858E+00   5968.6 5.605E+02 1.513E+12 2.915E-02 1.686E-01 2.000E+05 0.000E+00 0.000E+00 7.643E+05
 2.10723541E+00   6010.5 6.661E+02 1.812E+12 3.404E-02 1.941E-01 2.000E+05 0.000E+00 0.000E+00 7.665E+05
 2.48603375E+00   6061.5 7.858E+02 2.202E+12 4.037E-02 2.274E-01 2.000E+05 0.000E+00 0.000E+00 7.686E+05
 2.90812982E+00   6123.4 9.192E+02 2.723E+12 4.876E-02 2.719E-01 2.000E+05 0.000E+00 0.000E+00 7.706E+05
 3.36917897E+00   6199.0 1.065E+03 3.440E+12 6.021E-02 3.330E-01 2.000E+05 0.000E+00 0.000E+00 7.724E+05
 3.86060494E+00   6291.5 1.220E+03 4.455E+12 7.635E-02 4.200E-01 2.000E+05 0.000E+00 0.000E+00 7.739E+05
 4.37025594E+00   6402.8 1.381E+03 5.916E+12 9.962E-02 5.467E-01 2.000E+05 0.000E+00 0.000E+00 7.751E+05
 4.88176453E+00   6538.4 1.542E+03 8.108E+12 1.349E-01 7.416E-01 2.000E+05 7.237E-04 0.000E+00 7.759E+05
 5.37499167E+00   6702.6 1.698E+03 1.149E+13 1.907E-01 1.053E+00 2.000E+05 5.117E-02 8.904E+01 7.766E+05
 5.82877107E+00   6901.3 1.841E+03 1.687E+13 2.838E-01 1.581E+00 2.000E+05 2.244E+00 3.457E+02 7.777E+05
 6.22256073E+00   7142.5 1.965E+03 2.575E+13 4.505E-01 2.540E+00 2.000E+05 1.328E+02 1.145E+03 7.804E+05
 6.54231527E+00   7429.7 2.065E+03 4.055E+13 7.645E-01 4.364E+00 2.000E+05 1.247E+04 4.222E+03 7.864E+05
 6.78439069E+00   7768.6 2.140E+03 6.544E+13 1.394E+00 8.026E+00 2.000E+05 1.204E+06 1.819E+04 7.983E+05
 6.95458385E+00   8168.9 2.192E+03 1.075E+14 2.735E+00 1.589E+01 2.000E+05 2.185E+07 7.957E+04 8.197E+05
 7.06488550E+00   8654.3 2.224E+03 1.796E+14 5.789E+00 3.288E+01 2.000E+05 3.416E+08 1.973E+05 8.567E+05
 7.13556410E+00   9166.2 2.243E+03 2.791E+14 1.143E+01 5.567E+01 2.000E+05 1.733E+09 4.948E+05 9.104E+05
 7.19025775E+00   9559.0 2.257E+03 3.659E+14 1.749E+01 6.169E+01 2.000E+05 4.092E+09 7.831E+05 9.625E+05
 7.24244665E+00   9868.4 2.271E+03 4.346E+14 2.283E+01 5.808E+01 2.000E+05 6.144E+09 9.048E+05 1.009E+06
 7.29819595E+00  10153.3 2.285E+03 4.936E+14 2.745E+01 5.704E+01 2.000E+05 7.276E+09 9.951E+05 1.056E+06
 7.36161353E+00  10472.9 2.301E+03 5.501E+14 3.145E+01 5.917E+01 2.000E+05 7.813E+09 1.042E+06 1.110E+06
 7.43758919E+00  10833.1 2.320E+03 5.981E+14 3.389E+01 7.886E+01 2.000E+05 6.711E+09 1.130E+06 1.170E+06
 7.53852774E+00  11563.8 2.342E+03 6.417E+14 3.150E+01 1.201E+02 2.000E+05 3.338E+09 8.616E+05 1.282E+06
 7.70987025E+00  12729.7 2.377E+03 6.325E+14 2.041E+01 1.019E+02 2.000E+05 6.295E+08 1.544E+05 1.453E+06
 8.09011611E+00  14015.3 2.466E+03 6.070E+14 1.195E+01 6.267E+01 2.000E+05 1.815E+06 2.135E+04 1.605E+06
 8.91622440E+00  15324.3 2.686E+03 6.115E+14 7.855E+00 4.104E+01 2.000E+05 3.878E+03 8.557E+03 1.641E+06
 1.04630833E+01  16655.0 3.120E+03 6.638E+14 6.054E+00 3.144E+01 2.000E+05 3.361E+02 4.411E+03 1.716E+06
 1.30166100E+01  18059.3 3.855E+03 7.652E+14 5.098E+00 2.646E+01 2.000E+05 4.115E+01 1.237E+03 1.864E+06
 1.69250980E+01  19520.3 4.994E+03 9.216E+14 4.574E+00 2.365E+01 2.000E+05 7.948E-01 0.000E+00 2.024E+06
 2.25560369E+01  21067.9 6.645E+03 1.138E+15 4.310E+00 2.218E+01 2.000E+05 7.948E-01 0.000E+00 2.154E+06
PRADK 3.7044E+00
BEGIN                    ITERATION  15 COMPLETED
