TEFF   6500.  GRAVITY 3.50000 LTE 
TITLE  [-4.0a] N(He)/Ntot=0.089 VTURB=2.0  L/H=1.25 NOVER                     
 OPACITY IFOP 1 1 1 1 1 1 1 1 1 1 1 1 1 0 1 0 0 0 0 0
 CONVECTION ON   1.25 TURBULENCE OFF  0.00  0.00  0.00  0.00
ABUNDANCE SCALE   0.00010 ABUNDANCE CHANGE 1 0.92160 2 0.07844
 ABUNDANCE CHANGE  3 -10.88  4 -10.89  5  -9.44  6  -3.49  7  -4.07  8  -2.77
 ABUNDANCE CHANGE  9  -7.44 10  -3.56 11  -5.71 12  -4.06 13  -5.57 14  -4.09
 ABUNDANCE CHANGE 15  -6.59 16  -4.34 17  -6.54 18  -5.14 19  -6.94 20  -5.28
 ABUNDANCE CHANGE 21  -8.86 22  -6.61 23  -8.04 24  -6.37 25  -6.65 26  -4.54
 ABUNDANCE CHANGE 27  -7.12 28  -5.79 29  -7.83 30  -7.44 31  -9.16 32  -8.63
 ABUNDANCE CHANGE 33  -9.67 34  -8.69 35  -9.41 36  -8.81 37  -9.44 38  -9.07
 ABUNDANCE CHANGE 39  -9.80 40  -9.44 41 -10.62 42 -10.12 43 -20.00 44 -10.20
 ABUNDANCE CHANGE 45 -10.92 46 -10.35 47 -11.10 48 -10.18 49 -10.58 50 -10.04
 ABUNDANCE CHANGE 51 -11.04 52  -9.80 53 -10.53 54  -9.81 55 -10.92 56  -9.91
 ABUNDANCE CHANGE 57 -10.87 58 -10.46 59 -11.33 60 -10.54 61 -20.00 62 -11.04
 ABUNDANCE CHANGE 63 -11.53 64 -10.92 65 -11.94 66 -10.94 67 -11.78 68 -11.11
 ABUNDANCE CHANGE 69 -12.04 70 -10.96 71 -11.28 72 -11.16 73 -11.91 74 -10.93
 ABUNDANCE CHANGE 75 -11.77 76 -10.59 77 -10.69 78 -10.24 79 -11.03 80 -10.95
 ABUNDANCE CHANGE 81 -11.14 82 -10.19 83 -11.33 84 -20.00 85 -20.00 86 -20.00
 ABUNDANCE CHANGE 87 -20.00 88 -20.00 89 -20.00 90 -11.92 91 -20.00 92 -12.51
 ABUNDANCE CHANGE 93 -20.00 94 -20.00 95 -20.00 96 -20.00 97 -20.00 98 -20.00
 ABUNDANCE CHANGE 99 -20.00
READ DECK6 72 RHOX,T,P,XNE,ABROSS,ACCRAD,VTURB, FLXCNV,VCONV,VELSND
 4.51081942E-05   4963.7 1.433E-01 1.576E+09 2.942E-03 1.655E-02 2.000E+05 0.000E+00 0.000E+00 2.204E+06
 6.05956862E-05   4982.4 1.926E-01 1.947E+09 2.761E-03 1.599E-02 2.000E+05 0.000E+00 0.000E+00 1.980E+06
 8.33730315E-05   4982.4 2.651E-01 2.287E+09 2.417E-03 1.489E-02 2.000E+05 0.000E+00 0.000E+00 1.795E+06
 1.18177185E-04   4985.3 3.754E-01 2.750E+09 2.119E-03 1.395E-02 2.000E+05 0.000E+00 0.000E+00 1.614E+06
 1.71337889E-04   4989.6 5.439E-01 3.359E+09 1.861E-03 1.315E-02 2.000E+05 0.000E+00 0.000E+00 1.445E+06
 2.51832149E-04   4995.9 7.986E-01 4.157E+09 1.650E-03 1.251E-02 2.000E+05 0.000E+00 0.000E+00 1.295E+06
 3.71918682E-04   5004.5 1.179E+00 5.195E+09 1.487E-03 1.203E-02 2.000E+05 0.000E+00 0.000E+00 1.167E+06
 5.47741292E-04   5015.3 1.735E+00 6.526E+09 1.369E-03 1.169E-02 2.000E+05 0.000E+00 0.000E+00 1.062E+06
 8.00370272E-04   5025.3 2.534E+00 8.144E+09 1.280E-03 1.145E-02 2.000E+05 0.000E+00 0.000E+00 9.793E+05
 1.15738027E-03   5034.4 3.663E+00 1.008E+10 1.219E-03 1.129E-02 2.000E+05 0.000E+00 0.000E+00 9.160E+05
 1.65095682E-03   5044.1 5.224E+00 1.242E+10 1.190E-03 1.123E-02 2.000E+05 0.000E+00 0.000E+00 8.682E+05
 2.31802373E-03   5053.3 7.333E+00 1.515E+10 1.184E-03 1.124E-02 2.000E+05 0.000E+00 0.000E+00 8.331E+05
 3.20709438E-03   5059.0 1.014E+01 1.814E+10 1.191E-03 1.128E-02 2.000E+05 0.000E+00 0.000E+00 8.077E+05
 4.36661188E-03   5069.0 1.381E+01 2.184E+10 1.235E-03 1.145E-02 2.000E+05 0.000E+00 0.000E+00 7.891E+05
 5.85196774E-03   5076.7 1.851E+01 2.591E+10 1.291E-03 1.165E-02 2.000E+05 0.000E+00 0.000E+00 7.759E+05
 7.73279075E-03   5085.1 2.446E+01 3.057E+10 1.369E-03 1.192E-02 2.000E+05 0.000E+00 0.000E+00 7.666E+05
 1.00864583E-02   5093.7 3.190E+01 3.585E+10 1.465E-03 1.225E-02 2.000E+05 0.000E+00 0.000E+00 7.600E+05
 1.30066815E-02   5101.9 4.113E+01 4.177E+10 1.580E-03 1.264E-02 2.000E+05 0.000E+00 0.000E+00 7.555E+05
 1.66066476E-02   5110.3 5.252E+01 4.843E+10 1.714E-03 1.309E-02 2.000E+05 0.000E+00 0.000E+00 7.524E+05
 2.10230302E-02   5118.3 6.648E+01 5.585E+10 1.866E-03 1.360E-02 2.000E+05 0.000E+00 0.000E+00 7.504E+05
 2.64202018E-02   5126.4 8.355E+01 6.418E+10 2.040E-03 1.417E-02 2.000E+05 0.000E+00 0.000E+00 7.491E+05
 3.29975647E-02   5134.1 1.043E+02 7.343E+10 2.234E-03 1.481E-02 2.000E+05 0.000E+00 0.000E+00 7.485E+05
 4.09949511E-02   5141.9 1.296E+02 8.381E+10 2.453E-03 1.553E-02 2.000E+05 0.000E+00 0.000E+00 7.482E+05
 5.07044707E-02   5149.2 1.603E+02 9.529E+10 2.695E-03 1.631E-02 2.000E+05 0.000E+00 0.000E+00 7.483E+05
 6.24764824E-02   5156.6 1.976E+02 1.082E+11 2.967E-03 1.720E-02 2.000E+05 0.000E+00 0.000E+00 7.486E+05
 7.67363023E-02   5163.6 2.427E+02 1.224E+11 3.266E-03 1.817E-02 2.000E+05 0.000E+00 0.000E+00 7.491E+05
 9.39997361E-02   5170.5 2.973E+02 1.384E+11 3.600E-03 1.924E-02 2.000E+05 0.000E+00 0.000E+00 7.497E+05
 1.14891690E-01   5176.9 3.633E+02 1.560E+11 3.966E-03 2.043E-02 2.000E+05 0.000E+00 0.000E+00 7.504E+05
 1.40173382E-01   5183.2 4.433E+02 1.755E+11 4.372E-03 2.174E-02 2.000E+05 0.000E+00 0.000E+00 7.511E+05
 1.70755108E-01   5189.4 5.400E+02 1.973E+11 4.820E-03 2.319E-02 2.000E+05 0.000E+00 0.000E+00 7.519E+05
 2.07750022E-01   5195.1 6.570E+02 2.214E+11 5.313E-03 2.479E-02 2.000E+05 0.000E+00 0.000E+00 7.527E+05
 2.52489289E-01   5200.9 7.984E+02 2.484E+11 5.860E-03 2.657E-02 2.000E+05 0.000E+00 0.000E+00 7.535E+05
 3.06591960E-01   5206.4 9.695E+02 2.781E+11 6.461E-03 2.853E-02 2.000E+05 0.000E+00 0.000E+00 7.543E+05
 3.71988264E-01   5212.1 1.176E+03 3.116E+11 7.132E-03 3.073E-02 2.000E+05 0.000E+00 0.000E+00 7.551E+05
 4.50996371E-01   5217.7 1.426E+03 3.488E+11 7.873E-03 3.319E-02 2.000E+05 0.000E+00 0.000E+00 7.559E+05
 5.46321010E-01   5224.2 1.728E+03 3.913E+11 8.711E-03 3.598E-02 2.000E+05 0.000E+00 0.000E+00 7.568E+05
 6.61159465E-01   5231.0 2.091E+03 4.392E+11 9.648E-03 3.911E-02 2.000E+05 0.000E+00 0.000E+00 7.576E+05
 7.99178160E-01   5239.3 2.527E+03 4.948E+11 1.072E-02 4.273E-02 2.000E+05 0.000E+00 0.000E+00 7.585E+05
 9.64552617E-01   5248.9 3.050E+03 5.590E+11 1.195E-02 4.689E-02 2.000E+05 0.000E+00 0.000E+00 7.594E+05
 1.16187670E+00   5261.0 3.674E+03 6.354E+11 1.339E-02 5.179E-02 2.000E+05 0.000E+00 0.000E+00 7.605E+05
 1.39603705E+00   5275.7 4.415E+03 7.269E+11 1.509E-02 5.758E-02 2.000E+05 0.000E+00 0.000E+00 7.618E+05
 1.67208672E+00   5294.3 5.288E+03 8.392E+11 1.714E-02 6.456E-02 2.000E+05 0.000E+00 0.000E+00 7.632E+05
 1.99487382E+00   5317.3 6.308E+03 9.788E+11 1.963E-02 7.307E-02 2.000E+05 0.000E+00 0.000E+00 7.649E+05
 2.36863759E+00   5346.3 7.490E+03 1.157E+12 2.274E-02 8.369E-02 2.000E+05 0.000E+00 0.000E+00 7.669E+05
 2.79628831E+00   5382.1 8.843E+03 1.390E+12 2.667E-02 9.711E-02 2.000E+05 0.000E+00 0.000E+00 7.694E+05
 3.27881187E+00   5426.6 1.037E+04 1.701E+12 3.177E-02 1.145E-01 2.000E+05 0.000E+00 0.000E+00 7.723E+05
 3.81408015E+00   5481.9 1.206E+04 2.129E+12 3.854E-02 1.377E-01 2.000E+05 0.000E+00 0.000E+00 7.759E+05
 4.39601168E+00   5550.3 1.390E+04 2.739E+12 4.780E-02 1.692E-01 2.000E+05 0.000E+00 0.000E+00 7.802E+05
 5.01440240E+00   5634.0 1.586E+04 3.626E+12 6.069E-02 2.131E-01 2.000E+05 0.000E+00 0.000E+00 7.852E+05
 5.65630317E+00   5734.3 1.789E+04 4.942E+12 7.892E-02 2.752E-01 2.000E+05 0.000E+00 0.000E+00 7.910E+05
 6.30487752E+00   5856.1 1.994E+04 6.983E+12 1.058E-01 3.665E-01 2.000E+05 0.000E+00 0.000E+00 7.975E+05
 6.93989159E+00   6002.5 2.194E+04 1.024E+13 1.464E-01 5.047E-01 2.000E+05 8.570E-01 0.000E+00 8.046E+05
 7.54112643E+00   6177.1 2.385E+04 1.559E+13 2.099E-01 7.208E-01 2.000E+05 3.006E+02 4.420E+02 8.120E+05
 8.09005343E+00   6384.4 2.558E+04 2.465E+13 3.125E-01 1.071E+00 2.000E+05 1.161E+04 3.042E+03 8.191E+05
 8.57191877E+00   6628.1 2.710E+04 4.033E+13 4.845E-01 1.661E+00 2.000E+05 3.576E+05 9.897E+03 8.251E+05
 8.97664087E+00   6915.7 2.838E+04 6.841E+13 7.886E-01 2.714E+00 2.000E+05 6.468E+06 3.011E+04 8.293E+05
 9.29752893E+00   7261.8 2.940E+04 1.212E+14 1.373E+00 4.762E+00 2.000E+05 3.859E+07 7.521E+04 8.315E+05
 9.52937346E+00   7693.1 3.013E+04 2.282E+14 2.647E+00 8.953E+00 2.000E+05 4.019E+08 1.193E+05 8.336E+05
 9.68996408E+00   8123.9 3.063E+04 3.994E+14 4.957E+00 1.415E+01 2.000E+05 1.583E+09 2.651E+05 8.388E+05
 9.81518307E+00   8447.3 3.103E+04 5.844E+14 7.790E+00 1.566E+01 2.000E+05 3.314E+09 3.479E+05 8.462E+05
 9.92881469E+00   8690.3 3.139E+04 7.628E+14 1.083E+01 1.444E+01 2.000E+05 4.811E+09 3.796E+05 8.541E+05
 1.00417109E+01   8893.4 3.174E+04 9.420E+14 1.413E+01 1.275E+01 2.000E+05 5.835E+09 3.956E+05 8.622E+05
 1.01593647E+01   9074.7 3.211E+04 1.128E+15 1.778E+01 1.126E+01 2.000E+05 6.510E+09 4.025E+05 8.706E+05
 1.02856423E+01   9241.5 3.251E+04 1.322E+15 2.185E+01 1.007E+01 2.000E+05 6.939E+09 4.047E+05 8.792E+05
 1.04238841E+01   9401.3 3.295E+04 1.530E+15 2.641E+01 9.190E+00 2.000E+05 7.222E+09 4.051E+05 8.884E+05
 1.05774728E+01   9556.9 3.343E+04 1.756E+15 3.151E+01 8.468E+00 2.000E+05 7.410E+09 4.041E+05 8.981E+05
 1.07497938E+01   9711.8 3.397E+04 2.003E+15 3.734E+01 7.867E+00 2.000E+05 7.552E+09 4.025E+05 9.085E+05
 1.09443723E+01   9867.0 3.459E+04 2.276E+15 4.397E+01 7.380E+00 2.000E+05 7.654E+09 4.019E+05 9.196E+05
 1.11649730E+01  10026.2 3.528E+04 2.581E+15 5.165E+01 6.914E+00 2.000E+05 7.733E+09 3.990E+05 9.319E+05
 1.14165547E+01  10185.2 3.608E+04 2.915E+15 6.016E+01 6.541E+00 2.000E+05 7.799E+09 3.997E+05 9.449E+05
 1.17039336E+01  10356.6 3.698E+04 3.304E+15 7.037E+01 6.173E+00 2.000E+05 7.839E+09 3.961E+05 9.597E+05
 1.20338067E+01  10521.5 3.803E+04 3.714E+15 8.127E+01 6.190E+00 2.000E+05 7.881E+09 3.971E+05 9.748E+05
PRADK 2.3971E+00
BEGIN                    ITERATION  15 COMPLETED
