TEFF   5500.  GRAVITY 1.50000 LTE 
TITLE  [-4.0a] N(He)/Ntot=0.089 VTURB=2.0  L/H=1.25 NOVER                       
 OPACITY IFOP 1 1 1 1 1 1 1 1 1 1 1 1 1 0 1 0 0 0 0 0
 CONVECTION ON   1.25 TURBULENCE OFF  0.00  0.00  0.00  0.00
ABUNDANCE SCALE   0.00010 ABUNDANCE CHANGE 1 0.92160 2 0.07844
 ABUNDANCE CHANGE  3 -10.88  4 -10.89  5  -9.44  6  -3.49  7  -4.07  8  -2.77
 ABUNDANCE CHANGE  9  -7.44 10  -3.56 11  -5.71 12  -4.06 13  -5.57 14  -4.09
 ABUNDANCE CHANGE 15  -6.59 16  -4.34 17  -6.54 18  -5.14 19  -6.94 20  -5.28
 ABUNDANCE CHANGE 21  -8.86 22  -6.61 23  -8.04 24  -6.37 25  -6.65 26  -4.54
 ABUNDANCE CHANGE 27  -7.12 28  -5.79 29  -7.83 30  -7.44 31  -9.16 32  -8.63
 ABUNDANCE CHANGE 33  -9.67 34  -8.69 35  -9.41 36  -8.81 37  -9.44 38  -9.07
 ABUNDANCE CHANGE 39  -9.80 40  -9.44 41 -10.62 42 -10.12 43 -20.00 44 -10.20
 ABUNDANCE CHANGE 45 -10.92 46 -10.35 47 -11.10 48 -10.18 49 -10.58 50 -10.04
 ABUNDANCE CHANGE 51 -11.04 52  -9.80 53 -10.53 54  -9.81 55 -10.92 56  -9.91
 ABUNDANCE CHANGE 57 -10.87 58 -10.46 59 -11.33 60 -10.54 61 -20.00 62 -11.04
 ABUNDANCE CHANGE 63 -11.53 64 -10.92 65 -11.94 66 -10.94 67 -11.78 68 -11.11
 ABUNDANCE CHANGE 69 -12.04 70 -10.96 71 -11.28 72 -11.16 73 -11.91 74 -10.93
 ABUNDANCE CHANGE 75 -11.77 76 -10.59 77 -10.69 78 -10.24 79 -11.03 80 -10.95
 ABUNDANCE CHANGE 81 -11.14 82 -10.19 83 -11.33 84 -20.00 85 -20.00 86 -20.00
 ABUNDANCE CHANGE 87 -20.00 88 -20.00 89 -20.00 90 -11.92 91 -20.00 92 -12.51
 ABUNDANCE CHANGE 93 -20.00 94 -20.00 95 -20.00 96 -20.00 97 -20.00 98 -20.00
 ABUNDANCE CHANGE 99 -20.00
READ DECK6 72 RHOX,T,P,XNE,ABROSS,ACCRAD,VTURB, FLXCNV,VCONV,VELSND
 4.37697818E-04   4083.4 1.389E-02 1.533E+07 3.032E-04 1.347E-03 2.000E+05 0.000E+00 0.000E+00 7.019E+06
 5.92337207E-04   4083.5 1.881E-02 1.784E+07 2.696E-04 1.298E-03 2.000E+05 0.000E+00 0.000E+00 6.145E+06
 8.25254893E-04   4083.5 2.620E-02 2.106E+07 2.376E-04 1.252E-03 2.000E+05 0.000E+00 0.000E+00 5.303E+06
 1.17976052E-03   4083.5 3.742E-02 2.518E+07 2.080E-04 1.210E-03 2.000E+05 0.000E+00 0.000E+00 4.518E+06
 1.72043009E-03   4086.7 5.454E-02 3.088E+07 1.837E-04 1.177E-03 2.000E+05 0.000E+00 0.000E+00 3.809E+06
 2.53760852E-03   4090.1 8.040E-02 3.811E+07 1.622E-04 1.149E-03 2.000E+05 0.000E+00 0.000E+00 3.196E+06
 3.76592062E-03   4095.6 1.193E-01 4.765E+07 1.446E-04 1.126E-03 2.000E+05 0.000E+00 0.000E+00 2.677E+06
 5.59405418E-03   4102.7 1.771E-01 6.004E+07 1.302E-04 1.108E-03 2.000E+05 0.000E+00 0.000E+00 2.247E+06
 8.28224149E-03   4111.9 2.621E-01 7.631E+07 1.189E-04 1.095E-03 2.000E+05 0.000E+00 0.000E+00 1.899E+06
 1.21762276E-02   4123.4 3.853E-01 9.768E+07 1.103E-04 1.085E-03 2.000E+05 0.000E+00 0.000E+00 1.620E+06
 1.77201223E-02   4137.5 5.606E-01 1.259E+08 1.043E-04 1.078E-03 2.000E+05 0.000E+00 0.000E+00 1.401E+06
 2.54675649E-02   4154.1 8.056E-01 1.630E+08 1.004E-04 1.073E-03 2.000E+05 0.000E+00 0.000E+00 1.232E+06
 3.60866903E-02   4173.2 1.141E+00 2.120E+08 9.860E-05 1.072E-03 2.000E+05 0.000E+00 0.000E+00 1.102E+06
 5.03709891E-02   4194.2 1.593E+00 2.756E+08 9.858E-05 1.072E-03 2.000E+05 0.000E+00 0.000E+00 1.003E+06
 6.92515980E-02   4216.7 2.190E+00 3.577E+08 1.003E-04 1.074E-03 2.000E+05 0.000E+00 0.000E+00 9.294E+05
 9.38192457E-02   4240.0 2.967E+00 4.620E+08 1.034E-04 1.078E-03 2.000E+05 0.000E+00 0.000E+00 8.740E+05
 1.25373903E-01   4263.4 3.965E+00 5.923E+08 1.080E-04 1.083E-03 2.000E+05 0.000E+00 0.000E+00 8.327E+05
 1.65484976E-01   4286.3 5.233E+00 7.522E+08 1.138E-04 1.091E-03 2.000E+05 0.000E+00 0.000E+00 8.017E+05
 2.16057448E-01   4307.9 6.832E+00 9.441E+08 1.207E-04 1.100E-03 2.000E+05 0.000E+00 0.000E+00 7.785E+05
 2.79477924E-01   4328.1 8.838E+00 1.171E+09 1.286E-04 1.111E-03 2.000E+05 0.000E+00 0.000E+00 7.611E+05
 3.58718314E-01   4346.3 1.134E+01 1.433E+09 1.374E-04 1.124E-03 2.000E+05 0.000E+00 0.000E+00 7.478E+05
 4.57427284E-01   4362.7 1.446E+01 1.734E+09 1.473E-04 1.139E-03 2.000E+05 0.000E+00 0.000E+00 7.378E+05
 5.80298119E-01   4376.3 1.835E+01 2.068E+09 1.577E-04 1.155E-03 2.000E+05 0.000E+00 0.000E+00 7.300E+05
 7.33146599E-01   4388.2 2.318E+01 2.443E+09 1.693E-04 1.175E-03 2.000E+05 0.000E+00 0.000E+00 7.241E+05
 9.22709593E-01   4399.0 2.918E+01 2.865E+09 1.824E-04 1.197E-03 2.000E+05 0.000E+00 0.000E+00 7.195E+05
 1.15708374E+00   4408.6 3.659E+01 3.338E+09 1.969E-04 1.222E-03 2.000E+05 0.000E+00 0.000E+00 7.161E+05
 1.44598875E+00   4417.3 4.572E+01 3.868E+09 2.134E-04 1.251E-03 2.000E+05 0.000E+00 0.000E+00 7.134E+05
 1.80099020E+00   4425.4 5.695E+01 4.462E+09 2.319E-04 1.283E-03 2.000E+05 0.000E+00 0.000E+00 7.115E+05
 2.23589832E+00   4433.0 7.070E+01 5.128E+09 2.528E-04 1.319E-03 2.000E+05 0.000E+00 0.000E+00 7.100E+05
 2.76712988E+00   4440.3 8.750E+01 5.877E+09 2.764E-04 1.360E-03 2.000E+05 0.000E+00 0.000E+00 7.089E+05
 3.41425757E+00   4447.3 1.080E+02 6.717E+09 3.029E-04 1.406E-03 2.000E+05 0.000E+00 0.000E+00 7.082E+05
 4.20047932E+00   4454.4 1.328E+02 7.667E+09 3.329E-04 1.458E-03 2.000E+05 0.000E+00 0.000E+00 7.078E+05
 5.15319865E+00   4461.5 1.630E+02 8.740E+09 3.668E-04 1.517E-03 2.000E+05 0.000E+00 0.000E+00 7.075E+05
 6.30438997E+00   4469.1 1.994E+02 9.965E+09 4.055E-04 1.584E-03 2.000E+05 0.000E+00 0.000E+00 7.075E+05
 7.69177613E+00   4477.0 2.432E+02 1.136E+10 4.491E-04 1.660E-03 2.000E+05 0.000E+00 0.000E+00 7.076E+05
 9.35889973E+00   4485.6 2.959E+02 1.297E+10 4.993E-04 1.747E-03 2.000E+05 0.000E+00 0.000E+00 7.078E+05
 1.13562897E+01   4494.8 3.591E+02 1.482E+10 5.565E-04 1.846E-03 2.000E+05 0.000E+00 0.000E+00 7.082E+05
 1.37407635E+01   4505.2 4.345E+02 1.699E+10 6.229E-04 1.962E-03 2.000E+05 0.000E+00 0.000E+00 7.087E+05
 1.65760964E+01   4516.9 5.242E+02 1.953E+10 7.000E-04 2.097E-03 2.000E+05 0.000E+00 0.000E+00 7.094E+05
 1.99305042E+01   4530.4 6.302E+02 2.258E+10 7.912E-04 2.256E-03 2.000E+05 0.000E+00 0.000E+00 7.102E+05
 2.38752252E+01   4546.2 7.550E+02 2.628E+10 9.002E-04 2.448E-03 2.000E+05 0.000E+00 0.000E+00 7.113E+05
 2.84803527E+01   4564.9 9.006E+02 3.085E+10 1.032E-03 2.681E-03 2.000E+05 0.000E+00 0.000E+00 7.126E+05
 3.38074783E+01   4587.5 1.069E+03 3.664E+10 1.196E-03 2.969E-03 2.000E+05 0.000E+00 0.000E+00 7.142E+05
 3.99045999E+01   4614.4 1.262E+03 4.407E+10 1.402E-03 3.329E-03 2.000E+05 0.000E+00 0.000E+00 7.161E+05
 4.67944478E+01   4647.1 1.480E+03 5.393E+10 1.667E-03 3.793E-03 2.000E+05 0.000E+00 0.000E+00 7.185E+05
 5.44580349E+01   4686.8 1.722E+03 6.731E+10 2.015E-03 4.402E-03 2.000E+05 0.000E+00 0.000E+00 7.214E+05
 6.28351473E+01   4734.4 1.987E+03 8.584E+10 2.480E-03 5.214E-03 2.000E+05 0.000E+00 0.000E+00 7.248E+05
 7.18163293E+01   4791.7 2.271E+03 1.123E+11 3.117E-03 6.325E-03 2.000E+05 0.000E+00 0.000E+00 7.290E+05
 8.12453665E+01   4859.5 2.569E+03 1.509E+11 4.004E-03 7.870E-03 2.000E+05 0.000E+00 0.000E+00 7.339E+05
 9.08706018E+01   4943.9 2.873E+03 2.114E+11 5.323E-03 1.016E-02 2.000E+05 0.000E+00 0.000E+00 7.398E+05
 1.00377270E+02   5045.0 3.174E+03 3.075E+11 7.294E-03 1.357E-02 2.000E+05 0.000E+00 0.000E+00 7.467E+05
 1.09502851E+02   5163.9 3.462E+03 4.632E+11 1.028E-02 1.872E-02 2.000E+05 2.536E-03 0.000E+00 7.544E+05
 1.17994065E+02   5305.2 3.731E+03 7.270E+11 1.499E-02 2.683E-02 2.000E+05 8.574E-01 1.138E+02 7.630E+05
 1.25616926E+02   5472.2 3.971E+03 1.190E+12 2.268E-02 4.003E-02 2.000E+05 3.034E+01 7.795E+02 7.721E+05
 1.32210014E+02   5667.8 4.180E+03 2.026E+12 3.562E-02 6.222E-02 2.000E+05 7.564E+02 2.484E+03 7.810E+05
 1.37699369E+02   5895.3 4.353E+03 3.572E+12 5.817E-02 1.009E-01 2.000E+05 1.841E+04 7.113E+03 7.889E+05
 1.42083039E+02   6159.3 4.491E+03 6.508E+12 9.927E-02 1.718E-01 2.000E+05 4.009E+05 2.027E+04 7.943E+05
 1.45428323E+02   6464.2 4.596E+03 1.218E+13 1.777E-01 3.090E-01 2.000E+05 5.106E+06 5.501E+04 7.963E+05
 1.47812391E+02   6831.6 4.670E+03 2.395E+13 3.462E-01 6.039E-01 2.000E+05 5.172E+07 1.204E+05 7.954E+05
 1.49362564E+02   7259.3 4.718E+03 4.801E+13 7.286E-01 1.172E+00 2.000E+05 4.421E+08 2.423E+05 7.958E+05
 1.50395327E+02   7630.7 4.749E+03 8.212E+13 1.363E+00 1.599E+00 2.000E+05 1.378E+09 4.630E+05 8.013E+05
 1.51217802E+02   7887.1 4.774E+03 1.152E+14 2.076E+00 1.497E+00 2.000E+05 2.372E+09 5.421E+05 8.086E+05
 1.51985299E+02   8077.5 4.797E+03 1.458E+14 2.820E+00 1.271E+00 2.000E+05 3.014E+09 5.622E+05 8.160E+05
 1.52763160E+02   8236.3 4.821E+03 1.759E+14 3.619E+00 1.119E+00 2.000E+05 3.383E+09 5.780E+05 8.234E+05
 1.53580512E+02   8384.1 4.846E+03 2.078E+14 4.542E+00 9.779E-01 2.000E+05 3.603E+09 5.740E+05 8.313E+05
 1.54466079E+02   8511.7 4.873E+03 2.386E+14 5.503E+00 8.960E-01 2.000E+05 3.751E+09 5.818E+05 8.390E+05
 1.55434648E+02   8650.3 4.903E+03 2.757E+14 6.745E+00 8.253E-01 2.000E+05 3.835E+09 5.742E+05 8.481E+05
 1.56511236E+02   8765.5 4.936E+03 3.096E+14 7.950E+00 7.525E-01 2.000E+05 3.912E+09 5.768E+05 8.564E+05
 1.57711386E+02   8904.7 4.973E+03 3.540E+14 9.630E+00 7.286E-01 2.000E+05 3.959E+09 5.767E+05 8.673E+05
 1.59060321E+02   9019.9 5.015E+03 3.941E+14 1.123E+01 6.479E-01 2.000E+05 3.980E+09 5.695E+05 8.769E+05
 1.60582115E+02   9158.3 5.062E+03 4.456E+14 1.343E+01 6.403E-01 2.000E+05 4.036E+09 5.776E+05 8.893E+05
 1.62301217E+02   9283.5 5.115E+03 4.959E+14 1.568E+01 6.222E-01 2.000E+05 4.012E+09 5.719E+05 9.013E+05
PRADK 1.2225E+00
BEGIN                    ITERATION  15 COMPLETED
