TEFF   4750.  GRAVITY 1.00000 LTE 
TITLE  [-4.5a] VTURB=2  L/H=1.25 NOVER NEW ODF                                  
 OPACITY IFOP 1 1 1 1 1 1 1 1 1 1 1 1 1 0 1 0 0 0 0 0
 CONVECTION ON   1.25 TURBULENCE OFF  0.00  0.00  0.00  0.00
ABUNDANCE SCALE   0.00003 ABUNDANCE CHANGE 1 0.92156 2 0.07844
 ABUNDANCE CHANGE  3 -10.94  4 -10.64  5  -9.49  6  -3.52  7  -4.12  8  -2.81
 ABUNDANCE CHANGE  9  -7.48 10  -3.56 11  -5.71 12  -4.06 13  -5.57 14  -4.09
 ABUNDANCE CHANGE 15  -6.59 16  -4.31 17  -6.54 18  -5.24 19  -6.92 20  -5.28
 ABUNDANCE CHANGE 21  -8.87 22  -6.62 23  -8.04 24  -6.37 25  -6.65 26  -4.54
 ABUNDANCE CHANGE 27  -7.12 28  -5.79 29  -7.83 30  -7.44 31  -9.16 32  -8.63
 ABUNDANCE CHANGE 33  -9.67 34  -8.63 35  -9.41 36  -8.73 37  -9.44 38  -9.07
 ABUNDANCE CHANGE 39  -9.80 40  -9.44 41 -10.62 42 -10.12 43 -20.00 44 -10.20
 ABUNDANCE CHANGE 45 -10.92 46 -10.35 47 -11.10 48 -10.27 49 -10.38 50 -10.04
 ABUNDANCE CHANGE 51 -11.04 52  -9.80 53 -10.53 54  -9.87 55 -10.91 56  -9.91
 ABUNDANCE CHANGE 57 -10.87 58 -10.46 59 -11.33 60 -10.54 61 -20.00 62 -11.03
 ABUNDANCE CHANGE 63 -11.53 64 -10.92 65 -11.69 66 -10.90 67 -11.78 68 -11.11
 ABUNDANCE CHANGE 69 -12.04 70 -10.96 71 -11.98 72 -11.16 73 -12.17 74 -10.93
 ABUNDANCE CHANGE 75 -11.76 76 -10.59 77 -10.69 78 -10.24 79 -11.03 80 -10.91
 ABUNDANCE CHANGE 81 -11.14 82 -10.09 83 -11.33 84 -20.00 85 -20.00 86 -20.00
 ABUNDANCE CHANGE 87 -20.00 88 -20.00 89 -20.00 90 -11.95 91 -20.00 92 -12.54
 ABUNDANCE CHANGE 93 -20.00 94 -20.00 95 -20.00 96 -20.00 97 -20.00 98 -20.00
 ABUNDANCE CHANGE 99 -20.00
READ DECK6 72 RHOX,T,P,XNE,ABROSS,ACCRAD,VTURB, FLXCNV,VCONV,VELSND
 5.15371434E-03   3601.5 5.154E-02 2.158E+06 2.587E-05 2.234E-04 2.000E+05 0.000E+00 0.000E+00 2.952E+06
 6.93474827E-03   3603.9 6.935E-02 2.540E+06 2.407E-05 2.226E-04 2.000E+05 0.000E+00 0.000E+00 2.567E+06
 9.49232590E-03   3606.1 9.492E-02 3.013E+06 2.231E-05 2.219E-04 2.000E+05 0.000E+00 0.000E+00 2.221E+06
 1.31620310E-02   3610.0 1.316E-01 3.634E+06 2.079E-05 2.213E-04 2.000E+05 0.000E+00 0.000E+00 1.918E+06
 1.84191071E-02   3614.6 1.842E-01 4.422E+06 1.943E-05 2.208E-04 2.000E+05 0.000E+00 0.000E+00 1.658E+06
 2.58971573E-02   3620.5 2.590E-01 5.436E+06 1.828E-05 2.204E-04 2.000E+05 0.000E+00 0.000E+00 1.441E+06
 3.64389043E-02   3628.6 3.644E-01 6.771E+06 1.738E-05 2.201E-04 2.000E+05 0.000E+00 0.000E+00 1.264E+06
 5.11612133E-02   3637.7 5.116E-01 8.480E+06 1.666E-05 2.199E-04 2.000E+05 0.000E+00 0.000E+00 1.121E+06
 7.15111674E-02   3649.0 7.151E-01 1.073E+07 1.617E-05 2.198E-04 2.000E+05 0.000E+00 0.000E+00 1.009E+06
 9.92935549E-02   3662.0 9.929E-01 1.366E+07 1.589E-05 2.198E-04 2.000E+05 0.000E+00 0.000E+00 9.221E+05
 1.36774687E-01   3676.6 1.368E+00 1.749E+07 1.579E-05 2.199E-04 2.000E+05 0.000E+00 0.000E+00 8.556E+05
 1.86755518E-01   3692.5 1.868E+00 2.244E+07 1.588E-05 2.200E-04 2.000E+05 0.000E+00 0.000E+00 8.053E+05
 2.52713398E-01   3709.2 2.527E+00 2.877E+07 1.612E-05 2.203E-04 2.000E+05 0.000E+00 0.000E+00 7.677E+05
 3.38935336E-01   3726.3 3.389E+00 3.679E+07 1.651E-05 2.206E-04 2.000E+05 0.000E+00 0.000E+00 7.396E+05
 4.50854179E-01   3743.1 4.508E+00 4.669E+07 1.701E-05 2.211E-04 2.000E+05 0.000E+00 0.000E+00 7.187E+05
 5.95274751E-01   3759.2 5.953E+00 5.880E+07 1.762E-05 2.216E-04 2.000E+05 0.000E+00 0.000E+00 7.032E+05
 7.80759646E-01   3774.2 7.807E+00 7.328E+07 1.833E-05 2.223E-04 2.000E+05 0.000E+00 0.000E+00 6.917E+05
 1.01803399E+00   3788.1 1.018E+01 9.044E+07 1.914E-05 2.231E-04 2.000E+05 0.000E+00 0.000E+00 6.831E+05
 1.32060678E+00   3800.5 1.321E+01 1.104E+08 2.005E-05 2.240E-04 2.000E+05 0.000E+00 0.000E+00 6.766E+05
 1.70440987E+00   3812.8 1.704E+01 1.341E+08 2.115E-05 2.250E-04 2.000E+05 0.000E+00 0.000E+00 6.719E+05
 2.18867917E+00   3823.8 2.189E+01 1.615E+08 2.238E-05 2.263E-04 2.000E+05 0.000E+00 0.000E+00 6.684E+05
 2.79791855E+00   3833.6 2.798E+01 1.926E+08 2.376E-05 2.277E-04 2.000E+05 0.000E+00 0.000E+00 6.658E+05
 3.56205742E+00   3842.4 3.562E+01 2.279E+08 2.530E-05 2.293E-04 2.000E+05 0.000E+00 0.000E+00 6.639E+05
 4.51763526E+00   3850.2 4.518E+01 2.677E+08 2.702E-05 2.311E-04 2.000E+05 0.000E+00 0.000E+00 6.625E+05
 5.70882680E+00   3857.3 5.709E+01 3.127E+08 2.895E-05 2.332E-04 2.000E+05 0.000E+00 0.000E+00 6.614E+05
 7.18907358E+00   3863.8 7.189E+01 3.633E+08 3.111E-05 2.355E-04 2.000E+05 0.000E+00 0.000E+00 6.606E+05
 9.02276635E+00   3869.8 9.023E+01 4.204E+08 3.354E-05 2.382E-04 2.000E+05 0.000E+00 0.000E+00 6.600E+05
 1.12875904E+01   3875.4 1.129E+02 4.846E+08 3.626E-05 2.411E-04 2.000E+05 0.000E+00 0.000E+00 6.596E+05
 1.40764921E+01   3880.9 1.408E+02 5.572E+08 3.933E-05 2.445E-04 2.000E+05 0.000E+00 0.000E+00 6.593E+05
 1.74990603E+01   3886.4 1.750E+02 6.397E+08 4.281E-05 2.484E-04 2.000E+05 0.000E+00 0.000E+00 6.591E+05
 2.16843592E+01   3892.1 2.168E+02 7.339E+08 4.677E-05 2.528E-04 2.000E+05 0.000E+00 0.000E+00 6.590E+05
 2.67833892E+01   3898.1 2.678E+02 8.419E+08 5.129E-05 2.578E-04 2.000E+05 0.000E+00 0.000E+00 6.589E+05
 3.29708831E+01   3904.6 3.297E+02 9.664E+08 5.647E-05 2.635E-04 2.000E+05 0.000E+00 0.000E+00 6.589E+05
 4.04480287E+01   3911.6 4.045E+02 1.111E+09 6.245E-05 2.701E-04 2.000E+05 0.000E+00 0.000E+00 6.590E+05
 4.94418808E+01   3919.5 4.944E+02 1.280E+09 6.941E-05 2.778E-04 2.000E+05 0.000E+00 0.000E+00 6.591E+05
 6.02057445E+01   3928.4 6.020E+02 1.479E+09 7.753E-05 2.868E-04 2.000E+05 0.000E+00 0.000E+00 6.592E+05
 7.30164314E+01   3938.5 7.301E+02 1.716E+09 8.712E-05 2.974E-04 2.000E+05 0.000E+00 0.000E+00 6.595E+05
 8.81673935E+01   3950.0 8.817E+02 2.001E+09 9.856E-05 3.099E-04 2.000E+05 0.000E+00 0.000E+00 6.598E+05
 1.05958370E+02   3963.4 1.060E+03 2.349E+09 1.124E-04 3.251E-04 2.000E+05 0.000E+00 0.000E+00 6.603E+05
 1.26674690E+02   3979.0 1.267E+03 2.779E+09 1.293E-04 3.436E-04 2.000E+05 0.000E+00 0.000E+00 6.610E+05
 1.50565674E+02   3997.2 1.506E+03 3.320E+09 1.502E-04 3.665E-04 2.000E+05 0.000E+00 0.000E+00 6.620E+05
 1.77819971E+02   4018.6 1.778E+03 4.012E+09 1.766E-04 3.952E-04 2.000E+05 0.000E+00 0.000E+00 6.632E+05
 2.08533695E+02   4043.5 2.085E+03 4.910E+09 2.104E-04 4.317E-04 2.000E+05 0.000E+00 0.000E+00 6.649E+05
 2.42672410E+02   4072.7 2.427E+03 6.102E+09 2.542E-04 4.787E-04 2.000E+05 0.000E+00 0.000E+00 6.670E+05
 2.80035334E+02   4106.9 2.800E+03 7.716E+09 3.123E-04 5.405E-04 2.000E+05 0.000E+00 0.000E+00 6.697E+05
 3.20232957E+02   4146.8 3.202E+03 9.949E+09 3.906E-04 6.230E-04 2.000E+05 0.000E+00 0.000E+00 6.731E+05
 3.62667279E+02   4193.4 3.627E+03 1.312E+10 4.985E-04 7.353E-04 2.000E+05 0.000E+00 0.000E+00 6.772E+05
 4.06536477E+02   4247.9 4.065E+03 1.773E+10 6.500E-04 8.911E-04 2.000E+05 0.000E+00 0.000E+00 6.820E+05
 4.50883667E+02   4311.4 4.509E+03 2.463E+10 8.676E-04 1.112E-03 2.000E+05 0.000E+00 0.000E+00 6.878E+05
 4.94626306E+02   4385.6 4.946E+03 3.531E+10 1.188E-03 1.432E-03 2.000E+05 0.000E+00 0.000E+00 6.944E+05
 5.36638450E+02   4472.2 5.366E+03 5.234E+10 1.673E-03 1.909E-03 2.000E+05 0.000E+00 0.000E+00 7.020E+05
 5.75853051E+02   4573.5 5.758E+03 8.061E+10 2.426E-03 2.642E-03 2.000E+05 1.770E+00 0.000E+00 7.107E+05
 6.11399969E+02   4691.9 6.113E+03 1.292E+11 3.620E-03 3.787E-03 2.000E+05 9.447E+01 8.254E+02 7.204E+05
 6.42698070E+02   4829.9 6.426E+03 2.157E+11 5.567E-03 5.642E-03 2.000E+05 2.198E+03 3.049E+03 7.312E+05
 6.69383017E+02   4991.2 6.693E+03 3.763E+11 8.847E-03 8.758E-03 2.000E+05 3.812E+04 8.538E+03 7.431E+05
 6.91467408E+02   5177.2 6.914E+03 6.811E+11 1.445E-02 1.406E-02 2.000E+05 4.426E+05 2.191E+04 7.560E+05
 7.09205183E+02   5393.7 7.091E+03 1.285E+12 2.441E-02 2.350E-02 2.000E+05 1.290E+06 4.876E+04 7.695E+05
 7.22880274E+02   5650.2 7.227E+03 2.549E+12 4.321E-02 4.138E-02 2.000E+05 6.075E+06 5.429E+04 7.831E+05
 7.32850669E+02   5956.5 7.326E+03 5.333E+12 8.114E-02 7.585E-02 2.000E+05 6.680E+07 1.136E+05 7.952E+05
 7.39854117E+02   6288.1 7.395E+03 1.092E+13 1.533E-01 1.280E-01 2.000E+05 3.167E+08 2.587E+05 8.025E+05
 7.45053806E+02   6579.2 7.447E+03 1.929E+13 2.606E-01 1.662E-01 2.000E+05 7.805E+08 3.851E+05 8.047E+05
 7.49405748E+02   6810.7 7.489E+03 2.929E+13 3.917E-01 1.703E-01 2.000E+05 1.257E+09 4.454E+05 8.047E+05
 7.53435934E+02   7000.7 7.529E+03 4.044E+13 5.434E-01 1.581E-01 2.000E+05 1.597E+09 4.677E+05 8.043E+05
 7.57419980E+02   7163.3 7.568E+03 5.259E+13 7.161E-01 1.466E-01 2.000E+05 1.810E+09 4.781E+05 8.043E+05
 7.61502342E+02   7313.5 7.609E+03 6.634E+13 9.208E-01 1.349E-01 2.000E+05 1.944E+09 4.758E+05 8.048E+05
 7.65805046E+02   7447.4 7.651E+03 8.096E+13 1.150E+00 1.270E-01 2.000E+05 2.036E+09 4.765E+05 8.058E+05
 7.70389342E+02   7583.3 7.696E+03 9.838E+13 1.438E+00 1.198E-01 2.000E+05 2.097E+09 4.687E+05 8.075E+05
 7.75354427E+02   7704.0 7.745E+03 1.163E+14 1.748E+00 1.116E-01 2.000E+05 2.144E+09 4.650E+05 8.096E+05
 7.80755139E+02   7835.0 7.799E+03 1.386E+14 2.157E+00 1.075E-01 2.000E+05 2.180E+09 4.584E+05 8.125E+05
 7.86672805E+02   7951.3 7.857E+03 1.613E+14 2.596E+00 9.923E-02 2.000E+05 2.202E+09 4.511E+05 8.157E+05
 7.93172044E+02   8079.2 7.922E+03 1.894E+14 3.175E+00 9.639E-02 2.000E+05 2.229E+09 4.459E+05 8.198E+05
 8.00339806E+02   8195.8 7.993E+03 2.184E+14 3.804E+00 9.667E-02 2.000E+05 2.232E+09 4.398E+05 8.241E+05
PRADK 6.7575E-01
BEGIN                    ITERATION  15 COMPLETED
