TEFF   4250.  GRAVITY 0.50000 LTE 
TITLE  [-4.5a] VTURB=2  L/H=1.25 NOVER NEW ODF                                  
 OPACITY IFOP 1 1 1 1 1 1 1 1 1 1 1 1 1 0 1 0 0 0 0 0
 CONVECTION ON   1.25 TURBULENCE OFF  0.00  0.00  0.00  0.00
ABUNDANCE SCALE   0.00003 ABUNDANCE CHANGE 1 0.92156 2 0.07844
 ABUNDANCE CHANGE  3 -10.94  4 -10.64  5  -9.49  6  -3.52  7  -4.12  8  -2.81
 ABUNDANCE CHANGE  9  -7.48 10  -3.56 11  -5.71 12  -4.06 13  -5.57 14  -4.09
 ABUNDANCE CHANGE 15  -6.59 16  -4.31 17  -6.54 18  -5.24 19  -6.92 20  -5.28
 ABUNDANCE CHANGE 21  -8.87 22  -6.62 23  -8.04 24  -6.37 25  -6.65 26  -4.54
 ABUNDANCE CHANGE 27  -7.12 28  -5.79 29  -7.83 30  -7.44 31  -9.16 32  -8.63
 ABUNDANCE CHANGE 33  -9.67 34  -8.63 35  -9.41 36  -8.73 37  -9.44 38  -9.07
 ABUNDANCE CHANGE 39  -9.80 40  -9.44 41 -10.62 42 -10.12 43 -20.00 44 -10.20
 ABUNDANCE CHANGE 45 -10.92 46 -10.35 47 -11.10 48 -10.27 49 -10.38 50 -10.04
 ABUNDANCE CHANGE 51 -11.04 52  -9.80 53 -10.53 54  -9.87 55 -10.91 56  -9.91
 ABUNDANCE CHANGE 57 -10.87 58 -10.46 59 -11.33 60 -10.54 61 -20.00 62 -11.03
 ABUNDANCE CHANGE 63 -11.53 64 -10.92 65 -11.69 66 -10.90 67 -11.78 68 -11.11
 ABUNDANCE CHANGE 69 -12.04 70 -10.96 71 -11.98 72 -11.16 73 -12.17 74 -10.93
 ABUNDANCE CHANGE 75 -11.76 76 -10.59 77 -10.69 78 -10.24 79 -11.03 80 -10.91
 ABUNDANCE CHANGE 81 -11.14 82 -10.09 83 -11.33 84 -20.00 85 -20.00 86 -20.00
 ABUNDANCE CHANGE 87 -20.00 88 -20.00 89 -20.00 90 -11.95 91 -20.00 92 -12.54
 ABUNDANCE CHANGE 93 -20.00 94 -20.00 95 -20.00 96 -20.00 97 -20.00 98 -20.00
 ABUNDANCE CHANGE 99 -20.00
READ DECK6 72 RHOX,T,P,XNE,ABROSS,ACCRAD,VTURB, FLXCNV,VCONV,VELSND
 3.32227707E-02   3185.1 1.051E-01 1.712E+05 4.014E-06 5.879E-05 2.000E+05 0.000E+00 0.000E+00 1.638E+06
 4.44759771E-02   3190.5 1.406E-01 2.068E+05 3.891E-06 5.878E-05 2.000E+05 0.000E+00 0.000E+00 1.449E+06
 6.00138699E-02   3193.8 1.898E-01 2.465E+05 3.743E-06 5.876E-05 2.000E+05 0.000E+00 0.000E+00 1.284E+06
 8.13698524E-02   3201.0 2.573E-01 3.041E+05 3.665E-06 5.876E-05 2.000E+05 0.000E+00 0.000E+00 1.146E+06
 1.10561936E-01   3206.0 3.496E-01 3.685E+05 3.566E-06 5.875E-05 2.000E+05 0.000E+00 0.000E+00 1.031E+06
 1.50271781E-01   3213.9 4.752E-01 4.571E+05 3.522E-06 5.874E-05 2.000E+05 0.000E+00 0.000E+00 9.369E+05
 2.03778725E-01   3221.9 6.443E-01 5.667E+05 3.494E-06 5.874E-05 2.000E+05 0.000E+00 0.000E+00 8.621E+05
 2.75408761E-01   3230.8 8.708E-01 7.055E+05 3.493E-06 5.873E-05 2.000E+05 0.000E+00 0.000E+00 8.031E+05
 3.70608843E-01   3240.2 1.172E+00 8.798E+05 3.516E-06 5.873E-05 2.000E+05 0.000E+00 0.000E+00 7.572E+05
 4.96329913E-01   3250.0 1.569E+00 1.097E+06 3.561E-06 5.873E-05 2.000E+05 0.000E+00 0.000E+00 7.218E+05
 6.61412645E-01   3259.8 2.091E+00 1.364E+06 3.625E-06 5.874E-05 2.000E+05 0.000E+00 0.000E+00 6.947E+05
 8.77141937E-01   3269.6 2.774E+00 1.692E+06 3.708E-06 5.875E-05 2.000E+05 0.000E+00 0.000E+00 6.742E+05
 1.15774200E+00   3279.3 3.661E+00 2.091E+06 3.809E-06 5.876E-05 2.000E+05 0.000E+00 0.000E+00 6.586E+05
 1.52122679E+00   3289.0 4.810E+00 2.576E+06 3.928E-06 5.879E-05 2.000E+05 0.000E+00 0.000E+00 6.468E+05
 1.99020810E+00   3298.7 6.293E+00 3.168E+06 4.069E-06 5.881E-05 2.000E+05 0.000E+00 0.000E+00 6.380E+05
 2.59241624E+00   3309.0 8.197E+00 3.900E+06 4.236E-06 5.885E-05 2.000E+05 0.000E+00 0.000E+00 6.315E+05
 3.36180359E+00   3319.8 1.063E+01 4.808E+06 4.431E-06 5.889E-05 2.000E+05 0.000E+00 0.000E+00 6.267E+05
 4.34048392E+00   3331.0 1.372E+01 5.926E+06 4.654E-06 5.895E-05 2.000E+05 0.000E+00 0.000E+00 6.232E+05
 5.58031926E+00   3342.8 1.765E+01 7.315E+06 4.909E-06 5.901E-05 2.000E+05 0.000E+00 0.000E+00 6.207E+05
 7.14469004E+00   3355.0 2.259E+01 9.035E+06 5.197E-06 5.909E-05 2.000E+05 0.000E+00 0.000E+00 6.190E+05
 9.11087054E+00   3367.9 2.881E+01 1.118E+07 5.525E-06 5.919E-05 2.000E+05 0.000E+00 0.000E+00 6.179E+05
 1.15734998E+01   3381.1 3.660E+01 1.382E+07 5.890E-06 5.931E-05 2.000E+05 0.000E+00 0.000E+00 6.172E+05
 1.46506199E+01   3394.2 4.633E+01 1.705E+07 6.293E-06 5.945E-05 2.000E+05 0.000E+00 0.000E+00 6.168E+05
 1.84868416E+01   3407.4 5.846E+01 2.099E+07 6.738E-06 5.962E-05 2.000E+05 0.000E+00 0.000E+00 6.166E+05
 2.32602834E+01   3420.5 7.355E+01 2.575E+07 7.227E-06 5.982E-05 2.000E+05 0.000E+00 0.000E+00 6.164E+05
 2.91893652E+01   3433.4 9.230E+01 3.150E+07 7.765E-06 6.005E-05 2.000E+05 0.000E+00 0.000E+00 6.164E+05
 3.65447603E+01   3445.8 1.156E+02 3.833E+07 8.350E-06 6.033E-05 2.000E+05 0.000E+00 0.000E+00 6.163E+05
 4.56608463E+01   3457.7 1.444E+02 4.643E+07 8.990E-06 6.065E-05 2.000E+05 0.000E+00 0.000E+00 6.161E+05
 5.69448120E+01   3469.3 1.801E+02 5.603E+07 9.693E-06 6.102E-05 2.000E+05 0.000E+00 0.000E+00 6.158E+05
 7.08718558E+01   3481.2 2.241E+02 6.767E+07 1.049E-05 6.146E-05 2.000E+05 0.000E+00 0.000E+00 6.155E+05
 8.80368285E+01   3492.1 2.784E+02 8.104E+07 1.135E-05 6.197E-05 2.000E+05 0.000E+00 0.000E+00 6.149E+05
 1.09186268E+02   3502.4 3.453E+02 9.664E+07 1.229E-05 6.256E-05 2.000E+05 0.000E+00 0.000E+00 6.141E+05
 1.35189584E+02   3512.7 4.275E+02 1.150E+08 1.335E-05 6.325E-05 2.000E+05 0.000E+00 0.000E+00 6.132E+05
 1.67055639E+02   3523.2 5.283E+02 1.369E+08 1.456E-05 6.408E-05 2.000E+05 0.000E+00 0.000E+00 6.120E+05
 2.05923173E+02   3534.4 6.512E+02 1.634E+08 1.596E-05 6.508E-05 2.000E+05 0.000E+00 0.000E+00 6.108E+05
 2.53037306E+02   3546.6 8.001E+02 1.958E+08 1.762E-05 6.629E-05 2.000E+05 0.000E+00 0.000E+00 6.096E+05
 3.09688473E+02   3560.2 9.793E+02 2.361E+08 1.962E-05 6.779E-05 2.000E+05 0.000E+00 0.000E+00 6.085E+05
 3.77172553E+02   3575.7 1.193E+03 2.871E+08 2.208E-05 6.967E-05 2.000E+05 0.000E+00 0.000E+00 6.076E+05
 4.56646347E+02   3593.5 1.444E+03 3.524E+08 2.516E-05 7.205E-05 2.000E+05 0.000E+00 0.000E+00 6.071E+05
 5.49042440E+02   3613.7 1.736E+03 4.371E+08 2.905E-05 7.508E-05 2.000E+05 0.000E+00 0.000E+00 6.071E+05
 6.54934163E+02   3636.9 2.071E+03 5.486E+08 3.406E-05 7.901E-05 2.000E+05 0.000E+00 0.000E+00 6.076E+05
 7.74241272E+02   3663.6 2.448E+03 6.987E+08 4.069E-05 8.422E-05 2.000E+05 0.000E+00 0.000E+00 6.090E+05
 9.06238339E+02   3693.9 2.866E+03 9.015E+08 4.947E-05 9.111E-05 2.000E+05 0.000E+00 0.000E+00 6.112E+05
 1.04964836E+03   3728.0 3.319E+03 1.180E+09 6.129E-05 1.003E-04 2.000E+05 0.000E+00 0.000E+00 6.143E+05
 1.20246135E+03   3766.5 3.802E+03 1.568E+09 7.747E-05 1.128E-04 2.000E+05 0.000E+00 0.000E+00 6.184E+05
 1.36210831E+03   3809.6 4.307E+03 2.116E+09 9.985E-05 1.299E-04 2.000E+05 0.000E+00 0.000E+00 6.234E+05
 1.52562741E+03   3858.0 4.824E+03 2.905E+09 1.313E-04 1.534E-04 2.000E+05 0.000E+00 0.000E+00 6.294E+05
 1.68967325E+03   3912.3 5.343E+03 4.068E+09 1.765E-04 1.863E-04 2.000E+05 0.000E+00 0.000E+00 6.364E+05
 1.85051292E+03   3973.9 5.851E+03 5.835E+09 2.430E-04 2.335E-04 2.000E+05 0.000E+00 0.000E+00 6.444E+05
 2.00442329E+03   4043.8 6.338E+03 8.583E+09 3.427E-04 3.022E-04 2.000E+05 0.000E+00 0.000E+00 6.534E+05
 2.14806875E+03   4123.4 6.792E+03 1.300E+10 4.962E-04 4.048E-04 2.000E+05 1.284E+00 0.000E+00 6.632E+05
 2.27856584E+03   4214.5 7.205E+03 2.035E+10 7.383E-04 5.619E-04 2.000E+05 1.114E+02 6.661E+02 6.738E+05
 2.39391786E+03   4318.8 7.569E+03 3.296E+10 1.129E-03 8.086E-04 2.000E+05 2.566E+03 2.918E+03 6.851E+05
 2.49300396E+03   4439.0 7.883E+03 5.551E+10 1.778E-03 1.211E-03 2.000E+05 4.094E+04 8.126E+03 6.971E+05
 2.57611697E+03   4574.1 8.145E+03 9.608E+10 2.851E-03 1.863E-03 2.000E+05 4.305E+05 2.026E+04 7.095E+05
 2.64447996E+03   4729.2 8.361E+03 1.729E+11 4.685E-03 2.965E-03 2.000E+05 1.026E+06 4.364E+04 7.227E+05
 2.69867308E+03   4915.4 8.533E+03 3.318E+11 8.072E-03 4.988E-03 2.000E+05 3.237E+06 4.049E+04 7.374E+05
 2.73925187E+03   5144.4 8.661E+03 6.911E+11 1.480E-02 8.884E-03 2.000E+05 2.959E+07 8.295E+04 7.539E+05
 2.76827412E+03   5405.0 8.752E+03 1.474E+12 2.760E-02 1.516E-02 2.000E+05 1.456E+08 1.841E+05 7.706E+05
 2.79011225E+03   5641.2 8.821E+03 2.754E+12 4.639E-02 2.077E-02 2.000E+05 3.838E+08 2.893E+05 7.835E+05
 2.80838640E+03   5842.3 8.878E+03 4.511E+12 7.036E-02 2.347E-02 2.000E+05 6.643E+08 3.541E+05 7.925E+05
 2.82507692E+03   6016.5 8.930E+03 6.737E+12 9.938E-02 2.357E-02 2.000E+05 8.955E+08 3.892E+05 7.987E+05
 2.84120943E+03   6173.3 8.981E+03 9.484E+12 1.342E-01 2.299E-02 2.000E+05 1.060E+09 4.097E+05 8.029E+05
 2.85736791E+03   6319.7 9.032E+03 1.286E+13 1.764E-01 2.244E-02 2.000E+05 1.168E+09 4.203E+05 8.056E+05
 2.87395628E+03   6457.7 9.084E+03 1.693E+13 2.269E-01 2.180E-02 2.000E+05 1.242E+09 4.239E+05 8.073E+05
 2.89127326E+03   6590.7 9.138E+03 2.183E+13 2.881E-01 2.169E-02 2.000E+05 1.296E+09 4.281E+05 8.082E+05
 2.90951254E+03   6723.1 9.196E+03 2.785E+13 3.637E-01 2.113E-02 2.000E+05 1.332E+09 4.244E+05 8.086E+05
 2.92894230E+03   6848.6 9.257E+03 3.478E+13 4.522E-01 2.069E-02 2.000E+05 1.362E+09 4.241E+05 8.087E+05
 2.94968176E+03   6980.1 9.322E+03 4.353E+13 5.665E-01 2.042E-02 2.000E+05 1.386E+09 4.190E+05 8.086E+05
 2.97197839E+03   7102.5 9.392E+03 5.327E+13 6.971E-01 1.971E-02 2.000E+05 1.403E+09 4.147E+05 8.086E+05
 2.99598517E+03   7233.3 9.467E+03 6.560E+13 8.674E-01 1.945E-02 2.000E+05 1.420E+09 4.086E+05 8.088E+05
 3.02192688E+03   7354.6 9.549E+03 7.909E+13 1.061E+00 2.025E-02 2.000E+05 1.425E+09 4.032E+05 8.093E+05
PRADK 4.3096E-01
BEGIN                    ITERATION  15 COMPLETED
