TEFF   4750.  GRAVITY 3.50000 LTE 
TITLE  [-4.5a] VTURB=2  L/H=1.25 NOVER NEW ODF                                  
 OPACITY IFOP 1 1 1 1 1 1 1 1 1 1 1 1 1 0 1 0 0 0 0 0
 CONVECTION ON   1.25 TURBULENCE OFF  0.00  0.00  0.00  0.00
ABUNDANCE SCALE   0.00003 ABUNDANCE CHANGE 1 0.92156 2 0.07844
 ABUNDANCE CHANGE  3 -10.94  4 -10.64  5  -9.49  6  -3.52  7  -4.12  8  -2.81
 ABUNDANCE CHANGE  9  -7.48 10  -3.56 11  -5.71 12  -4.06 13  -5.57 14  -4.09
 ABUNDANCE CHANGE 15  -6.59 16  -4.31 17  -6.54 18  -5.24 19  -6.92 20  -5.28
 ABUNDANCE CHANGE 21  -8.87 22  -6.62 23  -8.04 24  -6.37 25  -6.65 26  -4.54
 ABUNDANCE CHANGE 27  -7.12 28  -5.79 29  -7.83 30  -7.44 31  -9.16 32  -8.63
 ABUNDANCE CHANGE 33  -9.67 34  -8.63 35  -9.41 36  -8.73 37  -9.44 38  -9.07
 ABUNDANCE CHANGE 39  -9.80 40  -9.44 41 -10.62 42 -10.12 43 -20.00 44 -10.20
 ABUNDANCE CHANGE 45 -10.92 46 -10.35 47 -11.10 48 -10.27 49 -10.38 50 -10.04
 ABUNDANCE CHANGE 51 -11.04 52  -9.80 53 -10.53 54  -9.87 55 -10.91 56  -9.91
 ABUNDANCE CHANGE 57 -10.87 58 -10.46 59 -11.33 60 -10.54 61 -20.00 62 -11.03
 ABUNDANCE CHANGE 63 -11.53 64 -10.92 65 -11.69 66 -10.90 67 -11.78 68 -11.11
 ABUNDANCE CHANGE 69 -12.04 70 -10.96 71 -11.98 72 -11.16 73 -12.17 74 -10.93
 ABUNDANCE CHANGE 75 -11.76 76 -10.59 77 -10.69 78 -10.24 79 -11.03 80 -10.91
 ABUNDANCE CHANGE 81 -11.14 82 -10.09 83 -11.33 84 -20.00 85 -20.00 86 -20.00
 ABUNDANCE CHANGE 87 -20.00 88 -20.00 89 -20.00 90 -11.95 91 -20.00 92 -12.54
 ABUNDANCE CHANGE 93 -20.00 94 -20.00 95 -20.00 96 -20.00 97 -20.00 98 -20.00
 ABUNDANCE CHANGE 99 -20.00
READ DECK6 72 RHOX,T,P,XNE,ABROSS,ACCRAD,VTURB, FLXCNV,VCONV,VELSND
 6.77953816E-03   3786.7 2.144E+01 1.302E+08 1.967E-05 3.303E-04 2.000E+05 0.000E+00 0.000E+00 6.654E+05
 8.98451392E-03   3792.9 2.841E+01 1.554E+08 2.068E-05 3.316E-04 2.000E+05 0.000E+00 0.000E+00 6.620E+05
 1.17757902E-02   3798.5 3.724E+01 1.833E+08 2.183E-05 3.331E-04 2.000E+05 0.000E+00 0.000E+00 6.596E+05
 1.52696761E-02   3807.2 4.829E+01 2.190E+08 2.345E-05 3.349E-04 2.000E+05 0.000E+00 0.000E+00 6.581E+05
 1.95992989E-02   3815.1 6.198E+01 2.593E+08 2.526E-05 3.370E-04 2.000E+05 0.000E+00 0.000E+00 6.572E+05
 2.49418430E-02   3823.4 7.887E+01 3.061E+08 2.737E-05 3.393E-04 2.000E+05 0.000E+00 0.000E+00 6.566E+05
 3.15054426E-02   3831.2 9.963E+01 3.590E+08 2.973E-05 3.420E-04 2.000E+05 0.000E+00 0.000E+00 6.562E+05
 3.95668915E-02   3837.7 1.251E+02 4.167E+08 3.226E-05 3.449E-04 2.000E+05 0.000E+00 0.000E+00 6.559E+05
 4.94758366E-02   3843.0 1.565E+02 4.797E+08 3.498E-05 3.480E-04 2.000E+05 0.000E+00 0.000E+00 6.556E+05
 6.16764724E-02   3847.1 1.950E+02 5.477E+08 3.788E-05 3.514E-04 2.000E+05 0.000E+00 0.000E+00 6.552E+05
 7.66867200E-02   3851.1 2.425E+02 6.240E+08 4.110E-05 3.552E-04 2.000E+05 0.000E+00 0.000E+00 6.549E+05
 9.50936314E-02   3855.4 3.007E+02 7.112E+08 4.478E-05 3.594E-04 2.000E+05 0.000E+00 0.000E+00 6.546E+05
 1.17602192E-01   3859.5 3.719E+02 8.087E+08 4.887E-05 3.642E-04 2.000E+05 0.000E+00 0.000E+00 6.543E+05
 1.45091327E-01   3863.4 4.588E+02 9.175E+08 5.339E-05 3.696E-04 2.000E+05 0.000E+00 0.000E+00 6.539E+05
 1.78622626E-01   3867.1 5.649E+02 1.039E+09 5.839E-05 3.755E-04 2.000E+05 0.000E+00 0.000E+00 6.534E+05
 2.19509538E-01   3870.5 6.941E+02 1.173E+09 6.387E-05 3.820E-04 2.000E+05 0.000E+00 0.000E+00 6.529E+05
 2.69343650E-01   3873.6 8.517E+02 1.321E+09 6.989E-05 3.892E-04 2.000E+05 0.000E+00 0.000E+00 6.521E+05
 3.30038911E-01   3876.6 1.044E+03 1.487E+09 7.656E-05 3.972E-04 2.000E+05 0.000E+00 0.000E+00 6.512E+05
 4.03867983E-01   3879.7 1.277E+03 1.672E+09 8.398E-05 4.061E-04 2.000E+05 0.000E+00 0.000E+00 6.502E+05
 4.93647796E-01   3882.4 1.561E+03 1.876E+09 9.207E-05 4.160E-04 2.000E+05 0.000E+00 0.000E+00 6.489E+05
 6.02845737E-01   3884.9 1.906E+03 2.101E+09 1.009E-04 4.269E-04 2.000E+05 0.000E+00 0.000E+00 6.473E+05
 7.35647916E-01   3887.2 2.326E+03 2.351E+09 1.107E-04 4.389E-04 2.000E+05 0.000E+00 0.000E+00 6.454E+05
 8.97157195E-01   3889.4 2.837E+03 2.627E+09 1.214E-04 4.521E-04 2.000E+05 0.000E+00 0.000E+00 6.432E+05
 1.09353910E+00   3891.4 3.458E+03 2.932E+09 1.331E-04 4.668E-04 2.000E+05 0.000E+00 0.000E+00 6.407E+05
 1.33228877E+00   3893.3 4.213E+03 3.271E+09 1.460E-04 4.830E-04 2.000E+05 0.000E+00 0.000E+00 6.377E+05
 1.62244298E+00   3895.3 5.131E+03 3.648E+09 1.603E-04 5.010E-04 2.000E+05 0.000E+00 0.000E+00 6.344E+05
 1.97484206E+00   3897.2 6.245E+03 4.068E+09 1.761E-04 5.210E-04 2.000E+05 0.000E+00 0.000E+00 6.307E+05
 2.40254578E+00   3899.3 7.598E+03 4.538E+09 1.935E-04 5.432E-04 2.000E+05 0.000E+00 0.000E+00 6.267E+05
 2.92114637E+00   3901.5 9.237E+03 5.065E+09 2.129E-04 5.679E-04 2.000E+05 0.000E+00 0.000E+00 6.224E+05
 3.54929832E+00   3904.0 1.122E+04 5.658E+09 2.346E-04 5.955E-04 2.000E+05 0.000E+00 0.000E+00 6.178E+05
 4.30913385E+00   3906.8 1.363E+04 6.329E+09 2.588E-04 6.264E-04 2.000E+05 0.000E+00 0.000E+00 6.130E+05
 5.22677554E+00   3910.1 1.653E+04 7.091E+09 2.860E-04 6.611E-04 2.000E+05 0.000E+00 0.000E+00 6.082E+05
 6.33291878E+00   3913.9 2.003E+04 7.961E+09 3.167E-04 7.000E-04 2.000E+05 0.000E+00 0.000E+00 6.034E+05
 7.66355115E+00   3918.2 2.423E+04 8.959E+09 3.515E-04 7.441E-04 2.000E+05 0.000E+00 0.000E+00 5.987E+05
 9.26024776E+00   3923.4 2.928E+04 1.011E+10 3.911E-04 7.940E-04 2.000E+05 0.000E+00 0.000E+00 5.941E+05
 1.11702371E+01   3929.5 3.532E+04 1.146E+10 4.368E-04 8.513E-04 2.000E+05 0.000E+00 0.000E+00 5.899E+05
 1.34463488E+01   3936.7 4.252E+04 1.304E+10 4.898E-04 9.174E-04 2.000E+05 0.000E+00 0.000E+00 5.860E+05
 1.61468410E+01   3945.3 5.106E+04 1.493E+10 5.519E-04 9.942E-04 2.000E+05 0.000E+00 0.000E+00 5.825E+05
 1.93326415E+01   3955.6 6.113E+04 1.720E+10 6.257E-04 1.085E-03 2.000E+05 0.000E+00 0.000E+00 5.795E+05
 2.30672114E+01   3967.9 7.294E+04 1.997E+10 7.142E-04 1.193E-03 2.000E+05 0.000E+00 0.000E+00 5.771E+05
 2.74083703E+01   3982.8 8.667E+04 2.344E+10 8.236E-04 1.324E-03 2.000E+05 0.000E+00 0.000E+00 5.752E+05
 3.23959689E+01   4001.2 1.024E+05 2.787E+10 9.616E-04 1.489E-03 2.000E+05 0.000E+00 0.000E+00 5.742E+05
 3.80753390E+01   4021.3 1.204E+05 3.330E+10 1.128E-03 1.685E-03 2.000E+05 0.000E+00 0.000E+00 5.736E+05
 4.44781247E+01   4046.4 1.407E+05 4.064E+10 1.350E-03 1.944E-03 2.000E+05 0.000E+00 0.000E+00 5.740E+05
 5.14461945E+01   4084.8 1.627E+05 5.262E+10 1.710E-03 2.355E-03 2.000E+05 0.000E+00 0.000E+00 5.770E+05
 5.83305394E+01   4154.5 1.844E+05 7.760E+10 2.451E-03 3.170E-03 2.000E+05 6.917E+05 0.000E+00 5.858E+05
 6.46864025E+01   4229.7 2.045E+05 1.149E+11 3.525E-03 4.309E-03 2.000E+05 6.025E+06 1.397E+04 5.960E+05
 7.05711128E+01   4310.1 2.231E+05 1.708E+11 5.073E-03 5.894E-03 2.000E+05 1.947E+07 2.642E+04 6.076E+05
 7.61124709E+01   4387.6 2.407E+05 2.463E+11 7.079E-03 7.861E-03 2.000E+05 4.292E+07 3.367E+04 6.189E+05
 8.13898117E+01   4472.3 2.574E+05 3.600E+11 9.967E-03 1.056E-02 2.000E+05 7.834E+07 4.304E+04 6.316E+05
 8.63911959E+01   4561.7 2.732E+05 5.272E+11 1.401E-02 1.411E-02 2.000E+05 1.292E+08 5.060E+04 6.452E+05
 9.11357048E+01   4657.5 2.882E+05 7.778E+11 1.971E-02 1.875E-02 2.000E+05 2.014E+08 6.042E+04 6.598E+05
 9.56165114E+01   4761.6 3.024E+05 1.162E+12 2.791E-02 2.480E-02 2.000E+05 2.949E+08 6.961E+04 6.754E+05
 9.98414541E+01   4872.1 3.157E+05 1.739E+12 3.944E-02 3.228E-02 2.000E+05 4.159E+08 7.900E+04 6.915E+05
 1.03819151E+02   4991.6 3.283E+05 2.632E+12 5.599E-02 4.143E-02 2.000E+05 5.694E+08 8.972E+04 7.080E+05
 1.07551126E+02   5120.0 3.401E+05 4.011E+12 7.957E-02 5.186E-02 2.000E+05 7.529E+08 9.937E+04 7.246E+05
 1.11066493E+02   5252.7 3.512E+05 6.058E+12 1.118E-01 6.173E-02 2.000E+05 9.700E+08 1.097E+05 7.403E+05
 1.14460913E+02   5379.5 3.619E+05 8.821E+12 1.519E-01 6.812E-02 2.000E+05 1.210E+09 1.193E+05 7.541E+05
 1.17824955E+02   5504.9 3.726E+05 1.258E+13 2.025E-01 7.126E-02 2.000E+05 1.436E+09 1.274E+05 7.666E+05
 1.21229069E+02   5626.5 3.834E+05 1.750E+13 2.641E-01 7.152E-02 2.000E+05 1.632E+09 1.327E+05 7.778E+05
 1.24729101E+02   5748.7 3.944E+05 2.405E+13 3.409E-01 7.123E-02 2.000E+05 1.791E+09 1.378E+05 7.883E+05
 1.28362826E+02   5871.7 4.059E+05 3.270E+13 4.359E-01 7.073E-02 2.000E+05 1.903E+09 1.399E+05 7.982E+05
 1.32170432E+02   5995.0 4.179E+05 4.399E+13 5.525E-01 7.127E-02 2.000E+05 1.989E+09 1.420E+05 8.075E+05
 1.36179287E+02   6122.5 4.306E+05 5.907E+13 6.993E-01 7.278E-02 2.000E+05 2.049E+09 1.434E+05 8.165E+05
 1.40416351E+02   6251.4 4.440E+05 7.868E+13 8.798E-01 7.431E-02 2.000E+05 2.095E+09 1.431E+05 8.251E+05
 1.44912075E+02   6384.1 4.582E+05 1.045E+14 1.105E+00 7.710E-02 2.000E+05 2.135E+09 1.448E+05 8.334E+05
 1.49679655E+02   6522.3 4.733E+05 1.388E+14 1.390E+00 7.884E-02 2.000E+05 2.161E+09 1.431E+05 8.415E+05
 1.54756298E+02   6660.0 4.894E+05 1.823E+14 1.735E+00 8.133E-02 2.000E+05 2.190E+09 1.444E+05 8.490E+05
 1.60149953E+02   6808.7 5.064E+05 2.416E+14 2.186E+00 8.406E-02 2.000E+05 2.205E+09 1.428E+05 8.565E+05
 1.65900697E+02   6952.2 5.246E+05 3.141E+14 2.718E+00 8.531E-02 2.000E+05 2.220E+09 1.420E+05 8.632E+05
 1.72026682E+02   7108.9 5.440E+05 4.132E+14 3.422E+00 8.875E-02 2.000E+05 2.243E+09 1.420E+05 8.699E+05
 1.78546993E+02   7260.2 5.646E+05 5.335E+14 4.251E+00 9.673E-02 2.000E+05 2.233E+09 1.397E+05 8.757E+05
PRADK 6.7023E-01
BEGIN                    ITERATION  15 COMPLETED
