TEFF   4750.  GRAVITY 2.00000 LTE 
TITLE  [-4.5a] VTURB=2  L/H=1.25 NOVER NEW ODF                                  
 OPACITY IFOP 1 1 1 1 1 1 1 1 1 1 1 1 1 0 1 0 0 0 0 0
 CONVECTION ON   1.25 TURBULENCE OFF  0.00  0.00  0.00  0.00
ABUNDANCE SCALE   0.00003 ABUNDANCE CHANGE 1 0.92156 2 0.07844
 ABUNDANCE CHANGE  3 -10.94  4 -10.64  5  -9.49  6  -3.52  7  -4.12  8  -2.81
 ABUNDANCE CHANGE  9  -7.48 10  -3.56 11  -5.71 12  -4.06 13  -5.57 14  -4.09
 ABUNDANCE CHANGE 15  -6.59 16  -4.31 17  -6.54 18  -5.24 19  -6.92 20  -5.28
 ABUNDANCE CHANGE 21  -8.87 22  -6.62 23  -8.04 24  -6.37 25  -6.65 26  -4.54
 ABUNDANCE CHANGE 27  -7.12 28  -5.79 29  -7.83 30  -7.44 31  -9.16 32  -8.63
 ABUNDANCE CHANGE 33  -9.67 34  -8.63 35  -9.41 36  -8.73 37  -9.44 38  -9.07
 ABUNDANCE CHANGE 39  -9.80 40  -9.44 41 -10.62 42 -10.12 43 -20.00 44 -10.20
 ABUNDANCE CHANGE 45 -10.92 46 -10.35 47 -11.10 48 -10.27 49 -10.38 50 -10.04
 ABUNDANCE CHANGE 51 -11.04 52  -9.80 53 -10.53 54  -9.87 55 -10.91 56  -9.91
 ABUNDANCE CHANGE 57 -10.87 58 -10.46 59 -11.33 60 -10.54 61 -20.00 62 -11.03
 ABUNDANCE CHANGE 63 -11.53 64 -10.92 65 -11.69 66 -10.90 67 -11.78 68 -11.11
 ABUNDANCE CHANGE 69 -12.04 70 -10.96 71 -11.98 72 -11.16 73 -12.17 74 -10.93
 ABUNDANCE CHANGE 75 -11.76 76 -10.59 77 -10.69 78 -10.24 79 -11.03 80 -10.91
 ABUNDANCE CHANGE 81 -11.14 82 -10.09 83 -11.33 84 -20.00 85 -20.00 86 -20.00
 ABUNDANCE CHANGE 87 -20.00 88 -20.00 89 -20.00 90 -11.95 91 -20.00 92 -12.54
 ABUNDANCE CHANGE 93 -20.00 94 -20.00 95 -20.00 96 -20.00 97 -20.00 98 -20.00
 ABUNDANCE CHANGE 99 -20.00
READ DECK6 72 RHOX,T,P,XNE,ABROSS,ACCRAD,VTURB, FLXCNV,VCONV,VELSND
 7.71120972E-03   3671.4 7.711E-01 1.273E+07 1.729E-05 2.758E-04 2.000E+05 0.000E+00 0.000E+00 9.898E+05
 1.03365934E-02   3676.0 1.034E+00 1.515E+07 1.659E-05 2.757E-04 2.000E+05 0.000E+00 0.000E+00 9.144E+05
 1.39814208E-02   3680.5 1.398E+00 1.810E+07 1.596E-05 2.756E-04 2.000E+05 0.000E+00 0.000E+00 8.520E+05
 1.90032508E-02   3687.2 1.900E+00 2.194E+07 1.554E-05 2.757E-04 2.000E+05 0.000E+00 0.000E+00 8.023E+05
 2.58516474E-02   3695.0 2.585E+00 2.680E+07 1.530E-05 2.758E-04 2.000E+05 0.000E+00 0.000E+00 7.637E+05
 3.50718368E-02   3704.3 3.507E+00 3.294E+07 1.524E-05 2.760E-04 2.000E+05 0.000E+00 0.000E+00 7.345E+05
 4.73307480E-02   3714.7 4.733E+00 4.066E+07 1.538E-05 2.764E-04 2.000E+05 0.000E+00 0.000E+00 7.128E+05
 6.34325022E-02   3726.2 6.343E+00 5.030E+07 1.570E-05 2.768E-04 2.000E+05 0.000E+00 0.000E+00 6.969E+05
 8.43393594E-02   3738.4 8.434E+00 6.220E+07 1.621E-05 2.774E-04 2.000E+05 0.000E+00 0.000E+00 6.853E+05
 1.11216054E-01   3750.9 1.112E+01 7.670E+07 1.689E-05 2.782E-04 2.000E+05 0.000E+00 0.000E+00 6.770E+05
 1.45466174E-01   3763.4 1.455E+01 9.417E+07 1.774E-05 2.790E-04 2.000E+05 0.000E+00 0.000E+00 6.710E+05
 1.88791207E-01   3775.6 1.888E+01 1.149E+08 1.876E-05 2.801E-04 2.000E+05 0.000E+00 0.000E+00 6.667E+05
 2.43277939E-01   3787.3 2.433E+01 1.392E+08 1.994E-05 2.813E-04 2.000E+05 0.000E+00 0.000E+00 6.637E+05
 3.11485022E-01   3798.2 3.115E+01 1.674E+08 2.128E-05 2.826E-04 2.000E+05 0.000E+00 0.000E+00 6.615E+05
 3.96496982E-01   3808.5 3.965E+01 1.999E+08 2.282E-05 2.842E-04 2.000E+05 0.000E+00 0.000E+00 6.600E+05
 5.02027537E-01   3818.2 5.020E+01 2.373E+08 2.455E-05 2.859E-04 2.000E+05 0.000E+00 0.000E+00 6.589E+05
 6.32785381E-01   3826.5 6.328E+01 2.788E+08 2.643E-05 2.878E-04 2.000E+05 0.000E+00 0.000E+00 6.581E+05
 7.94614206E-01   3834.0 7.946E+01 3.255E+08 2.851E-05 2.900E-04 2.000E+05 0.000E+00 0.000E+00 6.575E+05
 9.94376932E-01   3841.0 9.943E+01 3.783E+08 3.084E-05 2.924E-04 2.000E+05 0.000E+00 0.000E+00 6.571E+05
 1.24069069E+00   3846.9 1.241E+02 4.361E+08 3.334E-05 2.952E-04 2.000E+05 0.000E+00 0.000E+00 6.567E+05
 1.54430923E+00   3852.0 1.544E+02 5.003E+08 3.609E-05 2.982E-04 2.000E+05 0.000E+00 0.000E+00 6.564E+05
 1.91806760E+00   3856.6 1.918E+02 5.716E+08 3.912E-05 3.016E-04 2.000E+05 0.000E+00 0.000E+00 6.561E+05
 2.37760004E+00   3860.7 2.377E+02 6.507E+08 4.246E-05 3.054E-04 2.000E+05 0.000E+00 0.000E+00 6.559E+05
 2.94170949E+00   3864.5 2.941E+02 7.393E+08 4.617E-05 3.097E-04 2.000E+05 0.000E+00 0.000E+00 6.556E+05
 3.63339154E+00   3868.0 3.633E+02 8.374E+08 5.026E-05 3.144E-04 2.000E+05 0.000E+00 0.000E+00 6.552E+05
 4.48011000E+00   3871.4 4.479E+02 9.471E+08 5.479E-05 3.196E-04 2.000E+05 0.000E+00 0.000E+00 6.548E+05
 5.51503820E+00   3874.7 5.513E+02 1.070E+09 5.983E-05 3.255E-04 2.000E+05 0.000E+00 0.000E+00 6.543E+05
 6.77772931E+00   3878.0 6.775E+02 1.207E+09 6.544E-05 3.321E-04 2.000E+05 0.000E+00 0.000E+00 6.538E+05
 8.31607970E+00   3881.4 8.312E+02 1.362E+09 7.170E-05 3.394E-04 2.000E+05 0.000E+00 0.000E+00 6.531E+05
 1.01861321E+01   3885.0 1.018E+03 1.536E+09 7.874E-05 3.477E-04 2.000E+05 0.000E+00 0.000E+00 6.523E+05
 1.24549431E+01   3888.8 1.245E+03 1.734E+09 8.665E-05 3.571E-04 2.000E+05 0.000E+00 0.000E+00 6.514E+05
 1.52001041E+01   3893.2 1.519E+03 1.961E+09 9.563E-05 3.677E-04 2.000E+05 0.000E+00 0.000E+00 6.504E+05
 1.85118803E+01   3898.0 1.850E+03 2.220E+09 1.059E-04 3.798E-04 2.000E+05 0.000E+00 0.000E+00 6.492E+05
 2.24951332E+01   3903.5 2.248E+03 2.520E+09 1.176E-04 3.937E-04 2.000E+05 0.000E+00 0.000E+00 6.479E+05
 2.72686957E+01   3909.8 2.725E+03 2.867E+09 1.311E-04 4.096E-04 2.000E+05 0.000E+00 0.000E+00 6.466E+05
 3.29666455E+01   3917.0 3.294E+03 3.275E+09 1.468E-04 4.280E-04 2.000E+05 0.000E+00 0.000E+00 6.451E+05
 3.97359037E+01   3925.5 3.970E+03 3.758E+09 1.652E-04 4.497E-04 2.000E+05 0.000E+00 0.000E+00 6.436E+05
 4.77324191E+01   3935.4 4.769E+03 4.336E+09 1.870E-04 4.752E-04 2.000E+05 0.000E+00 0.000E+00 6.421E+05
 5.71200163E+01   3947.0 5.707E+03 5.035E+09 2.131E-04 5.057E-04 2.000E+05 0.000E+00 0.000E+00 6.408E+05
 6.80593833E+01   3960.8 6.800E+03 5.895E+09 2.449E-04 5.425E-04 2.000E+05 0.000E+00 0.000E+00 6.396E+05
 8.06949063E+01   3977.0 8.062E+03 6.969E+09 2.841E-04 5.876E-04 2.000E+05 0.000E+00 0.000E+00 6.389E+05
 9.51392177E+01   3996.3 9.505E+03 8.336E+09 3.333E-04 6.439E-04 2.000E+05 0.000E+00 0.000E+00 6.386E+05
 1.11447310E+02   4019.3 1.113E+04 1.011E+10 3.963E-04 7.152E-04 2.000E+05 0.000E+00 0.000E+00 6.390E+05
 1.29601508E+02   4046.7 1.295E+04 1.247E+10 4.784E-04 8.072E-04 2.000E+05 0.000E+00 0.000E+00 6.402E+05
 1.49484343E+02   4079.2 1.493E+04 1.566E+10 5.875E-04 9.280E-04 2.000E+05 0.000E+00 0.000E+00 6.425E+05
 1.70869300E+02   4117.7 1.707E+04 2.010E+10 7.356E-04 1.090E-03 2.000E+05 0.000E+00 0.000E+00 6.459E+05
 1.93402144E+02   4163.2 1.932E+04 2.642E+10 9.411E-04 1.310E-03 2.000E+05 0.000E+00 0.000E+00 6.506E+05
 2.16605786E+02   4217.2 2.164E+04 3.569E+10 1.233E-03 1.618E-03 2.000E+05 0.000E+00 0.000E+00 6.567E+05
 2.39883298E+02   4280.8 2.397E+04 4.974E+10 1.659E-03 2.059E-03 2.000E+05 0.000E+00 0.000E+00 6.644E+05
 2.62655179E+02   4355.6 2.625E+04 7.169E+10 2.294E-03 2.705E-03 2.000E+05 0.000E+00 0.000E+00 6.736E+05
 2.84271212E+02   4443.5 2.841E+04 1.072E+11 3.270E-03 3.681E-03 2.000E+05 4.996E+01 0.000E+00 6.842E+05
 3.04178638E+02   4546.9 3.040E+04 1.671E+11 4.812E-03 5.199E-03 2.000E+05 1.076E+04 1.422E+03 6.961E+05
 3.21900373E+02   4669.6 3.218E+04 2.729E+11 7.334E-03 7.645E-03 2.000E+05 2.685E+05 8.475E+03 7.094E+05
 3.37130711E+02   4814.5 3.370E+04 4.680E+11 1.157E-02 1.171E-02 2.000E+05 2.800E+06 2.419E+04 7.238E+05
 3.49814370E+02   4983.1 3.497E+04 8.364E+11 1.880E-02 1.853E-02 2.000E+05 7.888E+06 5.104E+04 7.389E+05
 3.60003356E+02   5185.4 3.599E+04 1.586E+12 3.185E-02 3.060E-02 2.000E+05 2.686E+07 5.649E+04 7.553E+05
 3.67738811E+02   5433.9 3.677E+04 3.245E+12 5.714E-02 5.214E-02 2.000E+05 1.339E+08 1.039E+05 7.734E+05
 3.73578565E+02   5684.3 3.735E+04 6.284E+12 9.789E-02 7.850E-02 2.000E+05 3.967E+08 1.801E+05 7.897E+05
 3.78416171E+02   5895.7 3.784E+04 1.052E+13 1.494E-01 9.592E-02 2.000E+05 7.613E+08 2.289E+05 8.017E+05
 3.82815337E+02   6080.4 3.828E+04 1.602E+13 2.120E-01 1.036E-01 2.000E+05 1.126E+09 2.628E+05 8.109E+05
 3.87030094E+02   6253.2 3.870E+04 2.324E+13 2.903E-01 1.051E-01 2.000E+05 1.428E+09 2.841E+05 8.183E+05
 3.91219728E+02   6411.1 3.912E+04 3.209E+13 3.832E-01 1.030E-01 2.000E+05 1.652E+09 2.966E+05 8.239E+05
 3.95483282E+02   6565.6 3.955E+04 4.338E+13 4.991E-01 1.018E-01 2.000E+05 1.810E+09 3.050E+05 8.283E+05
 3.99893525E+02   6712.7 3.999E+04 5.709E+13 6.379E-01 9.978E-02 2.000E+05 1.921E+09 3.078E+05 8.317E+05
 4.04516578E+02   6857.8 4.045E+04 7.402E+13 8.086E-01 9.957E-02 2.000E+05 2.005E+09 3.107E+05 8.343E+05
 4.09395695E+02   7001.7 4.094E+04 9.482E+13 1.019E+00 9.888E-02 2.000E+05 2.065E+09 3.101E+05 8.361E+05
 4.14582662E+02   7143.3 4.146E+04 1.198E+14 1.273E+00 9.770E-02 2.000E+05 2.113E+09 3.086E+05 8.375E+05
 4.20123935E+02   7285.5 4.201E+04 1.504E+14 1.588E+00 9.718E-02 2.000E+05 2.153E+09 3.077E+05 8.385E+05
 4.26056157E+02   7428.2 4.260E+04 1.872E+14 1.975E+00 9.521E-02 2.000E+05 2.180E+09 3.025E+05 8.395E+05
 4.32441406E+02   7567.4 4.324E+04 2.302E+14 2.439E+00 9.398E-02 2.000E+05 2.206E+09 3.009E+05 8.403E+05
 4.39310753E+02   7713.1 4.393E+04 2.836E+14 3.029E+00 9.221E-02 2.000E+05 2.225E+09 2.948E+05 8.413E+05
 4.46740472E+02   7849.8 4.467E+04 3.428E+14 3.703E+00 9.665E-02 2.000E+05 2.234E+09 2.912E+05 8.425E+05
PRADK 6.7598E-01
BEGIN                    ITERATION  15 COMPLETED
