TEFF   4250.  GRAVITY 3.00000 LTE 
TITLE  [-4.5a] VTURB=2  L/H=1.25 NOVER NEW ODF                                  
 OPACITY IFOP 1 1 1 1 1 1 1 1 1 1 1 1 1 0 1 0 0 0 0 0
 CONVECTION ON   1.25 TURBULENCE OFF  0.00  0.00  0.00  0.00
ABUNDANCE SCALE   0.00003 ABUNDANCE CHANGE 1 0.92156 2 0.07844
 ABUNDANCE CHANGE  3 -10.94  4 -10.64  5  -9.49  6  -3.52  7  -4.12  8  -2.81
 ABUNDANCE CHANGE  9  -7.48 10  -3.56 11  -5.71 12  -4.06 13  -5.57 14  -4.09
 ABUNDANCE CHANGE 15  -6.59 16  -4.31 17  -6.54 18  -5.24 19  -6.92 20  -5.28
 ABUNDANCE CHANGE 21  -8.87 22  -6.62 23  -8.04 24  -6.37 25  -6.65 26  -4.54
 ABUNDANCE CHANGE 27  -7.12 28  -5.79 29  -7.83 30  -7.44 31  -9.16 32  -8.63
 ABUNDANCE CHANGE 33  -9.67 34  -8.63 35  -9.41 36  -8.73 37  -9.44 38  -9.07
 ABUNDANCE CHANGE 39  -9.80 40  -9.44 41 -10.62 42 -10.12 43 -20.00 44 -10.20
 ABUNDANCE CHANGE 45 -10.92 46 -10.35 47 -11.10 48 -10.27 49 -10.38 50 -10.04
 ABUNDANCE CHANGE 51 -11.04 52  -9.80 53 -10.53 54  -9.87 55 -10.91 56  -9.91
 ABUNDANCE CHANGE 57 -10.87 58 -10.46 59 -11.33 60 -10.54 61 -20.00 62 -11.03
 ABUNDANCE CHANGE 63 -11.53 64 -10.92 65 -11.69 66 -10.90 67 -11.78 68 -11.11
 ABUNDANCE CHANGE 69 -12.04 70 -10.96 71 -11.98 72 -11.16 73 -12.17 74 -10.93
 ABUNDANCE CHANGE 75 -11.76 76 -10.59 77 -10.69 78 -10.24 79 -11.03 80 -10.91
 ABUNDANCE CHANGE 81 -11.14 82 -10.09 83 -11.33 84 -20.00 85 -20.00 86 -20.00
 ABUNDANCE CHANGE 87 -20.00 88 -20.00 89 -20.00 90 -11.95 91 -20.00 92 -12.54
 ABUNDANCE CHANGE 93 -20.00 94 -20.00 95 -20.00 96 -20.00 97 -20.00 98 -20.00
 ABUNDANCE CHANGE 99 -20.00
READ DECK6 72 RHOX,T,P,XNE,ABROSS,ACCRAD,VTURB, FLXCNV,VCONV,VELSND
 2.43986583E-02   3370.1 2.440E+01 1.043E+07 5.466E-06 9.377E-05 2.000E+05 0.000E+00 0.000E+00 6.196E+05
 3.23354333E-02   3377.1 3.234E+01 1.263E+07 5.742E-06 9.389E-05 2.000E+05 0.000E+00 0.000E+00 6.177E+05
 4.24210811E-02   3382.5 4.242E+01 1.505E+07 6.019E-06 9.403E-05 2.000E+05 0.000E+00 0.000E+00 6.161E+05
 5.52090013E-02   3389.5 5.521E+01 1.806E+07 6.350E-06 9.419E-05 2.000E+05 0.000E+00 0.000E+00 6.149E+05
 7.13243760E-02   3397.6 7.132E+01 2.173E+07 6.732E-06 9.437E-05 2.000E+05 0.000E+00 0.000E+00 6.140E+05
 9.15880203E-02   3405.4 9.159E+01 2.603E+07 7.144E-06 9.459E-05 2.000E+05 0.000E+00 0.000E+00 6.131E+05
 1.16983201E-01   3414.3 1.170E+02 3.131E+07 7.618E-06 9.485E-05 2.000E+05 0.000E+00 0.000E+00 6.124E+05
 1.48750643E-01   3422.3 1.487E+02 3.736E+07 8.119E-06 9.514E-05 2.000E+05 0.000E+00 0.000E+00 6.114E+05
 1.88414532E-01   3431.0 1.884E+02 4.468E+07 8.687E-06 9.549E-05 2.000E+05 0.000E+00 0.000E+00 6.104E+05
 2.37829850E-01   3439.3 2.378E+02 5.316E+07 9.301E-06 9.588E-05 2.000E+05 0.000E+00 0.000E+00 6.092E+05
 2.99304516E-01   3447.5 2.993E+02 6.314E+07 9.980E-06 9.633E-05 2.000E+05 0.000E+00 0.000E+00 6.078E+05
 3.75679344E-01   3455.2 3.757E+02 7.461E+07 1.071E-05 9.684E-05 2.000E+05 0.000E+00 0.000E+00 6.061E+05
 4.70505809E-01   3462.4 4.705E+02 8.775E+07 1.151E-05 9.743E-05 2.000E+05 0.000E+00 0.000E+00 6.040E+05
 5.88154313E-01   3469.1 5.882E+02 1.028E+08 1.238E-05 9.809E-05 2.000E+05 0.000E+00 0.000E+00 6.015E+05
 7.33837542E-01   3475.8 7.338E+02 1.203E+08 1.335E-05 9.883E-05 2.000E+05 0.000E+00 0.000E+00 5.987E+05
 9.14001977E-01   3481.8 9.140E+02 1.400E+08 1.439E-05 9.966E-05 2.000E+05 0.000E+00 0.000E+00 5.954E+05
 1.13689557E+00   3486.9 1.137E+03 1.620E+08 1.551E-05 1.006E-04 2.000E+05 0.000E+00 0.000E+00 5.916E+05
 1.41283415E+00   3491.2 1.413E+03 1.864E+08 1.671E-05 1.016E-04 2.000E+05 0.000E+00 0.000E+00 5.873E+05
 1.75330853E+00   3496.4 1.753E+03 2.154E+08 1.811E-05 1.028E-04 2.000E+05 0.000E+00 0.000E+00 5.830E+05
 2.17240186E+00   3500.8 2.172E+03 2.475E+08 1.961E-05 1.042E-04 2.000E+05 0.000E+00 0.000E+00 5.782E+05
 2.68798216E+00   3505.1 2.688E+03 2.842E+08 2.128E-05 1.056E-04 2.000E+05 0.000E+00 0.000E+00 5.732E+05
 3.32088470E+00   3509.3 3.321E+03 3.259E+08 2.313E-05 1.073E-04 2.000E+05 0.000E+00 0.000E+00 5.682E+05
 4.09692242E+00   3513.0 4.097E+03 3.725E+08 2.517E-05 1.092E-04 2.000E+05 0.000E+00 0.000E+00 5.631E+05
 5.04659720E+00   3517.0 5.047E+03 4.260E+08 2.747E-05 1.113E-04 2.000E+05 0.000E+00 0.000E+00 5.581E+05
 6.20578211E+00   3521.1 6.206E+03 4.868E+08 3.004E-05 1.136E-04 2.000E+05 0.000E+00 0.000E+00 5.533E+05
 7.61770664E+00   3525.2 7.618E+03 5.563E+08 3.292E-05 1.162E-04 2.000E+05 0.000E+00 0.000E+00 5.487E+05
 9.33352649E+00   3529.4 9.334E+03 6.355E+08 3.617E-05 1.190E-04 2.000E+05 0.000E+00 0.000E+00 5.444E+05
 1.14145182E+01   3533.7 1.141E+04 7.254E+08 3.980E-05 1.222E-04 2.000E+05 0.000E+00 0.000E+00 5.403E+05
 1.39330984E+01   3538.1 1.393E+04 8.278E+08 4.391E-05 1.257E-04 2.000E+05 0.000E+00 0.000E+00 5.364E+05
 1.69739087E+01   3542.7 1.697E+04 9.447E+08 4.855E-05 1.296E-04 2.000E+05 0.000E+00 0.000E+00 5.327E+05
 2.06368228E+01   3547.5 2.064E+04 1.078E+09 5.381E-05 1.338E-04 2.000E+05 0.000E+00 0.000E+00 5.293E+05
 2.50390527E+01   3552.3 2.504E+04 1.229E+09 5.977E-05 1.385E-04 2.000E+05 0.000E+00 0.000E+00 5.259E+05
 3.03161828E+01   3557.4 3.032E+04 1.401E+09 6.659E-05 1.437E-04 2.000E+05 0.000E+00 0.000E+00 5.227E+05
 3.66217638E+01   3563.0 3.662E+04 1.600E+09 7.444E-05 1.495E-04 2.000E+05 0.000E+00 0.000E+00 5.197E+05
 4.41307665E+01   3569.0 4.413E+04 1.828E+09 8.351E-05 1.560E-04 2.000E+05 0.000E+00 0.000E+00 5.167E+05
 5.30347636E+01   3575.8 5.303E+04 2.094E+09 9.414E-05 1.633E-04 2.000E+05 0.000E+00 0.000E+00 5.139E+05
 6.35198177E+01   3584.5 6.352E+04 2.419E+09 1.070E-04 1.720E-04 2.000E+05 0.000E+00 0.000E+00 5.114E+05
 7.58283485E+01   3592.5 7.583E+04 2.777E+09 1.215E-04 1.813E-04 2.000E+05 0.000E+00 0.000E+00 5.088E+05
 9.02197099E+01   3603.7 9.022E+04 3.235E+09 1.395E-04 1.932E-04 2.000E+05 0.000E+00 0.000E+00 5.067E+05
 1.06224620E+02   3642.4 1.062E+05 4.324E+09 1.762E-04 2.231E-04 2.000E+05 2.966E+04 0.000E+00 5.099E+05
 1.22609406E+02   3693.7 1.226E+05 6.117E+09 2.349E-04 2.722E-04 2.000E+05 1.439E+06 4.536E+03 5.158E+05
 1.38707326E+02   3749.7 1.387E+05 8.777E+09 3.203E-04 3.423E-04 2.000E+05 2.789E+06 1.597E+04 5.228E+05
 1.54853652E+02   3795.4 1.549E+05 1.182E+10 4.170E-04 4.187E-04 2.000E+05 4.030E+06 0.000E+00 5.283E+05
 1.71408099E+02   3842.1 1.714E+05 1.589E+10 5.438E-04 5.151E-04 2.000E+05 1.316E+07 1.908E+04 5.340E+05
 1.88320394E+02   3889.4 1.883E+05 2.129E+10 7.103E-04 6.363E-04 2.000E+05 2.130E+07 2.701E+04 5.399E+05
 2.05566107E+02   3937.1 2.056E+05 2.836E+10 9.264E-04 7.859E-04 2.000E+05 3.294E+07 1.922E+04 5.459E+05
 2.23454874E+02   3980.2 2.235E+05 3.671E+10 1.178E-03 9.495E-04 2.000E+05 5.589E+07 3.549E+04 5.512E+05
 2.41620388E+02   4034.9 2.416E+05 4.996E+10 1.576E-03 1.194E-03 2.000E+05 7.819E+07 3.219E+04 5.585E+05
 2.60402661E+02   4077.3 2.604E+05 6.362E+10 1.976E-03 1.413E-03 2.000E+05 1.150E+08 4.053E+04 5.638E+05
 2.79543394E+02   4137.8 2.795E+05 8.773E+10 2.676E-03 1.776E-03 2.000E+05 1.621E+08 4.493E+04 5.721E+05
 2.99071641E+02   4186.3 2.991E+05 1.135E+11 3.404E-03 2.090E-03 2.000E+05 2.168E+08 4.821E+04 5.785E+05
 3.18931512E+02   4250.8 3.189E+05 1.567E+11 4.603E-03 2.564E-03 2.000E+05 2.915E+08 5.501E+04 5.876E+05
 3.38941889E+02   4308.6 3.389E+05 2.080E+11 5.985E-03 2.987E-03 2.000E+05 3.756E+08 5.910E+04 5.956E+05
 3.59070865E+02   4378.5 3.591E+05 2.882E+11 8.084E-03 3.534E-03 2.000E+05 4.729E+08 6.483E+04 6.058E+05
 3.79208433E+02   4445.2 3.792E+05 3.900E+11 1.066E-02 4.003E-03 2.000E+05 5.836E+08 7.012E+04 6.154E+05
 3.99288407E+02   4522.7 3.993E+05 5.457E+11 1.444E-02 4.557E-03 2.000E+05 6.966E+08 7.544E+04 6.270E+05
 4.19249846E+02   4598.9 4.193E+05 7.507E+11 1.920E-02 4.997E-03 2.000E+05 8.122E+08 8.014E+04 6.383E+05
 4.39083749E+02   4684.7 4.391E+05 1.058E+12 2.599E-02 5.495E-03 2.000E+05 9.241E+08 8.538E+04 6.512E+05
 4.58738408E+02   4771.5 4.587E+05 1.478E+12 3.478E-02 5.891E-03 2.000E+05 1.025E+09 8.906E+04 6.642E+05
 4.78282642E+02   4864.2 4.783E+05 2.080E+12 4.672E-02 6.307E-03 2.000E+05 1.118E+09 9.343E+04 6.778E+05
 4.97746943E+02   4959.0 4.977E+05 2.911E+12 6.225E-02 6.535E-03 2.000E+05 1.198E+09 9.649E+04 6.915E+05
 5.17412225E+02   5052.4 5.174E+05 4.005E+12 8.150E-02 6.664E-03 2.000E+05 1.264E+09 9.937E+04 7.043E+05
 5.37462692E+02   5149.6 5.375E+05 5.510E+12 1.064E-01 6.827E-03 2.000E+05 1.313E+09 1.014E+05 7.172E+05
 5.58079572E+02   5246.2 5.581E+05 7.485E+12 1.372E-01 7.004E-03 2.000E+05 1.347E+09 1.028E+05 7.293E+05
 5.79395405E+02   5347.6 5.794E+05 1.020E+13 1.770E-01 7.344E-03 2.000E+05 1.373E+09 1.039E+05 7.413E+05
 6.01542243E+02   5449.6 6.015E+05 1.377E+13 2.262E-01 7.587E-03 2.000E+05 1.392E+09 1.046E+05 7.527E+05
 6.24628846E+02   5557.1 6.246E+05 1.867E+13 2.896E-01 7.960E-03 2.000E+05 1.406E+09 1.051E+05 7.640E+05
 6.48778741E+02   5665.7 6.488E+05 2.511E+13 3.678E-01 8.275E-03 2.000E+05 1.418E+09 1.055E+05 7.747E+05
 6.74096678E+02   5780.3 6.741E+05 3.392E+13 4.683E-01 8.675E-03 2.000E+05 1.428E+09 1.055E+05 7.853E+05
 7.00714823E+02   5896.1 7.007E+05 4.547E+13 5.921E-01 9.009E-03 2.000E+05 1.436E+09 1.056E+05 7.954E+05
 7.28744324E+02   6018.4 7.287E+05 6.121E+13 7.507E-01 9.406E-03 2.000E+05 1.442E+09 1.053E+05 8.054E+05
 7.58246302E+02   6141.7 7.582E+05 8.166E+13 9.449E-01 1.060E-02 2.000E+05 1.445E+09 1.052E+05 8.149E+05
PRADK 4.2456E-01
BEGIN                    ITERATION  15 COMPLETED
