TEFF   6500.  GRAVITY 0.50000 LTE 
TITLE  [-4.5a] VTURB=2  L/H=1.25 NOVER NEW ODF                                  
 OPACITY IFOP 1 1 1 1 1 1 1 1 1 1 1 1 1 0 1 0 0 0 0 0
 CONVECTION ON   1.25 TURBULENCE OFF  0.00  0.00  0.00  0.00
ABUNDANCE SCALE   0.00003 ABUNDANCE CHANGE 1 0.92156 2 0.07844
 ABUNDANCE CHANGE  3 -10.94  4 -10.64  5  -9.49  6  -3.52  7  -4.12  8  -2.81
 ABUNDANCE CHANGE  9  -7.48 10  -3.56 11  -5.71 12  -4.06 13  -5.57 14  -4.09
 ABUNDANCE CHANGE 15  -6.59 16  -4.31 17  -6.54 18  -5.24 19  -6.92 20  -5.28
 ABUNDANCE CHANGE 21  -8.87 22  -6.62 23  -8.04 24  -6.37 25  -6.65 26  -4.54
 ABUNDANCE CHANGE 27  -7.12 28  -5.79 29  -7.83 30  -7.44 31  -9.16 32  -8.63
 ABUNDANCE CHANGE 33  -9.67 34  -8.63 35  -9.41 36  -8.73 37  -9.44 38  -9.07
 ABUNDANCE CHANGE 39  -9.80 40  -9.44 41 -10.62 42 -10.12 43 -20.00 44 -10.20
 ABUNDANCE CHANGE 45 -10.92 46 -10.35 47 -11.10 48 -10.27 49 -10.38 50 -10.04
 ABUNDANCE CHANGE 51 -11.04 52  -9.80 53 -10.53 54  -9.87 55 -10.91 56  -9.91
 ABUNDANCE CHANGE 57 -10.87 58 -10.46 59 -11.33 60 -10.54 61 -20.00 62 -11.03
 ABUNDANCE CHANGE 63 -11.53 64 -10.92 65 -11.69 66 -10.90 67 -11.78 68 -11.11
 ABUNDANCE CHANGE 69 -12.04 70 -10.96 71 -11.98 72 -11.16 73 -12.17 74 -10.93
 ABUNDANCE CHANGE 75 -11.76 76 -10.59 77 -10.69 78 -10.24 79 -11.03 80 -10.91
 ABUNDANCE CHANGE 81 -11.14 82 -10.09 83 -11.33 84 -20.00 85 -20.00 86 -20.00
 ABUNDANCE CHANGE 87 -20.00 88 -20.00 89 -20.00 90 -11.95 91 -20.00 92 -12.54
 ABUNDANCE CHANGE 93 -20.00 94 -20.00 95 -20.00 96 -20.00 97 -20.00 98 -20.00
 ABUNDANCE CHANGE 99 -20.00
READ DECK6 72 RHOX,T,P,XNE,ABROSS,ACCRAD,VTURB, FLXCNV,VCONV,VELSND
 6.34125681E-07   4714.7 1.554E-06 9.421E+05 2.103E-01 7.104E-01 2.000E+05 0.000E+00 0.000E+00 0.000E+00
 8.53772175E-07   4716.0 2.099E-06 1.212E+06 1.947E-01 6.577E-01 2.000E+05 0.000E+00 0.000E+00 0.000E+00
 1.17266517E-06   4718.0 2.907E-06 1.581E+06 1.773E-01 5.989E-01 2.000E+05 0.000E+00 0.000E+00 0.000E+00
 1.64368757E-06   4720.5 4.129E-06 2.085E+06 1.585E-01 5.357E-01 2.000E+05 0.000E+00 1.575E+10 0.000E+00
 2.35548455E-06   4723.6 6.023E-06 2.776E+06 1.390E-01 4.697E-01 2.000E+05 0.000E+00 1.094E+10 1.768E+08
 3.44950726E-06   4726.8 9.008E-06 3.721E+06 1.194E-01 4.038E-01 2.000E+05 0.000E+00 7.140E+09 1.170E+08
 5.16433838E-06   4730.3 1.380E-05 5.010E+06 1.007E-01 3.406E-01 2.000E+05 0.000E+00 4.573E+09 9.052E+07
 7.89954163E-06   4734.4 2.160E-05 6.771E+06 8.361E-02 2.829E-01 2.000E+05 0.000E+00 3.061E+09 7.354E+07
 1.23026903E-05   4740.3 3.442E-05 9.194E+06 6.886E-02 2.332E-01 2.000E+05 0.000E+00 1.621E+09 6.047E+07
 1.94687871E-05   4741.3 5.583E-05 1.232E+07 5.503E-02 1.870E-01 2.000E+05 0.000E+00 4.474E+08 4.947E+07
 3.12107313E-05   4742.3 9.231E-05 1.654E+07 4.344E-02 1.487E-01 2.000E+05 0.000E+00 2.470E+08 4.018E+07
 5.04923389E-05   4743.4 1.549E-04 2.220E+07 3.398E-02 1.177E-01 2.000E+05 0.000E+00 1.325E+08 3.248E+07
 8.28890229E-05   4744.4 2.632E-04 2.977E+07 2.640E-02 9.259E-02 2.000E+05 0.000E+00 6.692E+07 2.615E+07
 1.39164966E-04   4745.4 4.510E-04 3.988E+07 2.041E-02 7.218E-02 2.000E+05 0.000E+00 3.104E+07 2.096E+07
 2.37398388E-04   4746.4 7.774E-04 5.335E+07 1.574E-02 5.600E-02 2.000E+05 0.000E+00 2.246E+06 1.682E+07
 4.10202858E-04   4747.4 1.345E-03 7.124E+07 1.213E-02 4.337E-02 2.000E+05 0.000E+00 5.794E+05 1.355E+07
 7.13729872E-04   4748.4 2.330E-03 9.491E+07 9.353E-03 3.366E-02 2.000E+05 0.000E+00 1.210E+05 1.097E+07
 1.24484665E-03   4749.4 4.036E-03 1.263E+08 7.230E-03 2.628E-02 2.000E+05 0.000E+00 4.560E+04 8.949E+06
 2.16494441E-03   4751.6 6.973E-03 1.682E+08 5.634E-03 2.079E-02 2.000E+05 0.000E+00 5.446E+04 7.342E+06
 3.73478285E-03   4756.3 1.197E-02 2.249E+08 4.457E-03 1.679E-02 2.000E+05 0.000E+00 5.100E+04 6.052E+06
 6.36155046E-03   4765.1 2.030E-02 3.031E+08 3.607E-03 1.395E-02 2.000E+05 0.000E+00 3.232E+04 5.004E+06
 1.06495284E-02   4777.2 3.389E-02 4.094E+08 2.983E-03 1.188E-02 2.000E+05 0.000E+00 1.303E+04 4.155E+06
 1.75053030E-02   4791.6 5.557E-02 5.521E+08 2.515E-03 1.034E-02 2.000E+05 0.000E+00 1.618E+03 3.467E+06
 2.83147860E-02   4805.5 8.975E-02 7.371E+08 2.139E-03 9.126E-03 2.000E+05 0.000E+00 0.000E+00 2.914E+06
 4.50814981E-02   4823.3 1.427E-01 9.893E+08 1.863E-03 8.245E-03 2.000E+05 0.000E+00 0.000E+00 2.458E+06
 7.04190003E-02   4845.1 2.227E-01 1.333E+09 1.665E-03 7.622E-03 2.000E+05 0.000E+00 0.000E+00 2.086E+06
 1.07731837E-01   4870.8 3.405E-01 1.798E+09 1.528E-03 7.194E-03 2.000E+05 0.000E+00 0.000E+00 1.788E+06
 1.61200627E-01   4900.6 5.093E-01 2.432E+09 1.441E-03 6.932E-03 2.000E+05 0.000E+00 0.000E+00 1.549E+06
 2.35775979E-01   4934.1 7.447E-01 3.286E+09 1.395E-03 6.800E-03 2.000E+05 0.000E+00 0.000E+00 1.361E+06
 3.37006723E-01   4971.6 1.064E+00 4.441E+09 1.389E-03 6.790E-03 2.000E+05 0.000E+00 0.000E+00 1.214E+06
 4.70929415E-01   5012.3 1.487E+00 5.983E+09 1.416E-03 6.883E-03 2.000E+05 0.000E+00 0.000E+00 1.101E+06
 6.43619600E-01   5056.4 2.032E+00 8.041E+09 1.480E-03 7.080E-03 2.000E+05 0.000E+00 0.000E+00 1.013E+06
 8.62929571E-01   5099.3 2.723E+00 1.064E+10 1.561E-03 7.318E-03 2.000E+05 0.000E+00 0.000E+00 9.466E+05
 1.13986814E+00   5138.2 3.597E+00 1.377E+10 1.647E-03 7.557E-03 2.000E+05 0.000E+00 0.000E+00 8.966E+05
 1.49197864E+00   5169.1 4.708E+00 1.730E+10 1.716E-03 7.743E-03 2.000E+05 0.000E+00 0.000E+00 8.592E+05
 1.94576669E+00   5191.8 6.139E+00 2.114E+10 1.766E-03 7.877E-03 2.000E+05 0.000E+00 0.000E+00 8.309E+05
 2.53521376E+00   5209.3 7.999E+00 2.542E+10 1.812E-03 8.012E-03 2.000E+05 0.000E+00 0.000E+00 8.091E+05
 3.29805990E+00   5225.8 1.040E+01 3.044E+10 1.876E-03 8.211E-03 2.000E+05 0.000E+00 0.000E+00 7.921E+05
 4.27454248E+00   5242.7 1.348E+01 3.642E+10 1.967E-03 8.501E-03 2.000E+05 0.000E+00 0.000E+00 7.791E+05
 5.50631073E+00   5261.4 1.737E+01 4.365E+10 2.095E-03 8.909E-03 2.000E+05 0.000E+00 0.000E+00 7.693E+05
 7.03654379E+00   5282.1 2.219E+01 5.239E+10 2.265E-03 9.453E-03 2.000E+05 0.000E+00 0.000E+00 7.621E+05
 8.90964597E+00   5305.6 2.810E+01 6.306E+10 2.486E-03 1.016E-02 2.000E+05 0.000E+00 0.000E+00 7.570E+05
 1.11672974E+01   5333.1 3.521E+01 7.632E+10 2.772E-03 1.109E-02 2.000E+05 0.000E+00 0.000E+00 7.534E+05
 1.38460736E+01   5365.1 4.365E+01 9.296E+10 3.139E-03 1.228E-02 2.000E+05 0.000E+00 0.000E+00 7.510E+05
 1.69725333E+01   5403.4 5.350E+01 1.144E+11 3.618E-03 1.385E-02 2.000E+05 0.000E+00 0.000E+00 7.494E+05
 2.05550831E+01   5449.1 6.478E+01 1.426E+11 4.250E-03 1.593E-02 2.000E+05 0.000E+00 0.000E+00 7.485E+05
 2.45790645E+01   5504.1 7.743E+01 1.806E+11 5.100E-03 1.874E-02 2.000E+05 0.000E+00 0.000E+00 7.479E+05
 2.89966703E+01   5570.5 9.131E+01 2.333E+11 6.273E-03 2.266E-02 2.000E+05 0.000E+00 0.000E+00 7.475E+05
 3.37202882E+01   5650.7 1.061E+02 3.085E+11 7.935E-03 2.823E-02 2.000E+05 0.000E+00 0.000E+00 7.471E+05
 3.86214367E+01   5747.4 1.215E+02 4.191E+11 1.037E-02 3.646E-02 2.000E+05 0.000E+00 0.000E+00 7.465E+05
 4.35308188E+01   5864.1 1.368E+02 5.870E+11 1.407E-02 4.908E-02 2.000E+05 1.987E-08 0.000E+00 7.455E+05
 4.82509773E+01   6004.4 1.514E+02 8.498E+11 1.996E-02 6.939E-02 2.000E+05 5.146E-06 5.854E+00 7.442E+05
 5.25757092E+01   6173.2 1.647E+02 1.276E+12 2.986E-02 1.041E-01 2.000E+05 3.262E-04 3.521E+01 7.430E+05
 5.63077917E+01   6377.5 1.761E+02 1.995E+12 4.772E-02 1.679E-01 2.000E+05 2.811E-02 1.312E+02 7.429E+05
 5.92960059E+01   6624.8 1.848E+02 3.255E+12 8.277E-02 2.959E-01 2.000E+05 4.279E+00 5.451E+02 7.459E+05
 6.14832502E+01   6922.3 1.909E+02 5.510E+12 1.576E-01 5.734E-01 2.000E+05 1.183E+03 2.740E+03 7.548E+05
 6.29370284E+01   7274.2 1.942E+02 9.531E+12 3.292E-01 1.214E+00 2.000E+05 2.394E+05 1.695E+04 7.734E+05
 6.38277861E+01   7680.5 1.954E+02 1.639E+13 7.352E-01 2.727E+00 2.000E+05 2.189E+06 9.659E+04 8.065E+05
 6.43519034E+01   8144.6 1.949E+02 2.713E+13 1.666E+00 6.062E+00 2.000E+05 9.305E+07 1.885E+05 8.617E+05
 6.46746519E+01   8639.3 1.932E+02 4.031E+13 3.329E+00 1.085E+01 2.000E+05 5.861E+08 7.425E+05 9.433E+05
 6.49276253E+01   9077.0 1.908E+02 5.045E+13 4.988E+00 1.403E+01 2.000E+05 1.296E+09 1.328E+06 1.032E+06
 6.51806154E+01   9527.1 1.877E+02 5.671E+13 6.034E+00 1.700E+01 2.000E+05 1.239E+09 1.459E+06 1.128E+06
 6.54939543E+01  10118.2 1.830E+02 5.845E+13 5.805E+00 1.852E+01 2.000E+05 4.809E+08 8.176E+05 1.252E+06
 6.59863795E+01  10850.2 1.764E+02 5.519E+13 4.356E+00 1.463E+01 2.000E+05 4.362E+07 2.372E+05 1.425E+06
 6.69167799E+01  11627.1 1.681E+02 4.983E+13 2.962E+00 9.997E+00 2.000E+05 5.838E+05 7.408E+04 1.615E+06
 6.87689364E+01  12486.6 1.590E+02 4.413E+13 1.972E+00 6.662E+00 2.000E+05 1.332E+04 3.129E+04 1.753E+06
 7.23859733E+01  13395.1 1.504E+02 3.922E+13 1.390E+00 4.685E+00 2.000E+05 1.263E+03 2.076E+04 1.847E+06
 7.89550909E+01  14391.0 1.445E+02 3.564E+13 1.063E+00 3.575E+00 2.000E+05 3.971E+02 1.562E+04 2.023E+06
 9.00463255E+01  15446.9 1.442E+02 3.355E+13 8.643E-01 2.898E+00 2.000E+05 1.278E+02 1.024E+04 2.334E+06
 1.07810019E+02  16596.9 1.532E+02 3.333E+13 7.362E-01 2.468E+00 2.000E+05 3.537E+01 7.261E+03 2.627E+06
 1.34773795E+02  17825.7 1.757E+02 3.563E+13 6.651E-01 2.223E+00 2.000E+05 2.872E+01 5.162E+03 2.853E+06
 1.73402143E+02  19148.9 2.146E+02 4.053E+13 6.298E-01 2.086E+00 2.000E+05 4.321E+01 9.333E+03 3.034E+06
PRADK 2.3945E+00
BEGIN                    ITERATION  15 COMPLETED
