TEFF   5750.  GRAVITY 0.50000 LTE 
TITLE  [-4.5a] VTURB=2  L/H=1.25 NOVER NEW ODF                                  
 OPACITY IFOP 1 1 1 1 1 1 1 1 1 1 1 1 1 0 1 0 0 0 0 0
 CONVECTION ON   1.25 TURBULENCE OFF  0.00  0.00  0.00  0.00
ABUNDANCE SCALE   0.00003 ABUNDANCE CHANGE 1 0.92156 2 0.07844
 ABUNDANCE CHANGE  3 -10.94  4 -10.64  5  -9.49  6  -3.52  7  -4.12  8  -2.81
 ABUNDANCE CHANGE  9  -7.48 10  -3.56 11  -5.71 12  -4.06 13  -5.57 14  -4.09
 ABUNDANCE CHANGE 15  -6.59 16  -4.31 17  -6.54 18  -5.24 19  -6.92 20  -5.28
 ABUNDANCE CHANGE 21  -8.87 22  -6.62 23  -8.04 24  -6.37 25  -6.65 26  -4.54
 ABUNDANCE CHANGE 27  -7.12 28  -5.79 29  -7.83 30  -7.44 31  -9.16 32  -8.63
 ABUNDANCE CHANGE 33  -9.67 34  -8.63 35  -9.41 36  -8.73 37  -9.44 38  -9.07
 ABUNDANCE CHANGE 39  -9.80 40  -9.44 41 -10.62 42 -10.12 43 -20.00 44 -10.20
 ABUNDANCE CHANGE 45 -10.92 46 -10.35 47 -11.10 48 -10.27 49 -10.38 50 -10.04
 ABUNDANCE CHANGE 51 -11.04 52  -9.80 53 -10.53 54  -9.87 55 -10.91 56  -9.91
 ABUNDANCE CHANGE 57 -10.87 58 -10.46 59 -11.33 60 -10.54 61 -20.00 62 -11.03
 ABUNDANCE CHANGE 63 -11.53 64 -10.92 65 -11.69 66 -10.90 67 -11.78 68 -11.11
 ABUNDANCE CHANGE 69 -12.04 70 -10.96 71 -11.98 72 -11.16 73 -12.17 74 -10.93
 ABUNDANCE CHANGE 75 -11.76 76 -10.59 77 -10.69 78 -10.24 79 -11.03 80 -10.91
 ABUNDANCE CHANGE 81 -11.14 82 -10.09 83 -11.33 84 -20.00 85 -20.00 86 -20.00
 ABUNDANCE CHANGE 87 -20.00 88 -20.00 89 -20.00 90 -11.95 91 -20.00 92 -12.54
 ABUNDANCE CHANGE 93 -20.00 94 -20.00 95 -20.00 96 -20.00 97 -20.00 98 -20.00
 ABUNDANCE CHANGE 99 -20.00
READ DECK6 72 RHOX,T,P,XNE,ABROSS,ACCRAD,VTURB, FLXCNV,VCONV,VELSND
 1.70624574E-05   4256.5 5.411E-05 2.071E+06 7.733E-03 1.647E-02 2.000E+05 0.000E+00 0.000E+00 4.934E+07
 2.30677820E-05   4257.5 7.355E-05 2.434E+06 6.706E-03 1.439E-02 2.000E+05 0.000E+00 0.000E+00 4.457E+07
 3.21808650E-05   4258.5 1.036E-04 2.912E+06 5.712E-03 1.240E-02 2.000E+05 0.000E+00 0.000E+00 3.981E+07
 4.66146474E-05   4259.5 1.511E-04 3.543E+06 4.793E-03 1.053E-02 2.000E+05 0.000E+00 6.281E+07 3.510E+07
 7.00788912E-05   4260.5 2.277E-04 4.380E+06 3.964E-03 8.824E-03 2.000E+05 0.000E+00 3.789E+07 3.057E+07
 1.08538730E-04   4261.5 3.520E-04 5.482E+06 3.243E-03 7.331E-03 2.000E+05 0.000E+00 2.206E+07 2.636E+07
 1.72094538E-04   4262.5 5.555E-04 6.930E+06 2.633E-03 6.067E-03 2.000E+05 0.000E+00 1.244E+07 2.253E+07
 2.77333263E-04   4263.5 8.909E-04 8.831E+06 2.127E-03 5.027E-03 2.000E+05 0.000E+00 8.787E+06 1.913E+07
 4.51132194E-04   4265.7 1.444E-03 1.137E+07 1.723E-03 4.207E-03 2.000E+05 0.000E+00 6.460E+06 1.613E+07
 7.37675502E-04   4268.2 2.354E-03 1.469E+07 1.398E-03 3.555E-03 2.000E+05 0.000E+00 8.534E+05 1.352E+07
 1.20972477E-03   4269.9 3.851E-03 1.894E+07 1.132E-03 3.029E-03 2.000E+05 0.000E+00 1.080E+05 1.128E+07
 1.98693430E-03   4271.8 6.314E-03 2.447E+07 9.196E-04 2.615E-03 2.000E+05 0.000E+00 2.763E+04 9.365E+06
 3.25645962E-03   4275.2 1.033E-02 3.179E+07 7.553E-04 2.300E-03 2.000E+05 0.000E+00 1.059E+04 7.727E+06
 5.30802750E-03   4279.6 1.683E-02 4.138E+07 6.270E-04 2.057E-03 2.000E+05 0.000E+00 0.000E+00 6.353E+06
 8.57930897E-03   4286.2 2.718E-02 5.412E+07 5.286E-04 1.875E-03 2.000E+05 0.000E+00 0.000E+00 5.212E+06
 1.37124130E-02   4294.7 4.341E-02 7.101E+07 4.529E-04 1.737E-03 2.000E+05 0.000E+00 0.000E+00 4.278E+06
 2.16229330E-02   4305.9 6.843E-02 9.358E+07 3.957E-04 1.634E-03 2.000E+05 0.000E+00 0.000E+00 3.521E+06
 3.35723839E-02   4319.8 1.062E-01 1.238E+08 3.528E-04 1.558E-03 2.000E+05 0.000E+00 0.000E+00 2.915E+06
 5.12466585E-02   4336.8 1.621E-01 1.644E+08 3.214E-04 1.503E-03 2.000E+05 0.000E+00 0.000E+00 2.432E+06
 7.68253456E-02   4356.6 2.429E-01 2.189E+08 2.991E-04 1.464E-03 2.000E+05 0.000E+00 0.000E+00 2.052E+06
 1.13193957E-01   4377.5 3.579E-01 2.901E+08 2.824E-04 1.435E-03 2.000E+05 0.000E+00 0.000E+00 1.753E+06
 1.64279671E-01   4398.4 5.194E-01 3.812E+08 2.694E-04 1.414E-03 2.000E+05 0.000E+00 0.000E+00 1.518E+06
 2.35240414E-01   4419.7 7.437E-01 4.978E+08 2.601E-04 1.399E-03 2.000E+05 0.000E+00 0.000E+00 1.334E+06
 3.32795126E-01   4440.4 1.052E+00 6.443E+08 2.534E-04 1.389E-03 2.000E+05 0.000E+00 0.000E+00 1.189E+06
 4.65718082E-01   4460.3 1.472E+00 8.261E+08 2.490E-04 1.383E-03 2.000E+05 0.000E+00 0.000E+00 1.077E+06
 6.45198141E-01   4479.4 2.040E+00 1.050E+09 2.471E-04 1.382E-03 2.000E+05 0.000E+00 0.000E+00 9.904E+05
 8.85101532E-01   4497.9 2.798E+00 1.323E+09 2.478E-04 1.387E-03 2.000E+05 0.000E+00 0.000E+00 9.237E+05
 1.20187755E+00   4516.4 3.799E+00 1.658E+09 2.519E-04 1.398E-03 2.000E+05 0.000E+00 0.000E+00 8.730E+05
 1.61397208E+00   4535.7 5.102E+00 2.073E+09 2.603E-04 1.416E-03 2.000E+05 0.000E+00 0.000E+00 8.348E+05
 2.14170173E+00   4556.1 6.770E+00 2.584E+09 2.733E-04 1.443E-03 2.000E+05 0.000E+00 0.000E+00 8.064E+05
 2.80234620E+00   4582.0 8.858E+00 3.264E+09 2.953E-04 1.482E-03 2.000E+05 0.000E+00 0.000E+00 7.857E+05
 3.60647969E+00   4612.7 1.140E+01 4.159E+09 3.268E-04 1.531E-03 2.000E+05 0.000E+00 0.000E+00 7.708E+05
 4.58244227E+00   4635.2 1.448E+01 5.102E+09 3.556E-04 1.579E-03 2.000E+05 0.000E+00 0.000E+00 7.598E+05
 5.78222003E+00   4653.4 1.828E+01 6.131E+09 3.849E-04 1.629E-03 2.000E+05 0.000E+00 0.000E+00 7.514E+05
 7.26308181E+00   4668.2 2.296E+01 7.256E+09 4.153E-04 1.683E-03 2.000E+05 0.000E+00 0.000E+00 7.450E+05
 9.09415765E+00   4680.5 2.874E+01 8.493E+09 4.479E-04 1.744E-03 2.000E+05 0.000E+00 0.000E+00 7.401E+05
 1.13547912E+01   4691.8 3.589E+01 9.888E+09 4.847E-04 1.815E-03 2.000E+05 0.000E+00 0.000E+00 7.364E+05
 1.41343126E+01   4702.8 4.467E+01 1.148E+10 5.271E-04 1.898E-03 2.000E+05 0.000E+00 0.000E+00 7.336E+05
 1.75287287E+01   4714.9 5.540E+01 1.336E+10 5.779E-04 1.998E-03 2.000E+05 0.000E+00 0.000E+00 7.317E+05
 2.16400286E+01   4728.6 6.839E+01 1.559E+10 6.388E-04 2.118E-03 2.000E+05 0.000E+00 0.000E+00 7.305E+05
 2.65742980E+01   4744.8 8.399E+01 1.831E+10 7.134E-04 2.265E-03 2.000E+05 0.000E+00 0.000E+00 7.300E+05
 3.24346844E+01   4764.1 1.025E+02 2.166E+10 8.052E-04 2.445E-03 2.000E+05 0.000E+00 0.000E+00 7.300E+05
 3.93169994E+01   4787.4 1.243E+02 2.588E+10 9.197E-04 2.671E-03 2.000E+05 0.000E+00 0.000E+00 7.305E+05
 4.73003729E+01   4815.2 1.495E+02 3.127E+10 1.064E-03 2.956E-03 2.000E+05 0.000E+00 0.000E+00 7.315E+05
 5.64314892E+01   4849.1 1.783E+02 3.836E+10 1.250E-03 3.325E-03 2.000E+05 0.000E+00 0.000E+00 7.331E+05
 6.67096207E+01   4890.1 2.108E+02 4.790E+10 1.493E-03 3.808E-03 2.000E+05 0.000E+00 0.000E+00 7.351E+05
 7.80735822E+01   4939.7 2.467E+02 6.108E+10 1.819E-03 4.457E-03 2.000E+05 0.000E+00 0.000E+00 7.377E+05
 9.03850621E+01   4999.5 2.855E+02 7.980E+10 2.263E-03 5.346E-03 2.000E+05 0.000E+00 0.000E+00 7.408E+05
 1.03421942E+02   5071.5 3.267E+02 1.072E+11 2.885E-03 6.596E-03 2.000E+05 0.000E+00 0.000E+00 7.445E+05
 1.16874275E+02   5157.8 3.691E+02 1.484E+11 3.781E-03 8.402E-03 2.000E+05 0.000E+00 0.000E+00 7.485E+05
 1.30359655E+02   5261.0 4.117E+02 2.126E+11 5.108E-03 1.108E-02 2.000E+05 0.000E+00 0.000E+00 7.529E+05
 1.43448367E+02   5383.7 4.529E+02 3.156E+11 7.141E-03 1.520E-02 2.000E+05 5.520E-07 0.000E+00 7.571E+05
 1.55700978E+02   5529.1 4.914E+02 4.866E+11 1.037E-02 2.177E-02 2.000E+05 2.900E-04 1.319E+01 7.608E+05
 1.66719584E+02   5700.5 5.259E+02 7.788E+11 1.571E-02 3.266E-02 2.000E+05 1.537E-02 1.032E+02 7.632E+05
 1.76193475E+02   5902.0 5.555E+02 1.294E+12 2.496E-02 5.169E-02 2.000E+05 7.160E-01 3.711E+02 7.637E+05
 1.83929973E+02   6138.4 5.795E+02 2.231E+12 4.190E-02 8.709E-02 2.000E+05 4.474E+01 1.281E+03 7.622E+05
 1.89863501E+02   6417.7 5.975E+02 3.997E+12 7.537E-02 1.581E-01 2.000E+05 5.122E+03 4.846E+03 7.598E+05
 1.94076641E+02   6746.7 6.099E+02 7.406E+12 1.472E-01 3.143E-01 2.000E+05 3.899E+05 2.215E+04 7.599E+05
 1.96765547E+02   7145.5 6.171E+02 1.434E+13 3.246E-01 7.140E-01 2.000E+05 9.286E+06 8.676E+04 7.676E+05
 1.98261213E+02   7624.4 6.201E+02 2.841E+13 8.112E-01 1.704E+00 2.000E+05 3.433E+08 2.286E+05 7.896E+05
 1.99106876E+02   8058.0 6.209E+02 4.805E+13 1.764E+00 2.696E+00 2.000E+05 1.402E+09 7.472E+05 8.221E+05
 1.99727968E+02   8330.7 6.213E+02 6.398E+13 2.764E+00 2.459E+00 2.000E+05 2.723E+09 9.804E+05 8.492E+05
 2.00308409E+02   8521.5 6.218E+02 7.661E+13 3.700E+00 2.013E+00 2.000E+05 3.551E+09 1.055E+06 8.715E+05
 2.00906542E+02   8683.4 6.226E+02 8.807E+13 4.660E+00 1.691E+00 2.000E+05 3.995E+09 1.091E+06 8.925E+05
 2.01554744E+02   8827.2 6.236E+02 9.871E+13 5.626E+00 1.547E+00 2.000E+05 4.327E+09 1.149E+06 9.128E+05
 2.02272268E+02   8982.4 6.248E+02 1.104E+14 6.776E+00 1.416E+00 2.000E+05 4.370E+09 1.163E+06 9.365E+05
 2.03082994E+02   9117.9 6.263E+02 1.205E+14 7.850E+00 1.239E+00 2.000E+05 4.547E+09 1.150E+06 9.584E+05
 2.04016792E+02   9265.3 6.280E+02 1.315E+14 9.081E+00 1.413E+00 2.000E+05 4.695E+09 1.288E+06 9.837E+05
 2.05082448E+02   9475.7 6.300E+02 1.459E+14 1.075E+01 1.274E+00 2.000E+05 4.378E+09 1.157E+06 1.021E+06
 2.06337823E+02   9596.5 6.321E+02 1.536E+14 1.163E+01 1.604E+00 2.000E+05 4.825E+09 1.278E+06 1.043E+06
 2.07808721E+02  10009.6 6.339E+02 1.744E+14 1.387E+01 2.214E+00 2.000E+05 5.051E+09 1.513E+06 1.122E+06
 2.09588190E+02  10270.1 6.361E+02 1.826E+14 1.427E+01 1.569E+00 2.000E+05 4.234E+09 1.243E+06 1.168E+06
PRADK 1.4614E+00
BEGIN                    ITERATION  15 COMPLETED
