TEFF   5000.  GRAVITY 0.50000 LTE 
TITLE  [-4.5a] VTURB=2  L/H=1.25 NOVER NEW ODF                                  
 OPACITY IFOP 1 1 1 1 1 1 1 1 1 1 1 1 1 0 1 0 0 0 0 0
 CONVECTION ON   1.25 TURBULENCE OFF  0.00  0.00  0.00  0.00
ABUNDANCE SCALE   0.00003 ABUNDANCE CHANGE 1 0.92156 2 0.07844
 ABUNDANCE CHANGE  3 -10.94  4 -10.64  5  -9.49  6  -3.52  7  -4.12  8  -2.81
 ABUNDANCE CHANGE  9  -7.48 10  -3.56 11  -5.71 12  -4.06 13  -5.57 14  -4.09
 ABUNDANCE CHANGE 15  -6.59 16  -4.31 17  -6.54 18  -5.24 19  -6.92 20  -5.28
 ABUNDANCE CHANGE 21  -8.87 22  -6.62 23  -8.04 24  -6.37 25  -6.65 26  -4.54
 ABUNDANCE CHANGE 27  -7.12 28  -5.79 29  -7.83 30  -7.44 31  -9.16 32  -8.63
 ABUNDANCE CHANGE 33  -9.67 34  -8.63 35  -9.41 36  -8.73 37  -9.44 38  -9.07
 ABUNDANCE CHANGE 39  -9.80 40  -9.44 41 -10.62 42 -10.12 43 -20.00 44 -10.20
 ABUNDANCE CHANGE 45 -10.92 46 -10.35 47 -11.10 48 -10.27 49 -10.38 50 -10.04
 ABUNDANCE CHANGE 51 -11.04 52  -9.80 53 -10.53 54  -9.87 55 -10.91 56  -9.91
 ABUNDANCE CHANGE 57 -10.87 58 -10.46 59 -11.33 60 -10.54 61 -20.00 62 -11.03
 ABUNDANCE CHANGE 63 -11.53 64 -10.92 65 -11.69 66 -10.90 67 -11.78 68 -11.11
 ABUNDANCE CHANGE 69 -12.04 70 -10.96 71 -11.98 72 -11.16 73 -12.17 74 -10.93
 ABUNDANCE CHANGE 75 -11.76 76 -10.59 77 -10.69 78 -10.24 79 -11.03 80 -10.91
 ABUNDANCE CHANGE 81 -11.14 82 -10.09 83 -11.33 84 -20.00 85 -20.00 86 -20.00
 ABUNDANCE CHANGE 87 -20.00 88 -20.00 89 -20.00 90 -11.95 91 -20.00 92 -12.54
 ABUNDANCE CHANGE 93 -20.00 94 -20.00 95 -20.00 96 -20.00 97 -20.00 98 -20.00
 ABUNDANCE CHANGE 99 -20.00
READ DECK6 72 RHOX,T,P,XNE,ABROSS,ACCRAD,VTURB, FLXCNV,VCONV,VELSND
 1.15253477E-03   3749.6 3.647E-03 1.377E+06 1.156E-04 3.930E-04 2.000E+05 0.000E+00 0.000E+00 1.170E+07
 1.55682986E-03   3750.6 4.926E-03 1.610E+06 1.043E-04 3.830E-04 2.000E+05 0.000E+00 0.000E+00 1.014E+07
 2.15665001E-03   3751.6 6.824E-03 1.906E+06 9.337E-05 3.736E-04 2.000E+05 0.000E+00 0.000E+00 8.683E+06
 3.05103884E-03   3753.3 9.652E-03 2.289E+06 8.346E-05 3.653E-04 2.000E+05 0.000E+00 0.000E+00 7.355E+06
 4.39418530E-03   3754.8 1.390E-02 2.770E+06 7.425E-05 3.579E-04 2.000E+05 0.000E+00 0.000E+00 6.174E+06
 6.40448670E-03   3757.5 2.026E-02 3.396E+06 6.631E-05 3.517E-04 2.000E+05 0.000E+00 0.000E+00 5.152E+06
 9.40097616E-03   3761.1 2.973E-02 4.197E+06 5.944E-05 3.466E-04 2.000E+05 0.000E+00 0.000E+00 4.286E+06
 1.38405751E-02   3766.1 4.377E-02 5.239E+06 5.371E-05 3.425E-04 2.000E+05 0.000E+00 0.000E+00 3.565E+06
 2.03644146E-02   3772.4 6.440E-02 6.585E+06 4.894E-05 3.392E-04 2.000E+05 0.000E+00 0.000E+00 2.972E+06
 2.98601766E-02   3780.6 9.443E-02 8.345E+06 4.508E-05 3.366E-04 2.000E+05 0.000E+00 0.000E+00 2.489E+06
 4.35199554E-02   3790.7 1.376E-01 1.066E+07 4.203E-05 3.347E-04 2.000E+05 0.000E+00 0.000E+00 2.099E+06
 6.29412279E-02   3802.5 1.990E-01 1.369E+07 3.964E-05 3.333E-04 2.000E+05 0.000E+00 0.000E+00 1.787E+06
 9.01868177E-02   3816.8 2.852E-01 1.773E+07 3.795E-05 3.323E-04 2.000E+05 0.000E+00 0.000E+00 1.539E+06
 1.27882414E-01   3833.1 4.044E-01 2.307E+07 3.681E-05 3.316E-04 2.000E+05 0.000E+00 0.000E+00 1.344E+06
 1.79344260E-01   3851.4 5.671E-01 3.016E+07 3.619E-05 3.312E-04 2.000E+05 0.000E+00 0.000E+00 1.191E+06
 2.48705258E-01   3871.2 7.864E-01 3.950E+07 3.600E-05 3.311E-04 2.000E+05 0.000E+00 0.000E+00 1.071E+06
 3.41147584E-01   3892.1 1.079E+00 5.169E+07 3.620E-05 3.313E-04 2.000E+05 0.000E+00 0.000E+00 9.792E+05
 4.63230512E-01   3913.4 1.465E+00 6.733E+07 3.668E-05 3.317E-04 2.000E+05 0.000E+00 0.000E+00 9.082E+05
 6.23319202E-01   3934.4 1.971E+00 8.709E+07 3.741E-05 3.324E-04 2.000E+05 0.000E+00 0.000E+00 8.536E+05
 8.32146260E-01   3954.5 2.631E+00 1.116E+08 3.833E-05 3.332E-04 2.000E+05 0.000E+00 0.000E+00 8.117E+05
 1.10356317E+00   3973.2 3.489E+00 1.413E+08 3.937E-05 3.343E-04 2.000E+05 0.000E+00 0.000E+00 7.796E+05
 1.45550737E+00   3990.1 4.602E+00 1.767E+08 4.053E-05 3.357E-04 2.000E+05 0.000E+00 0.000E+00 7.551E+05
 1.91082322E+00   4005.2 6.042E+00 2.184E+08 4.183E-05 3.373E-04 2.000E+05 0.000E+00 0.000E+00 7.363E+05
 2.49816055E+00   4018.7 7.899E+00 2.670E+08 4.331E-05 3.393E-04 2.000E+05 0.000E+00 0.000E+00 7.219E+05
 3.25285118E+00   4030.8 1.029E+01 3.234E+08 4.505E-05 3.416E-04 2.000E+05 0.000E+00 0.000E+00 7.110E+05
 4.21837187E+00   4041.3 1.334E+01 3.879E+08 4.705E-05 3.444E-04 2.000E+05 0.000E+00 0.000E+00 7.027E+05
 5.44753423E+00   4050.8 1.722E+01 4.617E+08 4.942E-05 3.476E-04 2.000E+05 0.000E+00 0.000E+00 6.964E+05
 7.00376809E+00   4059.4 2.215E+01 5.457E+08 5.219E-05 3.514E-04 2.000E+05 0.000E+00 0.000E+00 6.917E+05
 8.96283779E+00   4067.2 2.834E+01 6.410E+08 5.544E-05 3.557E-04 2.000E+05 0.000E+00 0.000E+00 6.881E+05
 1.14147323E+01   4074.5 3.609E+01 7.493E+08 5.924E-05 3.608E-04 2.000E+05 0.000E+00 0.000E+00 6.855E+05
 1.44655396E+01   4081.4 4.574E+01 8.723E+08 6.367E-05 3.666E-04 2.000E+05 0.000E+00 0.000E+00 6.835E+05
 1.82384098E+01   4088.5 5.767E+01 1.013E+09 6.887E-05 3.733E-04 2.000E+05 0.000E+00 0.000E+00 6.822E+05
 2.28759829E+01   4095.8 7.233E+01 1.175E+09 7.492E-05 3.810E-04 2.000E+05 0.000E+00 0.000E+00 6.812E+05
 2.85425946E+01   4103.5 9.025E+01 1.361E+09 8.201E-05 3.899E-04 2.000E+05 0.000E+00 0.000E+00 6.806E+05
 3.54258612E+01   4111.8 1.120E+02 1.577E+09 9.028E-05 4.003E-04 2.000E+05 0.000E+00 0.000E+00 6.804E+05
 4.37371791E+01   4121.0 1.383E+02 1.831E+09 1.000E-04 4.123E-04 2.000E+05 0.000E+00 0.000E+00 6.803E+05
 5.37099239E+01   4131.3 1.698E+02 2.130E+09 1.115E-04 4.265E-04 2.000E+05 0.000E+00 0.000E+00 6.806E+05
 6.55949034E+01   4143.1 2.074E+02 2.487E+09 1.252E-04 4.433E-04 2.000E+05 0.000E+00 0.000E+00 6.810E+05
 7.96584682E+01   4156.6 2.519E+02 2.918E+09 1.416E-04 4.634E-04 2.000E+05 0.000E+00 0.000E+00 6.817E+05
 9.61669952E+01   4172.3 3.041E+02 3.447E+09 1.615E-04 4.877E-04 2.000E+05 0.000E+00 0.000E+00 6.826E+05
 1.15371580E+02   4190.6 3.648E+02 4.104E+09 1.861E-04 5.176E-04 2.000E+05 0.000E+00 0.000E+00 6.838E+05
 1.37485240E+02   4212.1 4.347E+02 4.937E+09 2.166E-04 5.547E-04 2.000E+05 0.000E+00 0.000E+00 6.852E+05
 1.62660802E+02   4237.1 5.143E+02 6.009E+09 2.553E-04 6.015E-04 2.000E+05 0.000E+00 0.000E+00 6.871E+05
 1.90961160E+02   4266.5 6.038E+02 7.415E+09 3.049E-04 6.614E-04 2.000E+05 0.000E+00 0.000E+00 6.892E+05
 2.22324657E+02   4301.0 7.029E+02 9.298E+09 3.696E-04 7.393E-04 2.000E+05 0.000E+00 0.000E+00 6.919E+05
 2.56535855E+02   4341.5 8.111E+02 1.188E+10 4.557E-04 8.426E-04 2.000E+05 0.000E+00 0.000E+00 6.950E+05
 2.93197427E+02   4389.0 9.270E+02 1.550E+10 5.724E-04 9.823E-04 2.000E+05 0.000E+00 0.000E+00 6.986E+05
 3.31714798E+02   4444.7 1.049E+03 2.072E+10 7.343E-04 1.175E-03 2.000E+05 0.000E+00 0.000E+00 7.030E+05
 3.71303965E+02   4510.2 1.174E+03 2.846E+10 9.637E-04 1.448E-03 2.000E+05 0.000E+00 0.000E+00 7.080E+05
 4.11046794E+02   4586.9 1.300E+03 4.029E+10 1.296E-03 1.840E-03 2.000E+05 0.000E+00 0.000E+00 7.139E+05
 4.49953810E+02   4677.1 1.422E+03 5.904E+10 1.789E-03 2.417E-03 2.000E+05 0.000E+00 0.000E+00 7.206E+05
 4.87047192E+02   4782.7 1.540E+03 8.965E+10 2.538E-03 3.290E-03 2.000E+05 5.011E-04 0.000E+00 7.282E+05
 5.21331679E+02   4907.3 1.648E+03 1.419E+11 3.723E-03 4.669E-03 2.000E+05 9.362E-02 8.516E+01 7.369E+05
 5.52001455E+02   5053.2 1.745E+03 2.340E+11 5.640E-03 6.894E-03 2.000E+05 3.009E+00 4.796E+02 7.464E+05
 5.78529999E+02   5223.8 1.828E+03 4.022E+11 8.848E-03 1.062E-02 2.000E+05 6.723E+01 1.486E+03 7.564E+05
 6.00658819E+02   5422.6 1.898E+03 7.195E+11 1.441E-02 1.708E-02 2.000E+05 1.427E+03 4.122E+03 7.664E+05
 6.18420372E+02   5652.8 1.954E+03 1.334E+12 2.442E-02 2.872E-02 2.000E+05 3.264E+04 1.132E+04 7.751E+05
 6.32047627E+02   5921.0 1.996E+03 2.566E+12 4.347E-02 5.103E-02 2.000E+05 4.109E+05 3.179E+04 7.810E+05
 6.41997362E+02   6229.8 2.027E+03 5.064E+12 8.139E-02 9.622E-02 2.000E+05 2.144E+06 7.039E+04 7.827E+05
 6.48752424E+02   6599.7 2.048E+03 1.047E+13 1.662E-01 1.951E-01 2.000E+05 6.261E+07 1.073E+05 7.807E+05
 6.53031782E+02   7003.3 2.060E+03 2.113E+13 3.517E-01 3.612E-01 2.000E+05 4.388E+08 3.504E+05 7.800E+05
 6.55927517E+02   7332.5 2.068E+03 3.524E+13 6.379E-01 4.397E-01 2.000E+05 1.174E+09 5.803E+05 7.842E+05
 6.58311013E+02   7552.2 2.074E+03 4.827E+13 9.428E-01 3.827E-01 2.000E+05 1.831E+09 6.416E+05 7.901E+05
 6.60582126E+02   7720.1 2.081E+03 6.056E+13 1.264E+00 3.265E-01 2.000E+05 2.191E+09 6.594E+05 7.963E+05
 6.62899595E+02   7863.5 2.087E+03 7.286E+13 1.617E+00 2.833E-01 2.000E+05 2.396E+09 6.629E+05 8.027E+05
 6.65355254E+02   7991.1 2.095E+03 8.534E+13 2.008E+00 2.560E-01 2.000E+05 2.519E+09 6.681E+05 8.093E+05
 6.68005481E+02   8114.8 2.102E+03 9.888E+13 2.468E+00 2.302E-01 2.000E+05 2.590E+09 6.592E+05 8.165E+05
 6.70920586E+02   8226.1 2.111E+03 1.124E+14 2.957E+00 2.127E-01 2.000E+05 2.653E+09 6.643E+05 8.237E+05
 6.74142359E+02   8347.7 2.120E+03 1.285E+14 3.589E+00 1.996E-01 2.000E+05 2.686E+09 6.573E+05 8.322E+05
 6.77738050E+02   8453.7 2.131E+03 1.439E+14 4.233E+00 1.812E-01 2.000E+05 2.713E+09 6.551E+05 8.403E+05
 6.81757959E+02   8575.8 2.143E+03 1.631E+14 5.096E+00 1.757E-01 2.000E+05 2.747E+09 6.577E+05 8.504E+05
 6.86267940E+02   8685.8 2.157E+03 1.818E+14 5.995E+00 1.710E-01 2.000E+05 2.738E+09 6.522E+05 8.602E+05
PRADK 8.3085E-01
BEGIN                    ITERATION  15 COMPLETED
