TEFF   5000.  GRAVITY 0.00000 LTE 
TITLE  [-4.5a] VTURB=2  L/H=1.25 NOVER NEW ODF                                  
 OPACITY IFOP 1 1 1 1 1 1 1 1 1 1 1 1 1 0 1 0 0 0 0 0
 CONVECTION ON   1.25 TURBULENCE OFF  0.00  0.00  0.00  0.00
ABUNDANCE SCALE   0.00003 ABUNDANCE CHANGE 1 0.92156 2 0.07844
 ABUNDANCE CHANGE  3 -10.94  4 -10.64  5  -9.49  6  -3.52  7  -4.12  8  -2.81
 ABUNDANCE CHANGE  9  -7.48 10  -3.56 11  -5.71 12  -4.06 13  -5.57 14  -4.09
 ABUNDANCE CHANGE 15  -6.59 16  -4.31 17  -6.54 18  -5.24 19  -6.92 20  -5.28
 ABUNDANCE CHANGE 21  -8.87 22  -6.62 23  -8.04 24  -6.37 25  -6.65 26  -4.54
 ABUNDANCE CHANGE 27  -7.12 28  -5.79 29  -7.83 30  -7.44 31  -9.16 32  -8.63
 ABUNDANCE CHANGE 33  -9.67 34  -8.63 35  -9.41 36  -8.73 37  -9.44 38  -9.07
 ABUNDANCE CHANGE 39  -9.80 40  -9.44 41 -10.62 42 -10.12 43 -20.00 44 -10.20
 ABUNDANCE CHANGE 45 -10.92 46 -10.35 47 -11.10 48 -10.27 49 -10.38 50 -10.04
 ABUNDANCE CHANGE 51 -11.04 52  -9.80 53 -10.53 54  -9.87 55 -10.91 56  -9.91
 ABUNDANCE CHANGE 57 -10.87 58 -10.46 59 -11.33 60 -10.54 61 -20.00 62 -11.03
 ABUNDANCE CHANGE 63 -11.53 64 -10.92 65 -11.69 66 -10.90 67 -11.78 68 -11.11
 ABUNDANCE CHANGE 69 -12.04 70 -10.96 71 -11.98 72 -11.16 73 -12.17 74 -10.93
 ABUNDANCE CHANGE 75 -11.76 76 -10.59 77 -10.69 78 -10.24 79 -11.03 80 -10.91
 ABUNDANCE CHANGE 81 -11.14 82 -10.09 83 -11.33 84 -20.00 85 -20.00 86 -20.00
 ABUNDANCE CHANGE 87 -20.00 88 -20.00 89 -20.00 90 -11.95 91 -20.00 92 -12.54
 ABUNDANCE CHANGE 93 -20.00 94 -20.00 95 -20.00 96 -20.00 97 -20.00 98 -20.00
 ABUNDANCE CHANGE 99 -20.00
READ DECK6 72 RHOX,T,P,XNE,ABROSS,ACCRAD,VTURB, FLXCNV,VCONV,VELSND
 7.81138161E-04   3709.9 7.843E-04 5.085E+05 1.698E-04 4.096E-04 2.000E+05 0.000E+00 0.000E+00 2.420E+07
 1.05633044E-03   3710.9 1.061E-03 5.948E+05 1.521E-04 3.925E-04 2.000E+05 0.000E+00 0.000E+00 2.105E+07
 1.46781224E-03   3711.9 1.474E-03 7.053E+05 1.350E-04 3.764E-04 2.000E+05 0.000E+00 0.000E+00 1.806E+07
 2.08920829E-03   3712.9 2.096E-03 8.460E+05 1.191E-04 3.618E-04 2.000E+05 0.000E+00 2.746E+05 1.530E+07
 3.03576120E-03   3713.9 3.044E-03 1.026E+06 1.046E-04 3.488E-04 2.000E+05 0.000E+00 2.923E+05 1.281E+07
 4.47168803E-03   3716.4 4.480E-03 1.263E+06 9.223E-05 3.380E-04 2.000E+05 0.000E+00 2.588E+05 1.065E+07
 6.64300398E-03   3719.0 6.652E-03 1.561E+06 8.133E-05 3.288E-04 2.000E+05 0.000E+00 7.796E+04 8.810E+06
 9.91097921E-03   3723.3 9.920E-03 1.955E+06 7.241E-05 3.215E-04 2.000E+05 0.000E+00 0.000E+00 7.266E+06
 1.48100607E-02   3727.0 1.482E-02 2.440E+06 6.439E-05 3.152E-04 2.000E+05 0.000E+00 0.000E+00 5.987E+06
 2.21025292E-02   3733.4 2.211E-02 3.092E+06 5.812E-05 3.104E-04 2.000E+05 0.000E+00 0.000E+00 4.937E+06
 3.28328818E-02   3740.7 3.284E-02 3.931E+06 5.288E-05 3.066E-04 2.000E+05 0.000E+00 0.000E+00 4.084E+06
 4.84404486E-02   3750.7 4.844E-02 5.052E+06 4.884E-05 3.037E-04 2.000E+05 0.000E+00 0.000E+00 3.394E+06
 7.08261456E-02   3762.6 7.083E-02 6.533E+06 4.568E-05 3.015E-04 2.000E+05 0.000E+00 0.000E+00 2.840E+06
 1.02502285E-01   3776.8 1.025E-01 8.515E+06 4.335E-05 3.000E-04 2.000E+05 0.000E+00 0.000E+00 2.395E+06
 1.46716892E-01   3793.1 1.467E-01 1.115E+07 4.166E-05 2.989E-04 2.000E+05 0.000E+00 0.000E+00 2.040E+06
 2.07661547E-01   3811.4 2.076E-01 1.468E+07 4.055E-05 2.981E-04 2.000E+05 0.000E+00 0.000E+00 1.756E+06
 2.90597164E-01   3831.7 2.905E-01 1.940E+07 3.997E-05 2.976E-04 2.000E+05 0.000E+00 0.000E+00 1.529E+06
 4.02268358E-01   3853.0 4.022E-01 2.563E+07 3.974E-05 2.973E-04 2.000E+05 0.000E+00 0.000E+00 1.348E+06
 5.51412032E-01   3875.1 5.513E-01 3.377E+07 3.982E-05 2.973E-04 2.000E+05 0.000E+00 0.000E+00 1.205E+06
 7.49375256E-01   3897.3 7.492E-01 4.426E+07 4.010E-05 2.974E-04 2.000E+05 0.000E+00 0.000E+00 1.090E+06
 1.01102461E+00   3919.1 1.011E+00 5.762E+07 4.052E-05 2.976E-04 2.000E+05 0.000E+00 0.000E+00 9.994E+05
 1.35581276E+00   3940.1 1.355E+00 7.437E+07 4.105E-05 2.981E-04 2.000E+05 0.000E+00 0.000E+00 9.275E+05
 1.80914052E+00   3960.0 1.809E+00 9.513E+07 4.168E-05 2.987E-04 2.000E+05 0.000E+00 0.000E+00 8.708E+05
 2.40379496E+00   3978.8 2.403E+00 1.206E+08 4.242E-05 2.995E-04 2.000E+05 0.000E+00 0.000E+00 8.264E+05
 3.18191310E+00   3996.2 3.181E+00 1.515E+08 4.328E-05 3.006E-04 2.000E+05 0.000E+00 0.000E+00 7.918E+05
 4.19754689E+00   4012.2 4.196E+00 1.884E+08 4.428E-05 3.019E-04 2.000E+05 0.000E+00 0.000E+00 7.649E+05
 5.51879233E+00   4026.8 5.517E+00 2.322E+08 4.548E-05 3.035E-04 2.000E+05 0.000E+00 0.000E+00 7.442E+05
 7.23084198E+00   4040.0 7.229E+00 2.836E+08 4.690E-05 3.055E-04 2.000E+05 0.000E+00 0.000E+00 7.284E+05
 9.43867148E+00   4052.0 9.436E+00 3.436E+08 4.863E-05 3.080E-04 2.000E+05 0.000E+00 0.000E+00 7.163E+05
 1.22701235E+01   4062.8 1.227E+01 4.129E+08 5.070E-05 3.109E-04 2.000E+05 0.000E+00 0.000E+00 7.072E+05
 1.58780446E+01   4073.0 1.587E+01 4.935E+08 5.325E-05 3.144E-04 2.000E+05 0.000E+00 0.000E+00 7.003E+05
 2.04392797E+01   4082.9 2.043E+01 5.872E+08 5.639E-05 3.185E-04 2.000E+05 0.000E+00 0.000E+00 6.952E+05
 2.61588980E+01   4092.7 2.615E+01 6.961E+08 6.021E-05 3.235E-04 2.000E+05 0.000E+00 0.000E+00 6.915E+05
 3.32717910E+01   4102.7 3.326E+01 8.232E+08 6.483E-05 3.293E-04 2.000E+05 0.000E+00 0.000E+00 6.888E+05
 4.20450491E+01   4113.0 4.203E+01 9.716E+08 7.037E-05 3.362E-04 2.000E+05 0.000E+00 0.000E+00 6.870E+05
 5.27742794E+01   4124.0 5.276E+01 1.147E+09 7.705E-05 3.443E-04 2.000E+05 0.000E+00 0.000E+00 6.858E+05
 6.57841634E+01   4136.0 6.576E+01 1.355E+09 8.508E-05 3.540E-04 2.000E+05 0.000E+00 0.000E+00 6.852E+05
 8.14225928E+01   4149.4 8.140E+01 1.604E+09 9.480E-05 3.656E-04 2.000E+05 0.000E+00 0.000E+00 6.850E+05
 1.00052171E+02   4164.5 1.000E+02 1.906E+09 1.066E-04 3.796E-04 2.000E+05 0.000E+00 0.000E+00 6.852E+05
 1.22032182E+02   4181.7 1.220E+02 2.278E+09 1.211E-04 3.966E-04 2.000E+05 0.000E+00 0.000E+00 6.858E+05
 1.47698019E+02   4201.4 1.476E+02 2.742E+09 1.390E-04 4.176E-04 2.000E+05 0.000E+00 0.000E+00 6.867E+05
 1.77331667E+02   4224.3 1.773E+02 3.330E+09 1.615E-04 4.439E-04 2.000E+05 0.000E+00 0.000E+00 6.881E+05
 2.11134792E+02   4250.8 2.111E+02 4.089E+09 1.900E-04 4.771E-04 2.000E+05 0.000E+00 0.000E+00 6.898E+05
 2.49189869E+02   4281.5 2.491E+02 5.084E+09 2.266E-04 5.197E-04 2.000E+05 0.000E+00 0.000E+00 6.919E+05
 2.91421865E+02   4317.2 2.913E+02 6.415E+09 2.743E-04 5.753E-04 2.000E+05 0.000E+00 0.000E+00 6.944E+05
 3.37552767E+02   4358.7 3.374E+02 8.237E+09 3.377E-04 6.489E-04 2.000E+05 0.000E+00 0.000E+00 6.975E+05
 3.87076319E+02   4407.0 3.869E+02 1.078E+10 4.233E-04 7.486E-04 2.000E+05 0.000E+00 0.000E+00 7.010E+05
 4.39223630E+02   4463.3 4.390E+02 1.445E+10 5.416E-04 8.860E-04 2.000E+05 0.000E+00 0.000E+00 7.052E+05
 4.92990128E+02   4529.0 4.927E+02 1.985E+10 7.082E-04 1.080E-03 2.000E+05 0.000E+00 0.000E+00 7.101E+05
 5.47196111E+02   4605.6 5.468E+02 2.806E+10 9.477E-04 1.356E-03 2.000E+05 0.000E+00 0.000E+00 7.156E+05
 6.00562000E+02   4695.3 6.001E+02 4.096E+10 1.300E-03 1.762E-03 2.000E+05 0.000E+00 0.000E+00 7.220E+05
 6.51741422E+02   4800.0 6.512E+02 6.190E+10 1.832E-03 2.375E-03 2.000E+05 3.322E-06 0.000E+00 7.291E+05
 6.99415281E+02   4922.9 6.988E+02 9.727E+10 2.667E-03 3.335E-03 2.000E+05 1.825E-03 2.126E+01 7.370E+05
 7.42360634E+02   5066.9 7.415E+02 1.592E+11 4.013E-03 4.887E-03 2.000E+05 6.919E-02 1.715E+02 7.455E+05
 7.79769648E+02   5234.8 7.787E+02 2.709E+11 6.255E-03 7.469E-03 2.000E+05 1.762E+00 5.602E+02 7.540E+05
 8.11123428E+02   5430.7 8.098E+02 4.802E+11 1.015E-02 1.198E-02 2.000E+05 4.405E+01 1.617E+03 7.618E+05
 8.36323905E+02   5658.0 8.346E+02 8.828E+11 1.723E-02 2.019E-02 2.000E+05 1.346E+03 4.665E+03 7.675E+05
 8.55554935E+02   5924.1 8.533E+02 1.688E+12 3.094E-02 3.628E-02 2.000E+05 5.017E+04 1.434E+04 7.696E+05
 8.69418584E+02   6231.1 8.665E+02 3.315E+12 5.886E-02 6.960E-02 2.000E+05 1.198E+06 4.637E+04 7.680E+05
 8.78691686E+02   6594.2 8.748E+02 6.759E+12 1.221E-01 1.461E-01 2.000E+05 1.588E+07 1.247E+05 7.652E+05
 8.84300765E+02   7016.5 8.792E+02 1.402E+13 2.782E-01 3.107E-01 2.000E+05 2.636E+08 2.671E+05 7.679E+05
 8.87721560E+02   7395.1 8.813E+02 2.492E+13 5.709E-01 4.523E-01 2.000E+05 9.535E+08 6.478E+05 7.786E+05
 8.90282783E+02   7640.4 8.827E+02 3.492E+13 8.999E-01 4.081E-01 2.000E+05 1.718E+09 7.890E+05 7.900E+05
 8.92639509E+02   7811.4 8.842E+02 4.350E+13 1.225E+00 3.281E-01 2.000E+05 2.157E+09 8.137E+05 8.002E+05
 8.95030577E+02   7950.7 8.859E+02 5.153E+13 1.567E+00 2.803E-01 2.000E+05 2.387E+09 8.311E+05 8.097E+05
 8.97560162E+02   8077.7 8.877E+02 5.973E+13 1.951E+00 2.508E-01 2.000E+05 2.517E+09 8.437E+05 8.194E+05
 9.00301857E+02   8195.5 8.898E+02 6.806E+13 2.377E+00 2.198E-01 2.000E+05 2.588E+09 8.336E+05 8.293E+05
 9.03336214E+02   8304.1 8.922E+02 7.641E+13 2.836E+00 2.061E-01 2.000E+05 2.660E+09 8.536E+05 8.392E+05
 9.06705014E+02   8424.2 8.949E+02 8.632E+13 3.427E+00 1.906E-01 2.000E+05 2.682E+09 8.432E+05 8.511E+05
 9.10492641E+02   8525.7 8.980E+02 9.526E+13 4.001E+00 1.731E-01 2.000E+05 2.714E+09 8.483E+05 8.619E+05
 9.14754704E+02   8649.5 9.016E+02 1.068E+14 4.800E+00 1.707E-01 2.000E+05 2.755E+09 8.624E+05 8.760E+05
 9.19570092E+02   8758.8 9.056E+02 1.175E+14 5.591E+00 1.623E-01 2.000E+05 2.724E+09 8.524E+05 8.894E+05
PRADK 8.3020E-01
BEGIN                    ITERATION  15 COMPLETED
