TEFF   4500.  GRAVITY 3.00000 LTE 
TITLE  [-4.5a] VTURB=2  L/H=1.25 NOVER NEW ODF                                  
 OPACITY IFOP 1 1 1 1 1 1 1 1 1 1 1 1 1 0 1 0 0 0 0 0
 CONVECTION ON   1.25 TURBULENCE OFF  0.00  0.00  0.00  0.00
ABUNDANCE SCALE   0.00003 ABUNDANCE CHANGE 1 0.92156 2 0.07844
 ABUNDANCE CHANGE  3 -10.94  4 -10.64  5  -9.49  6  -3.52  7  -4.12  8  -2.81
 ABUNDANCE CHANGE  9  -7.48 10  -3.56 11  -5.71 12  -4.06 13  -5.57 14  -4.09
 ABUNDANCE CHANGE 15  -6.59 16  -4.31 17  -6.54 18  -5.24 19  -6.92 20  -5.28
 ABUNDANCE CHANGE 21  -8.87 22  -6.62 23  -8.04 24  -6.37 25  -6.65 26  -4.54
 ABUNDANCE CHANGE 27  -7.12 28  -5.79 29  -7.83 30  -7.44 31  -9.16 32  -8.63
 ABUNDANCE CHANGE 33  -9.67 34  -8.63 35  -9.41 36  -8.73 37  -9.44 38  -9.07
 ABUNDANCE CHANGE 39  -9.80 40  -9.44 41 -10.62 42 -10.12 43 -20.00 44 -10.20
 ABUNDANCE CHANGE 45 -10.92 46 -10.35 47 -11.10 48 -10.27 49 -10.38 50 -10.04
 ABUNDANCE CHANGE 51 -11.04 52  -9.80 53 -10.53 54  -9.87 55 -10.91 56  -9.91
 ABUNDANCE CHANGE 57 -10.87 58 -10.46 59 -11.33 60 -10.54 61 -20.00 62 -11.03
 ABUNDANCE CHANGE 63 -11.53 64 -10.92 65 -11.69 66 -10.90 67 -11.78 68 -11.11
 ABUNDANCE CHANGE 69 -12.04 70 -10.96 71 -11.98 72 -11.16 73 -12.17 74 -10.93
 ABUNDANCE CHANGE 75 -11.76 76 -10.59 77 -10.69 78 -10.24 79 -11.03 80 -10.91
 ABUNDANCE CHANGE 81 -11.14 82 -10.09 83 -11.33 84 -20.00 85 -20.00 86 -20.00
 ABUNDANCE CHANGE 87 -20.00 88 -20.00 89 -20.00 90 -11.95 91 -20.00 92 -12.54
 ABUNDANCE CHANGE 93 -20.00 94 -20.00 95 -20.00 96 -20.00 97 -20.00 98 -20.00
 ABUNDANCE CHANGE 99 -20.00
READ DECK6 72 RHOX,T,P,XNE,ABROSS,ACCRAD,VTURB, FLXCNV,VCONV,VELSND
 1.44299145E-02   3560.8 1.443E+01 2.812E+07 9.242E-06 1.715E-04 2.000E+05 0.000E+00 0.000E+00 6.481E+05
 1.91459529E-02   3568.1 1.914E+01 3.393E+07 9.620E-06 1.717E-04 2.000E+05 0.000E+00 0.000E+00 6.442E+05
 2.51859753E-02   3573.9 2.519E+01 4.035E+07 1.002E-05 1.720E-04 2.000E+05 0.000E+00 0.000E+00 6.412E+05
 3.28522136E-02   3583.7 3.285E+01 4.901E+07 1.061E-05 1.724E-04 2.000E+05 0.000E+00 0.000E+00 6.395E+05
 4.24923647E-02   3592.4 4.249E+01 5.887E+07 1.126E-05 1.729E-04 2.000E+05 0.000E+00 0.000E+00 6.382E+05
 5.45752918E-02   3602.0 5.457E+01 7.078E+07 1.201E-05 1.735E-04 2.000E+05 0.000E+00 0.000E+00 6.374E+05
 6.96238803E-02   3612.2 6.962E+01 8.513E+07 1.290E-05 1.741E-04 2.000E+05 0.000E+00 0.000E+00 6.370E+05
 8.83358147E-02   3621.0 8.834E+01 1.012E+08 1.383E-05 1.749E-04 2.000E+05 0.000E+00 0.000E+00 6.367E+05
 1.11483147E-01   3631.7 1.115E+02 1.214E+08 1.498E-05 1.758E-04 2.000E+05 0.000E+00 0.000E+00 6.366E+05
 1.40163612E-01   3637.7 1.402E+02 1.412E+08 1.602E-05 1.767E-04 2.000E+05 0.000E+00 0.000E+00 6.362E+05
 1.75784330E-01   3644.8 1.758E+02 1.651E+08 1.726E-05 1.778E-04 2.000E+05 0.000E+00 0.000E+00 6.359E+05
 2.19824321E-01   3651.4 2.198E+02 1.922E+08 1.863E-05 1.791E-04 2.000E+05 0.000E+00 0.000E+00 6.355E+05
 2.74214495E-01   3657.5 2.742E+02 2.227E+08 2.012E-05 1.805E-04 2.000E+05 0.000E+00 0.000E+00 6.350E+05
 3.41302667E-01   3663.2 3.413E+02 2.571E+08 2.177E-05 1.821E-04 2.000E+05 0.000E+00 0.000E+00 6.344E+05
 4.24003393E-01   3668.1 4.240E+02 2.952E+08 2.355E-05 1.838E-04 2.000E+05 0.000E+00 0.000E+00 6.335E+05
 5.25922137E-01   3672.4 5.259E+02 3.376E+08 2.549E-05 1.858E-04 2.000E+05 0.000E+00 0.000E+00 6.325E+05
 6.51453905E-01   3676.3 6.514E+02 3.846E+08 2.761E-05 1.879E-04 2.000E+05 0.000E+00 0.000E+00 6.311E+05
 8.05941057E-01   3679.8 8.059E+02 4.373E+08 2.994E-05 1.903E-04 2.000E+05 0.000E+00 0.000E+00 6.295E+05
 9.95563717E-01   3683.6 9.956E+02 4.975E+08 3.257E-05 1.930E-04 2.000E+05 0.000E+00 0.000E+00 6.276E+05
 1.22810128E+00   3686.7 1.228E+03 5.631E+08 3.540E-05 1.960E-04 2.000E+05 0.000E+00 0.000E+00 6.254E+05
 1.51320881E+00   3689.7 1.513E+03 6.368E+08 3.853E-05 1.994E-04 2.000E+05 0.000E+00 0.000E+00 6.227E+05
 1.86231840E+00   3692.5 1.862E+03 7.188E+08 4.198E-05 2.031E-04 2.000E+05 0.000E+00 0.000E+00 6.197E+05
 2.28939579E+00   3695.1 2.289E+03 8.103E+08 4.579E-05 2.072E-04 2.000E+05 0.000E+00 0.000E+00 6.162E+05
 2.81125817E+00   3697.7 2.811E+03 9.128E+08 5.000E-05 2.118E-04 2.000E+05 0.000E+00 0.000E+00 6.124E+05
 3.44823405E+00   3700.3 3.448E+03 1.027E+09 5.465E-05 2.169E-04 2.000E+05 0.000E+00 0.000E+00 6.082E+05
 4.22480016E+00   3702.8 4.225E+03 1.156E+09 5.981E-05 2.226E-04 2.000E+05 0.000E+00 0.000E+00 6.036E+05
 5.17023421E+00   3705.5 5.170E+03 1.300E+09 6.558E-05 2.289E-04 2.000E+05 0.000E+00 0.000E+00 5.989E+05
 6.31910924E+00   3708.5 6.319E+03 1.464E+09 7.202E-05 2.360E-04 2.000E+05 0.000E+00 0.000E+00 5.939E+05
 7.71279098E+00   3711.6 7.713E+03 1.650E+09 7.923E-05 2.440E-04 2.000E+05 0.000E+00 0.000E+00 5.890E+05
 9.40032403E+00   3715.2 9.400E+03 1.861E+09 8.736E-05 2.529E-04 2.000E+05 0.000E+00 0.000E+00 5.840E+05
 1.14395905E+01   3719.0 1.144E+04 2.101E+09 9.648E-05 2.629E-04 2.000E+05 0.000E+00 0.000E+00 5.791E+05
 1.38985566E+01   3723.3 1.390E+04 2.377E+09 1.068E-04 2.742E-04 2.000E+05 0.000E+00 0.000E+00 5.745E+05
 1.68559404E+01   3728.2 1.686E+04 2.695E+09 1.186E-04 2.869E-04 2.000E+05 0.000E+00 0.000E+00 5.701E+05
 2.04032395E+01   3733.8 2.040E+04 3.063E+09 1.321E-04 3.014E-04 2.000E+05 0.000E+00 0.000E+00 5.660E+05
 2.46457290E+01   3740.1 2.465E+04 3.490E+09 1.475E-04 3.179E-04 2.000E+05 0.000E+00 0.000E+00 5.622E+05
 2.97019030E+01   3747.3 2.970E+04 3.993E+09 1.653E-04 3.369E-04 2.000E+05 0.000E+00 0.000E+00 5.588E+05
 3.57005274E+01   3755.8 3.570E+04 4.590E+09 1.863E-04 3.590E-04 2.000E+05 0.000E+00 0.000E+00 5.557E+05
 4.27795306E+01   3765.6 4.278E+04 5.305E+09 2.111E-04 3.850E-04 2.000E+05 0.000E+00 0.000E+00 5.531E+05
 5.10749444E+01   3777.5 5.108E+04 6.188E+09 2.414E-04 4.165E-04 2.000E+05 0.000E+00 0.000E+00 5.511E+05
 6.06930598E+01   3792.1 6.069E+04 7.300E+09 2.790E-04 4.554E-04 2.000E+05 0.000E+00 0.000E+00 5.496E+05
 7.17701830E+01   3807.9 7.177E+04 8.638E+09 3.236E-04 5.010E-04 2.000E+05 0.000E+00 0.000E+00 5.485E+05
 8.42163611E+01   3832.7 8.421E+04 1.067E+10 3.911E-04 5.683E-04 2.000E+05 0.000E+00 0.000E+00 5.491E+05
 9.82860584E+01   3849.5 9.828E+04 1.257E+10 4.520E-04 6.298E-04 2.000E+05 0.000E+00 0.000E+00 5.484E+05
 1.14200099E+02   3876.9 1.142E+05 1.562E+10 5.495E-04 7.268E-04 2.000E+05 2.784E+06 0.000E+00 5.496E+05
 1.29626757E+02   3953.5 1.297E+05 2.464E+10 8.415E-04 1.001E-03 2.000E+05 7.374E+06 2.337E+04 5.599E+05
 1.43502241E+02   4019.9 1.435E+05 3.607E+10 1.203E-03 1.325E-03 2.000E+05 1.052E+07 2.009E+04 5.689E+05
 1.56718731E+02   4081.7 1.567E+05 5.084E+10 1.659E-03 1.718E-03 2.000E+05 1.809E+07 2.634E+04 5.774E+05
 1.69506117E+02   4146.7 1.695E+05 7.178E+10 2.288E-03 2.237E-03 2.000E+05 3.493E+07 3.296E+04 5.867E+05
 1.81936541E+02   4212.8 1.820E+05 1.006E+11 3.128E-03 2.895E-03 2.000E+05 5.958E+07 4.046E+04 5.963E+05
 1.93975967E+02   4285.7 1.940E+05 1.435E+11 4.337E-03 3.788E-03 2.000E+05 9.068E+07 4.676E+04 6.073E+05
 2.05572911E+02   4362.0 2.056E+05 2.047E+11 5.996E-03 4.927E-03 2.000E+05 1.355E+08 5.339E+04 6.191E+05
 2.16685194E+02   4446.0 2.167E+05 2.975E+11 8.401E-03 6.445E-03 2.000E+05 2.008E+08 6.298E+04 6.322E+05
 2.27215155E+02   4537.5 2.272E+05 4.384E+11 1.187E-02 8.420E-03 2.000E+05 2.746E+08 7.157E+04 6.467E+05
 2.37129825E+02   4636.2 2.371E+05 6.524E+11 1.683E-02 1.089E-02 2.000E+05 3.715E+08 7.835E+04 6.622E+05
 2.46465736E+02   4740.8 2.465E+05 9.745E+11 2.383E-02 1.385E-02 2.000E+05 4.952E+08 9.158E+04 6.781E+05
 2.55194404E+02   4857.3 2.552E+05 1.489E+12 3.422E-02 1.749E-02 2.000E+05 6.253E+08 9.756E+04 6.952E+05
 2.63316937E+02   4979.2 2.633E+05 2.265E+12 4.877E-02 2.121E-02 2.000E+05 7.913E+08 1.089E+05 7.118E+05
 2.70984478E+02   5101.1 2.710E+05 3.379E+12 6.807E-02 2.409E-02 2.000E+05 9.776E+08 1.190E+05 7.271E+05
 2.78458755E+02   5215.4 2.785E+05 4.837E+12 9.149E-02 2.531E-02 2.000E+05 1.153E+09 1.257E+05 7.403E+05
 2.85950905E+02   5327.7 2.860E+05 6.780E+12 1.206E-01 2.568E-02 2.000E+05 1.319E+09 1.336E+05 7.522E+05
 2.93579293E+02   5439.8 2.936E+05 9.376E+12 1.570E-01 2.548E-02 2.000E+05 1.446E+09 1.376E+05 7.633E+05
 3.01465518E+02   5549.8 3.015E+05 1.273E+13 2.010E-01 2.523E-02 2.000E+05 1.539E+09 1.407E+05 7.733E+05
 3.09689413E+02   5663.3 3.097E+05 1.725E+13 2.566E-01 2.540E-02 2.000E+05 1.613E+09 1.434E+05 7.831E+05
 3.18320323E+02   5777.0 3.183E+05 2.313E+13 3.248E-01 2.569E-02 2.000E+05 1.658E+09 1.444E+05 7.923E+05
 3.27421464E+02   5894.7 3.274E+05 3.098E+13 4.104E-01 2.634E-02 2.000E+05 1.695E+09 1.450E+05 8.012E+05
 3.37055524E+02   6013.9 3.371E+05 4.121E+13 5.157E-01 2.721E-02 2.000E+05 1.726E+09 1.465E+05 8.098E+05
 3.47253458E+02   6139.9 3.473E+05 5.505E+13 6.507E-01 2.799E-02 2.000E+05 1.743E+09 1.453E+05 8.183E+05
 3.58093862E+02   6264.5 3.581E+05 7.257E+13 8.126E-01 2.882E-02 2.000E+05 1.767E+09 1.465E+05 8.262E+05
 3.69594797E+02   6400.5 3.696E+05 9.689E+13 1.026E+00 3.002E-02 2.000E+05 1.779E+09 1.457E+05 8.344E+05
 3.81830759E+02   6532.1 3.819E+05 1.269E+14 1.278E+00 3.055E-02 2.000E+05 1.789E+09 1.448E+05 8.417E+05
 3.94845986E+02   6675.9 3.949E+05 1.684E+14 1.612E+00 3.197E-02 2.000E+05 1.808E+09 1.453E+05 8.492E+05
 4.08659647E+02   6816.6 4.087E+05 2.199E+14 2.009E+00 3.519E-02 2.000E+05 1.800E+09 1.434E+05 8.560E+05
PRADK 5.3829E-01
BEGIN                    ITERATION  15 COMPLETED
