TEFF   5500.  GRAVITY 5.00000 LTE 
TITLE  [-5.5a] VTURB=2  L/H=1.25 NOVER NEW ODF                                  
 OPACITY IFOP 1 1 1 1 1 1 1 1 1 1 1 1 1 0 1 0 0 0 0 0
 CONVECTION ON   1.25 TURBULENCE OFF  0.00  0.00  0.00  0.00
ABUNDANCE SCALE 0.000003162 ABUNDANCE CHANGE 1 0.92156 2 0.07844
 ABUNDANCE CHANGE  3 -10.94  4 -10.64  5  -9.49  6  -3.52  7  -4.12  8  -2.81
 ABUNDANCE CHANGE  9  -7.48 10  -3.56 11  -5.71 12  -4.06 13  -5.57 14  -4.09
 ABUNDANCE CHANGE 15  -6.59 16  -4.31 17  -6.54 18  -5.24 19  -6.92 20  -5.28
 ABUNDANCE CHANGE 21  -8.87 22  -6.62 23  -8.04 24  -6.37 25  -6.65 26  -4.54
 ABUNDANCE CHANGE 27  -7.12 28  -5.79 29  -7.83 30  -7.44 31  -9.16 32  -8.63
 ABUNDANCE CHANGE 33  -9.67 34  -8.63 35  -9.41 36  -8.73 37  -9.44 38  -9.07
 ABUNDANCE CHANGE 39  -9.80 40  -9.44 41 -10.62 42 -10.12 43 -20.00 44 -10.20
 ABUNDANCE CHANGE 45 -10.92 46 -10.35 47 -11.10 48 -10.27 49 -10.38 50 -10.04
 ABUNDANCE CHANGE 51 -11.04 52  -9.80 53 -10.53 54  -9.87 55 -10.91 56  -9.91
 ABUNDANCE CHANGE 57 -10.87 58 -10.46 59 -11.33 60 -10.54 61 -20.00 62 -11.03
 ABUNDANCE CHANGE 63 -11.53 64 -10.92 65 -11.69 66 -10.90 67 -11.78 68 -11.11
 ABUNDANCE CHANGE 69 -12.04 70 -10.96 71 -11.98 72 -11.16 73 -12.17 74 -10.93
 ABUNDANCE CHANGE 75 -11.76 76 -10.59 77 -10.69 78 -10.24 79 -11.03 80 -10.91
 ABUNDANCE CHANGE 81 -11.14 82 -10.09 83 -11.33 84 -20.00 85 -20.00 86 -20.00
 ABUNDANCE CHANGE 87 -20.00 88 -20.00 89 -20.00 90 -11.95 91 -20.00 92 -12.54
 ABUNDANCE CHANGE 93 -20.00 94 -20.00 95 -20.00 96 -20.00 97 -20.00 98 -20.00
 ABUNDANCE CHANGE 99 -20.00
READ DECK6 72 RHOX,T,P,XNE,ABROSS,ACCRAD,VTURB, FLXCNV,VCONV,VELSND
 5.63758777E-04   4426.7 5.746E+01 4.504E+09 2.331E-04 1.888E-03 2.000E+05 0.000E+00 0.000E+00 7.115E+05
 7.31110264E-04   4427.8 7.569E+01 5.193E+09 2.530E-04 1.922E-03 2.000E+05 0.000E+00 0.000E+00 7.092E+05
 9.29115407E-04   4428.9 9.821E+01 5.948E+09 2.754E-04 1.959E-03 2.000E+05 0.000E+00 0.000E+00 7.077E+05
 1.17252348E-03   4429.9 1.257E+02 6.760E+09 3.001E-04 2.000E-03 2.000E+05 0.000E+00 0.000E+00 7.065E+05
 1.47620559E-03   4431.0 1.593E+02 7.643E+09 3.273E-04 2.046E-03 2.000E+05 0.000E+00 0.000E+00 7.056E+05
 1.85313984E-03   4432.0 2.003E+02 8.607E+09 3.573E-04 2.097E-03 2.000E+05 0.000E+00 0.000E+00 7.049E+05
 2.31685792E-03   4433.0 2.504E+02 9.664E+09 3.903E-04 2.155E-03 2.000E+05 0.000E+00 0.000E+00 7.044E+05
 2.88513250E-03   4434.0 3.116E+02 1.082E+10 4.267E-04 2.218E-03 2.000E+05 0.000E+00 0.000E+00 7.040E+05
 3.58028010E-03   4435.0 3.862E+02 1.210E+10 4.666E-04 2.288E-03 2.000E+05 0.000E+00 0.000E+00 7.037E+05
 4.43323237E-03   4436.0 4.771E+02 1.350E+10 5.104E-04 2.366E-03 2.000E+05 0.000E+00 0.000E+00 7.034E+05
 5.48539065E-03   4437.0 5.880E+02 1.505E+10 5.586E-04 2.453E-03 2.000E+05 0.000E+00 0.000E+00 7.032E+05
 6.78464812E-03   4437.9 7.230E+02 1.675E+10 6.115E-04 2.550E-03 2.000E+05 0.000E+00 0.000E+00 7.031E+05
 8.38297388E-03   4438.9 8.875E+02 1.863E+10 6.696E-04 2.658E-03 2.000E+05 0.000E+00 0.000E+00 7.029E+05
 1.03419581E-02   4439.9 1.088E+03 2.070E+10 7.335E-04 2.777E-03 2.000E+05 0.000E+00 0.000E+00 7.027E+05
 1.27415131E-02   4440.9 1.332E+03 2.299E+10 8.036E-04 2.909E-03 2.000E+05 0.000E+00 0.000E+00 7.026E+05
 1.56764408E-02   4441.8 1.628E+03 2.552E+10 8.808E-04 3.056E-03 2.000E+05 0.000E+00 0.000E+00 7.024E+05
 1.92617986E-02   4442.8 1.989E+03 2.832E+10 9.655E-04 3.217E-03 2.000E+05 0.000E+00 0.000E+00 7.021E+05
 2.36355496E-02   4443.8 2.428E+03 3.141E+10 1.059E-03 3.396E-03 2.000E+05 0.000E+00 0.000E+00 7.018E+05
 2.89640894E-02   4444.8 2.962E+03 3.483E+10 1.161E-03 3.593E-03 2.000E+05 0.000E+00 0.000E+00 7.015E+05
 3.54521004E-02   4445.7 3.611E+03 3.860E+10 1.274E-03 3.810E-03 2.000E+05 0.000E+00 0.000E+00 7.011E+05
 4.33468490E-02   4446.7 4.400E+03 4.278E+10 1.398E-03 4.049E-03 2.000E+05 0.000E+00 0.000E+00 7.005E+05
 5.29497148E-02   4447.7 5.359E+03 4.739E+10 1.534E-03 4.313E-03 2.000E+05 0.000E+00 0.000E+00 6.999E+05
 6.46196528E-02   4448.7 6.523E+03 5.249E+10 1.684E-03 4.603E-03 2.000E+05 0.000E+00 0.000E+00 6.991E+05
 7.88061354E-02   4449.7 7.938E+03 5.814E+10 1.849E-03 4.924E-03 2.000E+05 0.000E+00 0.000E+00 6.982E+05
 9.60296677E-02   4450.7 9.657E+03 6.437E+10 2.030E-03 5.276E-03 2.000E+05 0.000E+00 0.000E+00 6.970E+05
 1.16944233E-01   4451.7 1.174E+04 7.126E+10 2.229E-03 5.665E-03 2.000E+05 0.000E+00 0.000E+00 6.957E+05
 1.42322627E-01   4452.7 1.428E+04 7.889E+10 2.449E-03 6.094E-03 2.000E+05 0.000E+00 0.000E+00 6.941E+05
 1.73120657E-01   4453.8 1.735E+04 8.735E+10 2.691E-03 6.567E-03 2.000E+05 0.000E+00 0.000E+00 6.922E+05
 2.10467117E-01   4455.1 2.108E+04 9.677E+10 2.959E-03 7.092E-03 2.000E+05 0.000E+00 0.000E+00 6.900E+05
 2.55748350E-01   4456.4 2.561E+04 1.072E+11 3.254E-03 7.672E-03 2.000E+05 0.000E+00 0.000E+00 6.875E+05
 3.10595822E-01   4458.2 3.109E+04 1.190E+11 3.584E-03 8.320E-03 2.000E+05 0.000E+00 0.000E+00 6.847E+05
 3.77007607E-01   4460.0 3.773E+04 1.320E+11 3.947E-03 9.035E-03 2.000E+05 0.000E+00 0.000E+00 6.815E+05
 4.57312537E-01   4462.6 4.576E+04 1.468E+11 4.357E-03 9.842E-03 2.000E+05 0.000E+00 0.000E+00 6.780E+05
 5.54305455E-01   4465.4 5.545E+04 1.634E+11 4.812E-03 1.074E-02 2.000E+05 0.000E+00 0.000E+00 6.742E+05
 6.71210695E-01   4469.4 6.714E+04 1.826E+11 5.331E-03 1.176E-02 2.000E+05 0.000E+00 0.000E+00 6.702E+05
 8.11836112E-01   4473.8 8.120E+04 2.043E+11 5.914E-03 1.290E-02 2.000E+05 0.000E+00 0.000E+00 6.661E+05
 9.80469532E-01   4479.9 9.806E+04 2.299E+11 6.591E-03 1.423E-02 2.000E+05 0.000E+00 0.000E+00 6.619E+05
 1.18204712E+00   4487.0 1.182E+05 2.594E+11 7.363E-03 1.573E-02 2.000E+05 0.000E+00 0.000E+00 6.578E+05
 1.42187304E+00   4496.3 1.422E+05 2.950E+11 8.277E-03 1.751E-02 2.000E+05 0.000E+00 0.000E+00 6.539E+05
 1.70563737E+00   4507.5 1.706E+05 3.374E+11 9.351E-03 1.958E-02 2.000E+05 0.000E+00 0.000E+00 6.503E+05
 2.03916542E+00   4521.9 2.039E+05 3.901E+11 1.066E-02 2.209E-02 2.000E+05 0.000E+00 0.000E+00 6.473E+05
 2.42784115E+00   4539.3 2.428E+05 4.552E+11 1.224E-02 2.511E-02 2.000E+05 0.000E+00 0.000E+00 6.450E+05
 2.87611569E+00   4561.5 2.876E+05 5.394E+11 1.425E-02 2.892E-02 2.000E+05 0.000E+00 0.000E+00 6.436E+05
 3.38609915E+00   4589.0 3.386E+05 6.494E+11 1.682E-02 3.374E-02 2.000E+05 0.000E+00 0.000E+00 6.432E+05
 3.95872821E+00   4621.8 3.959E+05 7.943E+11 2.011E-02 3.989E-02 2.000E+05 0.000E+00 0.000E+00 6.439E+05
 4.58704652E+00   4667.1 4.587E+05 1.012E+12 2.492E-02 4.880E-02 2.000E+05 0.000E+00 0.000E+00 6.469E+05
 5.25081665E+00   4728.4 5.250E+05 1.355E+12 3.223E-02 6.224E-02 2.000E+05 0.000E+00 0.000E+00 6.530E+05
 5.90096274E+00   4829.3 5.900E+05 2.044E+12 4.615E-02 8.757E-02 2.000E+05 3.606E+06 0.000E+00 6.656E+05
 6.49423112E+00   4948.1 6.494E+05 3.198E+12 6.791E-02 1.265E-01 2.000E+05 2.896E+07 1.972E+04 6.815E+05
 7.03211689E+00   5076.0 7.031E+05 5.014E+12 9.955E-02 1.815E-01 2.000E+05 8.289E+07 3.607E+04 6.987E+05
 7.52985113E+00   5200.8 7.529E+05 7.593E+12 1.410E-01 2.501E-01 2.000E+05 1.646E+08 4.278E+04 7.150E+05
 8.00220682E+00   5329.0 8.002E+05 1.136E+13 1.970E-01 3.362E-01 2.000E+05 2.955E+08 5.407E+04 7.310E+05
 8.45453727E+00   5463.6 8.454E+05 1.694E+13 2.734E-01 4.421E-01 2.000E+05 4.807E+08 6.410E+04 7.468E+05
 8.89261475E+00   5600.5 8.892E+05 2.490E+13 3.739E-01 5.613E-01 2.000E+05 7.221E+08 7.355E+04 7.620E+05
 9.32098044E+00   5743.8 9.321E+05 3.649E+13 5.086E-01 6.917E-01 2.000E+05 1.030E+09 8.351E+04 7.767E+05
 9.74228368E+00   5892.8 9.742E+05 5.319E+13 6.874E-01 8.222E-01 2.000E+05 1.387E+09 9.263E+04 7.908E+05
 1.01588415E+01   6048.0 1.016E+06 7.714E+13 9.241E-01 9.384E-01 2.000E+05 1.781E+09 1.005E+05 8.044E+05
 1.05751516E+01   6203.4 1.057E+06 1.099E+14 1.224E+00 1.015E+00 2.000E+05 2.197E+09 1.084E+05 8.170E+05
 1.09978287E+01   6356.8 1.100E+06 1.534E+14 1.594E+00 1.048E+00 2.000E+05 2.584E+09 1.139E+05 8.285E+05
 1.14329077E+01   6510.6 1.143E+06 2.111E+14 2.055E+00 1.057E+00 2.000E+05 2.911E+09 1.183E+05 8.392E+05
 1.18851010E+01   6665.3 1.188E+06 2.869E+14 2.626E+00 1.060E+00 2.000E+05 3.169E+09 1.210E+05 8.492E+05
 1.23588700E+01   6821.4 1.236E+06 3.861E+14 3.332E+00 1.068E+00 2.000E+05 3.363E+09 1.227E+05 8.586E+05
 1.28578878E+01   6979.9 1.286E+06 5.154E+14 4.209E+00 1.084E+00 2.000E+05 3.514E+09 1.235E+05 8.674E+05
 1.33858429E+01   7140.7 1.339E+06 6.827E+14 5.294E+00 1.107E+00 2.000E+05 3.629E+09 1.240E+05 8.757E+05
 1.39463997E+01   7305.2 1.395E+06 8.994E+14 6.643E+00 1.132E+00 2.000E+05 3.722E+09 1.236E+05 8.835E+05
 1.45431013E+01   7471.5 1.454E+06 1.176E+15 8.306E+00 1.158E+00 2.000E+05 3.795E+09 1.236E+05 8.907E+05
 1.51792271E+01   7643.0 1.518E+06 1.532E+15 1.039E+01 1.178E+00 2.000E+05 3.857E+09 1.220E+05 8.975E+05
 1.58598964E+01   7814.0 1.586E+06 1.975E+15 1.291E+01 1.197E+00 2.000E+05 3.912E+09 1.220E+05 9.037E+05
 1.65882917E+01   7993.2 1.659E+06 2.549E+15 1.612E+01 1.213E+00 2.000E+05 3.948E+09 1.196E+05 9.095E+05
 1.73708703E+01   8167.4 1.737E+06 3.240E+15 1.991E+01 1.218E+00 2.000E+05 3.986E+09 1.190E+05 9.147E+05
 1.82117627E+01   8353.4 1.821E+06 4.140E+15 2.478E+01 1.229E+00 2.000E+05 4.013E+09 1.167E+05 9.198E+05
 1.91181956E+01   8530.1 1.912E+06 5.188E+15 3.041E+01 1.311E+00 2.000E+05 4.026E+09 1.150E+05 9.242E+05
PRADK 1.2097E+00
BEGIN                    ITERATION  15 COMPLETED
