TEFF   5750.  GRAVITY 5.00000 LTE 
TITLE  [-5.5a] VTURB=2  L/H=1.25 NOVER NEW ODF                                  
 OPACITY IFOP 1 1 1 1 1 1 1 1 1 1 1 1 1 0 1 0 0 0 0 0
 CONVECTION ON   1.25 TURBULENCE OFF  0.00  0.00  0.00  0.00
ABUNDANCE SCALE 0.000003162 ABUNDANCE CHANGE 1 0.92156 2 0.07844
 ABUNDANCE CHANGE  3 -10.94  4 -10.64  5  -9.49  6  -3.52  7  -4.12  8  -2.81
 ABUNDANCE CHANGE  9  -7.48 10  -3.56 11  -5.71 12  -4.06 13  -5.57 14  -4.09
 ABUNDANCE CHANGE 15  -6.59 16  -4.31 17  -6.54 18  -5.24 19  -6.92 20  -5.28
 ABUNDANCE CHANGE 21  -8.87 22  -6.62 23  -8.04 24  -6.37 25  -6.65 26  -4.54
 ABUNDANCE CHANGE 27  -7.12 28  -5.79 29  -7.83 30  -7.44 31  -9.16 32  -8.63
 ABUNDANCE CHANGE 33  -9.67 34  -8.63 35  -9.41 36  -8.73 37  -9.44 38  -9.07
 ABUNDANCE CHANGE 39  -9.80 40  -9.44 41 -10.62 42 -10.12 43 -20.00 44 -10.20
 ABUNDANCE CHANGE 45 -10.92 46 -10.35 47 -11.10 48 -10.27 49 -10.38 50 -10.04
 ABUNDANCE CHANGE 51 -11.04 52  -9.80 53 -10.53 54  -9.87 55 -10.91 56  -9.91
 ABUNDANCE CHANGE 57 -10.87 58 -10.46 59 -11.33 60 -10.54 61 -20.00 62 -11.03
 ABUNDANCE CHANGE 63 -11.53 64 -10.92 65 -11.69 66 -10.90 67 -11.78 68 -11.11
 ABUNDANCE CHANGE 69 -12.04 70 -10.96 71 -11.98 72 -11.16 73 -12.17 74 -10.93
 ABUNDANCE CHANGE 75 -11.76 76 -10.59 77 -10.69 78 -10.24 79 -11.03 80 -10.91
 ABUNDANCE CHANGE 81 -11.14 82 -10.09 83 -11.33 84 -20.00 85 -20.00 86 -20.00
 ABUNDANCE CHANGE 87 -20.00 88 -20.00 89 -20.00 90 -11.95 91 -20.00 92 -12.54
 ABUNDANCE CHANGE 93 -20.00 94 -20.00 95 -20.00 96 -20.00 97 -20.00 98 -20.00
 ABUNDANCE CHANGE 99 -20.00
READ DECK6 72 RHOX,T,P,XNE,ABROSS,ACCRAD,VTURB, FLXCNV,VCONV,VELSND
 3.68110213E-04   4593.5 3.696E+01 6.965E+09 3.611E-04 3.105E-03 2.000E+05 0.000E+00 0.000E+00 7.307E+05
 4.83019978E-04   4594.5 4.883E+01 8.036E+09 3.871E-04 3.159E-03 2.000E+05 0.000E+00 0.000E+00 7.266E+05
 6.22753929E-04   4595.5 6.359E+01 9.211E+09 4.172E-04 3.220E-03 2.000E+05 0.000E+00 0.000E+00 7.237E+05
 7.96109138E-04   4596.6 8.180E+01 1.049E+10 4.512E-04 3.288E-03 2.000E+05 0.000E+00 0.000E+00 7.215E+05
 1.01027337E-03   4597.6 1.042E+02 1.189E+10 4.893E-04 3.365E-03 2.000E+05 0.000E+00 0.000E+00 7.200E+05
 1.27461396E-03   4598.6 1.317E+02 1.342E+10 5.317E-04 3.451E-03 2.000E+05 0.000E+00 0.000E+00 7.188E+05
 1.59832391E-03   4599.6 1.655E+02 1.510E+10 5.789E-04 3.546E-03 2.000E+05 0.000E+00 0.000E+00 7.180E+05
 1.99358972E-03   4600.6 2.068E+02 1.694E+10 6.311E-04 3.652E-03 2.000E+05 0.000E+00 0.000E+00 7.174E+05
 2.47512344E-03   4601.6 2.573E+02 1.897E+10 6.887E-04 3.769E-03 2.000E+05 0.000E+00 0.000E+00 7.169E+05
 3.06304563E-03   4602.7 3.190E+02 2.120E+10 7.522E-04 3.898E-03 2.000E+05 0.000E+00 0.000E+00 7.166E+05
 3.78498273E-03   4603.7 3.942E+02 2.366E+10 8.221E-04 4.043E-03 2.000E+05 0.000E+00 0.000E+00 7.163E+05
 4.67621830E-03   4604.6 4.860E+02 2.637E+10 8.990E-04 4.204E-03 2.000E+05 0.000E+00 0.000E+00 7.162E+05
 5.77341117E-03   4605.6 5.980E+02 2.936E+10 9.836E-04 4.383E-03 2.000E+05 0.000E+00 0.000E+00 7.161E+05
 7.11769237E-03   4606.6 7.344E+02 3.265E+10 1.077E-03 4.582E-03 2.000E+05 0.000E+00 0.000E+00 7.160E+05
 8.76379827E-03   4607.6 9.006E+02 3.629E+10 1.179E-03 4.803E-03 2.000E+05 0.000E+00 0.000E+00 7.159E+05
 1.07758248E-02   4608.6 1.103E+03 4.031E+10 1.291E-03 5.047E-03 2.000E+05 0.000E+00 0.000E+00 7.158E+05
 1.32327991E-02   4609.6 1.349E+03 4.474E+10 1.415E-03 5.318E-03 2.000E+05 0.000E+00 0.000E+00 7.158E+05
 1.62284675E-02   4610.5 1.649E+03 4.964E+10 1.551E-03 5.616E-03 2.000E+05 0.000E+00 0.000E+00 7.157E+05
 1.98761729E-02   4611.5 2.013E+03 5.506E+10 1.700E-03 5.945E-03 2.000E+05 0.000E+00 0.000E+00 7.156E+05
 2.43170646E-02   4612.5 2.457E+03 6.105E+10 1.865E-03 6.308E-03 2.000E+05 0.000E+00 0.000E+00 7.155E+05
 2.97176661E-02   4613.5 2.996E+03 6.766E+10 2.045E-03 6.708E-03 2.000E+05 0.000E+00 0.000E+00 7.153E+05
 3.62839349E-02   4614.5 3.651E+03 7.497E+10 2.244E-03 7.150E-03 2.000E+05 0.000E+00 0.000E+00 7.151E+05
 4.42643839E-02   4615.5 4.447E+03 8.305E+10 2.463E-03 7.637E-03 2.000E+05 0.000E+00 0.000E+00 7.149E+05
 5.39579666E-02   4616.5 5.415E+03 9.198E+10 2.703E-03 8.173E-03 2.000E+05 0.000E+00 0.000E+00 7.145E+05
 6.57245742E-02   4617.7 6.590E+03 1.019E+11 2.970E-03 8.767E-03 2.000E+05 0.000E+00 0.000E+00 7.141E+05
 8.00019847E-02   4618.9 8.016E+03 1.129E+11 3.263E-03 9.421E-03 2.000E+05 0.000E+00 0.000E+00 7.136E+05
 9.73171238E-02   4620.4 9.746E+03 1.252E+11 3.589E-03 1.015E-02 2.000E+05 0.000E+00 0.000E+00 7.130E+05
 1.18309079E-01   4621.8 1.184E+04 1.387E+11 3.946E-03 1.095E-02 2.000E+05 0.000E+00 0.000E+00 7.122E+05
 1.43750757E-01   4623.5 1.439E+04 1.539E+11 4.344E-03 1.184E-02 2.000E+05 0.000E+00 0.000E+00 7.113E+05
 1.74564573E-01   4625.3 1.747E+04 1.707E+11 4.782E-03 1.283E-02 2.000E+05 0.000E+00 0.000E+00 7.102E+05
 2.11859076E-01   4627.5 2.120E+04 1.896E+11 5.272E-03 1.393E-02 2.000E+05 0.000E+00 0.000E+00 7.090E+05
 2.56965456E-01   4629.8 2.571E+04 2.105E+11 5.813E-03 1.515E-02 2.000E+05 0.000E+00 0.000E+00 7.075E+05
 3.11455641E-01   4632.7 3.115E+04 2.343E+11 6.423E-03 1.653E-02 2.000E+05 0.000E+00 0.000E+00 7.058E+05
 3.77214330E-01   4635.9 3.773E+04 2.609E+11 7.099E-03 1.805E-02 2.000E+05 0.000E+00 0.000E+00 7.038E+05
 4.56434018E-01   4640.1 4.565E+04 2.914E+11 7.869E-03 1.979E-02 2.000E+05 0.000E+00 0.000E+00 7.017E+05
 5.51660939E-01   4645.0 5.517E+04 3.262E+11 8.737E-03 2.175E-02 2.000E+05 0.000E+00 0.000E+00 6.993E+05
 6.65815359E-01   4651.2 6.659E+04 3.667E+11 9.736E-03 2.400E-02 2.000E+05 0.000E+00 0.000E+00 6.968E+05
 8.02205927E-01   4658.8 8.022E+04 4.137E+11 1.088E-02 2.658E-02 2.000E+05 0.000E+00 0.000E+00 6.941E+05
 9.64485677E-01   4668.3 9.645E+04 4.696E+11 1.223E-02 2.959E-02 2.000E+05 0.000E+00 0.000E+00 6.915E+05
 1.15657702E+00   4679.9 1.157E+05 5.364E+11 1.381E-02 3.312E-02 2.000E+05 0.000E+00 0.000E+00 6.890E+05
 1.38257230E+00   4694.4 1.383E+05 6.181E+11 1.571E-02 3.734E-02 2.000E+05 0.000E+00 0.000E+00 6.868E+05
 1.64642757E+00   4712.2 1.646E+05 7.191E+11 1.802E-02 4.244E-02 2.000E+05 0.000E+00 0.000E+00 6.849E+05
 1.95157195E+00   4734.5 1.952E+05 8.480E+11 2.090E-02 4.878E-02 2.000E+05 0.000E+00 0.000E+00 6.838E+05
 2.30051435E+00   4761.7 2.301E+05 1.014E+12 2.451E-02 5.669E-02 2.000E+05 0.000E+00 0.000E+00 6.834E+05
 2.69405489E+00   4795.9 2.694E+05 1.236E+12 2.922E-02 6.698E-02 2.000E+05 0.000E+00 0.000E+00 6.843E+05
 3.13062217E+00   4837.4 3.131E+05 1.538E+12 3.541E-02 8.044E-02 2.000E+05 0.000E+00 0.000E+00 6.864E+05
 3.60584208E+00   4889.0 3.606E+05 1.966E+12 4.389E-02 9.881E-02 2.000E+05 0.000E+00 0.000E+00 6.903E+05
 4.10946511E+00   4955.2 4.109E+05 2.615E+12 5.617E-02 1.253E-01 2.000E+05 0.000E+00 0.000E+00 6.966E+05
 4.62552751E+00   5040.3 4.625E+05 3.650E+12 7.474E-02 1.653E-01 2.000E+05 0.000E+00 0.000E+00 7.058E+05
 5.11676010E+00   5173.9 5.116E+05 5.786E+12 1.101E-01 2.413E-01 2.000E+05 8.137E+06 0.000E+00 7.218E+05
 5.55375114E+00   5329.8 5.553E+05 9.490E+12 1.659E-01 3.591E-01 2.000E+05 5.365E+07 3.023E+04 7.400E+05
 5.94107232E+00   5497.7 5.940E+05 1.556E+13 2.486E-01 5.269E-01 2.000E+05 1.593E+08 5.032E+04 7.584E+05
 6.29007613E+00   5667.6 6.290E+05 2.484E+13 3.628E-01 7.415E-01 2.000E+05 3.276E+08 6.393E+04 7.754E+05
 6.61397109E+00   5836.9 6.613E+05 3.845E+13 5.150E-01 9.946E-01 2.000E+05 5.755E+08 7.778E+04 7.908E+05
 6.91924891E+00   6015.3 6.919E+05 5.922E+13 7.266E-01 1.293E+00 2.000E+05 9.120E+08 9.157E+04 8.056E+05
 7.20877574E+00   6201.3 7.208E+05 9.034E+13 1.017E+00 1.610E+00 2.000E+05 1.343E+09 1.037E+05 8.197E+05
 7.48771921E+00   6385.1 7.487E+05 1.339E+14 1.390E+00 1.873E+00 2.000E+05 1.857E+09 1.167E+05 8.325E+05
 7.76360595E+00   6561.4 7.763E+05 1.914E+14 1.850E+00 2.032E+00 2.000E+05 2.398E+09 1.264E+05 8.436E+05
 8.04241624E+00   6734.9 8.042E+05 2.675E+14 2.423E+00 2.104E+00 2.000E+05 2.907E+09 1.348E+05 8.537E+05
 8.32840622E+00   6906.2 8.328E+05 3.665E+14 3.130E+00 2.117E+00 2.000E+05 3.338E+09 1.401E+05 8.629E+05
 8.62521427E+00   7076.2 8.625E+05 4.940E+14 4.002E+00 2.112E+00 2.000E+05 3.680E+09 1.438E+05 8.711E+05
 8.93599967E+00   7246.5 8.935E+05 6.577E+14 5.078E+00 2.113E+00 2.000E+05 3.942E+09 1.459E+05 8.786E+05
 9.26364218E+00   7417.1 9.263E+05 8.658E+14 6.406E+00 2.122E+00 2.000E+05 4.142E+09 1.467E+05 8.854E+05
 9.61079953E+00   7588.7 9.610E+05 1.129E+15 8.045E+00 2.145E+00 2.000E+05 4.298E+09 1.472E+05 8.915E+05
 9.98013954E+00   7762.3 9.979E+05 1.460E+15 1.006E+01 2.161E+00 2.000E+05 4.422E+09 1.464E+05 8.970E+05
 1.03747860E+01   7936.1 1.037E+06 1.871E+15 1.254E+01 2.180E+00 2.000E+05 4.519E+09 1.459E+05 9.020E+05
 1.07971775E+01   8113.6 1.080E+06 2.387E+15 1.561E+01 2.184E+00 2.000E+05 4.601E+09 1.440E+05 9.065E+05
 1.12513019E+01   8289.2 1.125E+06 3.012E+15 1.930E+01 2.182E+00 2.000E+05 4.666E+09 1.430E+05 9.106E+05
 1.17402189E+01   8471.2 1.174E+06 3.796E+15 2.393E+01 2.172E+00 2.000E+05 4.716E+09 1.400E+05 9.146E+05
 1.22690725E+01   8647.2 1.227E+06 4.716E+15 2.936E+01 2.146E+00 2.000E+05 4.763E+09 1.388E+05 9.182E+05
 1.28412891E+01   8833.8 1.284E+06 5.882E+15 3.627E+01 2.124E+00 2.000E+05 4.792E+09 1.353E+05 9.219E+05
 1.34638928E+01   9009.0 1.346E+06 7.202E+15 4.408E+01 2.223E+00 2.000E+05 4.817E+09 1.334E+05 9.255E+05
PRADK 1.4521E+00
BEGIN                    ITERATION  15 COMPLETED
