TEFF   5500.  GRAVITY 2.00000 LTE 
TITLE  [-5.5a] VTURB=2  L/H=1.25 NOVER NEW ODF                                  
 OPACITY IFOP 1 1 1 1 1 1 1 1 1 1 1 1 1 0 1 0 0 0 0 0
 CONVECTION ON   1.25 TURBULENCE OFF  0.00  0.00  0.00  0.00
ABUNDANCE SCALE 0.000003162 ABUNDANCE CHANGE 1 0.92156 2 0.07844
 ABUNDANCE CHANGE  3 -10.94  4 -10.64  5  -9.49  6  -3.52  7  -4.12  8  -2.81
 ABUNDANCE CHANGE  9  -7.48 10  -3.56 11  -5.71 12  -4.06 13  -5.57 14  -4.09
 ABUNDANCE CHANGE 15  -6.59 16  -4.31 17  -6.54 18  -5.24 19  -6.92 20  -5.28
 ABUNDANCE CHANGE 21  -8.87 22  -6.62 23  -8.04 24  -6.37 25  -6.65 26  -4.54
 ABUNDANCE CHANGE 27  -7.12 28  -5.79 29  -7.83 30  -7.44 31  -9.16 32  -8.63
 ABUNDANCE CHANGE 33  -9.67 34  -8.63 35  -9.41 36  -8.73 37  -9.44 38  -9.07
 ABUNDANCE CHANGE 39  -9.80 40  -9.44 41 -10.62 42 -10.12 43 -20.00 44 -10.20
 ABUNDANCE CHANGE 45 -10.92 46 -10.35 47 -11.10 48 -10.27 49 -10.38 50 -10.04
 ABUNDANCE CHANGE 51 -11.04 52  -9.80 53 -10.53 54  -9.87 55 -10.91 56  -9.91
 ABUNDANCE CHANGE 57 -10.87 58 -10.46 59 -11.33 60 -10.54 61 -20.00 62 -11.03
 ABUNDANCE CHANGE 63 -11.53 64 -10.92 65 -11.69 66 -10.90 67 -11.78 68 -11.11
 ABUNDANCE CHANGE 69 -12.04 70 -10.96 71 -11.98 72 -11.16 73 -12.17 74 -10.93
 ABUNDANCE CHANGE 75 -11.76 76 -10.59 77 -10.69 78 -10.24 79 -11.03 80 -10.91
 ABUNDANCE CHANGE 81 -11.14 82 -10.09 83 -11.33 84 -20.00 85 -20.00 86 -20.00
 ABUNDANCE CHANGE 87 -20.00 88 -20.00 89 -20.00 90 -11.95 91 -20.00 92 -12.54
 ABUNDANCE CHANGE 93 -20.00 94 -20.00 95 -20.00 96 -20.00 97 -20.00 98 -20.00
 ABUNDANCE CHANGE 99 -20.00
READ DECK6 72 RHOX,T,P,XNE,ABROSS,ACCRAD,VTURB, FLXCNV,VCONV,VELSND
 2.14942737E-04   4302.6 2.168E-02 5.160E+07 6.152E-04 2.021E-03 2.000E+05 0.000E+00 0.000E+00 5.179E+06
 2.83705967E-04   4351.1 2.861E-02 7.339E+07 6.673E-04 2.096E-03 2.000E+05 0.000E+00 0.000E+00 4.492E+06
 3.77062860E-04   4352.1 3.800E-02 8.495E+07 5.964E-04 1.986E-03 2.000E+05 0.000E+00 0.000E+00 4.013E+06
 5.16850688E-04   4355.7 5.200E-02 1.009E+08 5.328E-04 1.888E-03 2.000E+05 0.000E+00 0.000E+00 3.532E+06
 7.26804410E-04   4360.3 7.304E-02 1.220E+08 4.741E-04 1.799E-03 2.000E+05 0.000E+00 0.000E+00 3.073E+06
 1.04212699E-03   4365.9 1.046E-01 1.494E+08 4.213E-04 1.720E-03 2.000E+05 0.000E+00 0.000E+00 2.651E+06
 1.51678631E-03   4370.4 1.521E-01 1.837E+08 3.722E-04 1.649E-03 2.000E+05 0.000E+00 0.000E+00 2.276E+06
 2.23336346E-03   4375.2 2.238E-01 2.273E+08 3.293E-04 1.587E-03 2.000E+05 0.000E+00 0.000E+00 1.950E+06
 3.31023885E-03   4380.8 3.315E-01 2.831E+08 2.931E-04 1.537E-03 2.000E+05 0.000E+00 0.000E+00 1.673E+06
 4.91688576E-03   4386.8 4.922E-01 3.536E+08 2.630E-04 1.496E-03 2.000E+05 0.000E+00 0.000E+00 1.446E+06
 7.29448510E-03   4392.3 7.300E-01 4.407E+08 2.380E-04 1.463E-03 2.000E+05 0.000E+00 0.000E+00 1.262E+06
 1.07799704E-02   4397.5 1.079E+00 5.474E+08 2.176E-04 1.438E-03 2.000E+05 0.000E+00 0.000E+00 1.118E+06
 1.58343561E-02   4401.8 1.584E+00 6.753E+08 2.012E-04 1.418E-03 2.000E+05 0.000E+00 0.000E+00 1.008E+06
 2.30574963E-02   4406.3 2.306E+00 8.299E+08 1.893E-04 1.405E-03 2.000E+05 0.000E+00 0.000E+00 9.247E+05
 3.32294191E-02   4409.2 3.324E+00 1.008E+09 1.804E-04 1.397E-03 2.000E+05 0.000E+00 0.000E+00 8.633E+05
 4.73432598E-02   4411.7 4.735E+00 1.216E+09 1.748E-04 1.394E-03 2.000E+05 0.000E+00 0.000E+00 8.186E+05
 6.65745058E-02   4414.5 6.658E+00 1.459E+09 1.726E-04 1.395E-03 2.000E+05 0.000E+00 0.000E+00 7.864E+05
 9.23161123E-02   4417.2 9.232E+00 1.737E+09 1.733E-04 1.401E-03 2.000E+05 0.000E+00 0.000E+00 7.635E+05
 1.26237975E-01   4419.7 1.262E+01 2.052E+09 1.766E-04 1.411E-03 2.000E+05 0.000E+00 0.000E+00 7.471E+05
 1.70314802E-01   4422.1 1.703E+01 2.408E+09 1.824E-04 1.425E-03 2.000E+05 0.000E+00 0.000E+00 7.354E+05
 2.26893347E-01   4424.4 2.269E+01 2.805E+09 1.905E-04 1.442E-03 2.000E+05 0.000E+00 0.000E+00 7.270E+05
 2.98783882E-01   4426.7 2.988E+01 3.248E+09 2.008E-04 1.463E-03 2.000E+05 0.000E+00 0.000E+00 7.209E+05
 3.89307658E-01   4428.9 3.893E+01 3.741E+09 2.135E-04 1.487E-03 2.000E+05 0.000E+00 0.000E+00 7.164E+05
 5.02480836E-01   4430.9 5.025E+01 4.287E+09 2.284E-04 1.515E-03 2.000E+05 0.000E+00 0.000E+00 7.132E+05
 6.43125416E-01   4433.1 6.431E+01 4.893E+09 2.457E-04 1.547E-03 2.000E+05 0.000E+00 0.000E+00 7.108E+05
 8.17045015E-01   4435.3 8.170E+01 5.563E+09 2.655E-04 1.583E-03 2.000E+05 0.000E+00 0.000E+00 7.091E+05
 1.03125443E+00   4437.5 1.031E+02 6.307E+09 2.880E-04 1.623E-03 2.000E+05 0.000E+00 0.000E+00 7.078E+05
 1.29417419E+00   4439.9 1.294E+02 7.134E+09 3.133E-04 1.668E-03 2.000E+05 0.000E+00 0.000E+00 7.068E+05
 1.61598440E+00   4442.3 1.616E+02 8.052E+09 3.418E-04 1.719E-03 2.000E+05 0.000E+00 0.000E+00 7.061E+05
 2.00885063E+00   4445.1 2.009E+02 9.080E+09 3.738E-04 1.776E-03 2.000E+05 0.000E+00 0.000E+00 7.057E+05
 2.48744949E+00   4448.0 2.487E+02 1.022E+10 4.095E-04 1.839E-03 2.000E+05 0.000E+00 0.000E+00 7.054E+05
 3.06921308E+00   4451.4 3.069E+02 1.151E+10 4.498E-04 1.910E-03 2.000E+05 0.000E+00 0.000E+00 7.052E+05
 3.77496422E+00   4455.1 3.775E+02 1.296E+10 4.948E-04 1.989E-03 2.000E+05 0.000E+00 0.000E+00 7.051E+05
 4.62922141E+00   4459.5 4.629E+02 1.461E+10 5.459E-04 2.080E-03 2.000E+05 0.000E+00 0.000E+00 7.052E+05
 5.66073807E+00   4464.4 5.661E+02 1.647E+10 6.035E-04 2.182E-03 2.000E+05 0.000E+00 0.000E+00 7.053E+05
 6.90272311E+00   4470.3 6.902E+02 1.863E+10 6.696E-04 2.299E-03 2.000E+05 0.000E+00 0.000E+00 7.056E+05
 8.39340929E+00   4477.2 8.393E+02 2.112E+10 7.451E-04 2.433E-03 2.000E+05 0.000E+00 0.000E+00 7.059E+05
 1.01754881E+01   4485.7 1.018E+03 2.405E+10 8.331E-04 2.590E-03 2.000E+05 0.000E+00 0.000E+00 7.064E+05
 1.22962929E+01   4495.7 1.230E+03 2.750E+10 9.357E-04 2.772E-03 2.000E+05 0.000E+00 0.000E+00 7.070E+05
 1.48059285E+01   4507.9 1.481E+03 3.167E+10 1.058E-03 2.989E-03 2.000E+05 0.000E+00 0.000E+00 7.077E+05
 1.77556717E+01   4522.7 1.775E+03 3.676E+10 1.204E-03 3.250E-03 2.000E+05 0.000E+00 0.000E+00 7.087E+05
 2.11951850E+01   4540.7 2.119E+03 4.309E+10 1.383E-03 3.568E-03 2.000E+05 0.000E+00 0.000E+00 7.099E+05
 2.51669578E+01   4562.8 2.517E+03 5.113E+10 1.606E-03 3.964E-03 2.000E+05 0.000E+00 0.000E+00 7.115E+05
 2.97017360E+01   4589.5 2.970E+03 6.153E+10 1.887E-03 4.461E-03 2.000E+05 0.000E+00 0.000E+00 7.134E+05
 3.48115189E+01   4622.2 3.481E+03 7.535E+10 2.250E-03 5.101E-03 2.000E+05 0.000E+00 0.000E+00 7.158E+05
 4.04793022E+01   4661.9 4.048E+03 9.416E+10 2.728E-03 5.942E-03 2.000E+05 0.000E+00 0.000E+00 7.187E+05
 4.66530631E+01   4710.1 4.665E+03 1.205E+11 3.373E-03 7.073E-03 2.000E+05 0.000E+00 0.000E+00 7.223E+05
 5.32400157E+01   4768.3 5.324E+03 1.585E+11 4.263E-03 8.629E-03 2.000E+05 0.000E+00 0.000E+00 7.267E+05
 6.01048872E+01   4838.6 6.010E+03 2.149E+11 5.523E-03 1.083E-02 2.000E+05 0.000E+00 0.000E+00 7.320E+05
 6.70748560E+01   4923.0 6.707E+03 3.016E+11 7.355E-03 1.401E-02 2.000E+05 0.000E+00 0.000E+00 7.382E+05
 7.39523253E+01   5024.2 7.395E+03 4.395E+11 1.009E-02 1.876E-02 2.000E+05 0.000E+00 0.000E+00 7.455E+05
 8.05328256E+01   5145.0 8.053E+03 6.671E+11 1.429E-02 2.603E-02 2.000E+05 2.072E-01 0.000E+00 7.540E+05
 8.66268695E+01   5288.4 8.662E+03 1.056E+12 2.092E-02 3.750E-02 2.000E+05 3.444E+01 3.735E+02 7.635E+05
 9.20794583E+01   5458.3 9.207E+03 1.746E+12 3.176E-02 5.623E-02 2.000E+05 1.062E+03 2.020E+03 7.739E+05
 9.67844954E+01   5657.5 9.677E+03 3.005E+12 4.995E-02 8.766E-02 2.000E+05 2.295E+04 6.164E+03 7.847E+05
 1.00696988E+02   5890.0 1.007E+04 5.369E+12 8.162E-02 1.423E-01 2.000E+05 4.098E+05 1.689E+04 7.953E+05
 1.03830560E+02   6157.8 1.038E+04 9.869E+12 1.384E-01 2.409E-01 2.000E+05 2.959E+06 4.344E+04 8.041E+05
 1.06227065E+02   6473.8 1.062E+04 1.888E+13 2.484E-01 4.325E-01 2.000E+05 1.707E+07 7.770E+04 8.098E+05
 1.07927946E+02   6854.0 1.079E+04 3.790E+13 4.825E-01 8.154E-01 2.000E+05 1.927E+08 1.337E+05 8.116E+05
 1.09089395E+02   7244.6 1.090E+04 7.167E+13 9.262E-01 1.325E+00 2.000E+05 8.143E+08 3.048E+05 8.116E+05
 1.09961266E+02   7551.0 1.099E+04 1.127E+14 1.521E+00 1.513E+00 2.000E+05 1.769E+09 4.141E+05 8.133E+05
 1.10726084E+02   7777.5 1.107E+04 1.537E+14 2.175E+00 1.390E+00 2.000E+05 2.583E+09 4.498E+05 8.163E+05
 1.11467590E+02   7962.3 1.114E+04 1.955E+14 2.899E+00 1.231E+00 2.000E+05 3.096E+09 4.643E+05 8.202E+05
 1.12225030E+02   8124.1 1.121E+04 2.390E+14 3.716E+00 1.098E+00 2.000E+05 3.416E+09 4.678E+05 8.247E+05
 1.13025115E+02   8270.5 1.129E+04 2.846E+14 4.629E+00 9.956E-01 2.000E+05 3.615E+09 4.681E+05 8.297E+05
 1.13887628E+02   8410.5 1.138E+04 3.343E+14 5.691E+00 9.135E-01 2.000E+05 3.743E+09 4.644E+05 8.353E+05
 1.14831024E+02   8542.4 1.147E+04 3.871E+14 6.892E+00 8.466E-01 2.000E+05 3.840E+09 4.622E+05 8.412E+05
 1.15870190E+02   8675.8 1.157E+04 4.467E+14 8.335E+00 7.928E-01 2.000E+05 3.899E+09 4.583E+05 8.479E+05
 1.17024080E+02   8803.7 1.169E+04 5.103E+14 9.950E+00 7.345E-01 2.000E+05 3.952E+09 4.530E+05 8.549E+05
 1.18313425E+02   8935.3 1.182E+04 5.824E+14 1.188E+01 7.019E-01 2.000E+05 3.994E+09 4.535E+05 8.628E+05
 1.19753755E+02   9068.6 1.196E+04 6.627E+14 1.416E+01 6.499E-01 2.000E+05 4.008E+09 4.443E+05 8.715E+05
 1.21374537E+02   9197.3 1.212E+04 7.480E+14 1.670E+01 6.627E-01 2.000E+05 4.050E+09 4.467E+05 8.806E+05
PRADK 1.2234E+00
BEGIN                    ITERATION  15 COMPLETED
