TEFF   4500.  GRAVITY 5.00000 LTE 
TITLE  [-5.5a] VTURB=2  L/H=1.25 NOVER NEW ODF                                  
 OPACITY IFOP 1 1 1 1 1 1 1 1 1 1 1 1 1 0 1 0 0 0 0 0
 CONVECTION ON   1.25 TURBULENCE OFF  0.00  0.00  0.00  0.00
ABUNDANCE SCALE 0.000003162 ABUNDANCE CHANGE 1 0.92156 2 0.07844
 ABUNDANCE CHANGE  3 -10.94  4 -10.64  5  -9.49  6  -3.52  7  -4.12  8  -2.81
 ABUNDANCE CHANGE  9  -7.48 10  -3.56 11  -5.71 12  -4.06 13  -5.57 14  -4.09
 ABUNDANCE CHANGE 15  -6.59 16  -4.31 17  -6.54 18  -5.24 19  -6.92 20  -5.28
 ABUNDANCE CHANGE 21  -8.87 22  -6.62 23  -8.04 24  -6.37 25  -6.65 26  -4.54
 ABUNDANCE CHANGE 27  -7.12 28  -5.79 29  -7.83 30  -7.44 31  -9.16 32  -8.63
 ABUNDANCE CHANGE 33  -9.67 34  -8.63 35  -9.41 36  -8.73 37  -9.44 38  -9.07
 ABUNDANCE CHANGE 39  -9.80 40  -9.44 41 -10.62 42 -10.12 43 -20.00 44 -10.20
 ABUNDANCE CHANGE 45 -10.92 46 -10.35 47 -11.10 48 -10.27 49 -10.38 50 -10.04
 ABUNDANCE CHANGE 51 -11.04 52  -9.80 53 -10.53 54  -9.87 55 -10.91 56  -9.91
 ABUNDANCE CHANGE 57 -10.87 58 -10.46 59 -11.33 60 -10.54 61 -20.00 62 -11.03
 ABUNDANCE CHANGE 63 -11.53 64 -10.92 65 -11.69 66 -10.90 67 -11.78 68 -11.11
 ABUNDANCE CHANGE 69 -12.04 70 -10.96 71 -11.98 72 -11.16 73 -12.17 74 -10.93
 ABUNDANCE CHANGE 75 -11.76 76 -10.59 77 -10.69 78 -10.24 79 -11.03 80 -10.91
 ABUNDANCE CHANGE 81 -11.14 82 -10.09 83 -11.33 84 -20.00 85 -20.00 86 -20.00
 ABUNDANCE CHANGE 87 -20.00 88 -20.00 89 -20.00 90 -11.95 91 -20.00 92 -12.54
 ABUNDANCE CHANGE 93 -20.00 94 -20.00 95 -20.00 96 -20.00 97 -20.00 98 -20.00
 ABUNDANCE CHANGE 99 -20.00
READ DECK6 72 RHOX,T,P,XNE,ABROSS,ACCRAD,VTURB, FLXCNV,VCONV,VELSND
 4.24872017E-03   3700.4 5.007E+02 3.881E+08 2.813E-05 1.978E-04 2.000E+05 0.000E+00 0.000E+00 6.375E+05
 5.51830767E-03   3701.5 6.519E+02 4.458E+08 3.064E-05 2.002E-04 2.000E+05 0.000E+00 0.000E+00 6.359E+05
 7.07431865E-03   3702.5 8.380E+02 5.092E+08 3.338E-05 2.027E-04 2.000E+05 0.000E+00 0.000E+00 6.341E+05
 8.97890271E-03   3703.5 1.065E+03 5.775E+08 3.629E-05 2.055E-04 2.000E+05 0.000E+00 0.000E+00 6.320E+05
 1.13156319E-02   3704.6 1.343E+03 6.525E+08 3.946E-05 2.086E-04 2.000E+05 0.000E+00 0.000E+00 6.296E+05
 1.41888681E-02   3705.6 1.684E+03 7.351E+08 4.291E-05 2.119E-04 2.000E+05 0.000E+00 0.000E+00 6.268E+05
 1.77188113E-02   3706.6 2.103E+03 8.260E+08 4.667E-05 2.156E-04 2.000E+05 0.000E+00 0.000E+00 6.235E+05
 2.20665393E-02   3707.6 2.616E+03 9.262E+08 5.077E-05 2.197E-04 2.000E+05 0.000E+00 0.000E+00 6.199E+05
 2.74361510E-02   3708.6 3.244E+03 1.037E+09 5.527E-05 2.242E-04 2.000E+05 0.000E+00 0.000E+00 6.158E+05
 3.40805773E-02   3709.6 4.014E+03 1.160E+09 6.019E-05 2.292E-04 2.000E+05 0.000E+00 0.000E+00 6.112E+05
 4.22807238E-02   3710.6 4.957E+03 1.295E+09 6.557E-05 2.347E-04 2.000E+05 0.000E+00 0.000E+00 6.062E+05
 5.23706291E-02   3711.5 6.110E+03 1.446E+09 7.147E-05 2.408E-04 2.000E+05 0.000E+00 0.000E+00 6.009E+05
 6.47537735E-02   3712.5 7.521E+03 1.612E+09 7.792E-05 2.475E-04 2.000E+05 0.000E+00 0.000E+00 5.953E+05
 7.99406811E-02   3713.5 9.247E+03 1.797E+09 8.497E-05 2.548E-04 2.000E+05 0.000E+00 0.000E+00 5.895E+05
 9.85555826E-02   3714.5 1.136E+04 2.001E+09 9.266E-05 2.628E-04 2.000E+05 0.000E+00 0.000E+00 5.837E+05
 1.21370350E-01   3715.5 1.394E+04 2.227E+09 1.010E-04 2.715E-04 2.000E+05 0.000E+00 0.000E+00 5.779E+05
 1.49321392E-01   3716.5 1.709E+04 2.477E+09 1.102E-04 2.809E-04 2.000E+05 0.000E+00 0.000E+00 5.722E+05
 1.83584929E-01   3717.5 2.095E+04 2.753E+09 1.201E-04 2.912E-04 2.000E+05 0.000E+00 0.000E+00 5.667E+05
 2.25567377E-01   3718.5 2.568E+04 3.059E+09 1.309E-04 3.023E-04 2.000E+05 0.000E+00 0.000E+00 5.613E+05
 2.77052556E-01   3719.4 3.146E+04 3.398E+09 1.425E-04 3.142E-04 2.000E+05 0.000E+00 0.000E+00 5.562E+05
 3.40235266E-01   3720.4 3.854E+04 3.771E+09 1.552E-04 3.270E-04 2.000E+05 0.000E+00 0.000E+00 5.513E+05
 4.17902985E-01   3721.4 4.721E+04 4.183E+09 1.688E-04 3.406E-04 2.000E+05 0.000E+00 0.000E+00 5.466E+05
 5.14320535E-01   3722.4 5.784E+04 4.637E+09 1.837E-04 3.551E-04 2.000E+05 0.000E+00 0.000E+00 5.419E+05
 6.34752906E-01   3723.3 7.087E+04 5.135E+09 1.999E-04 3.706E-04 2.000E+05 0.000E+00 0.000E+00 5.373E+05
 7.83034972E-01   3724.3 8.682E+04 5.682E+09 2.178E-04 3.865E-04 2.000E+05 0.000E+00 0.000E+00 5.326E+05
 9.64886658E-01   3725.3 1.063E+05 6.279E+09 2.377E-04 4.027E-04 2.000E+05 0.000E+00 0.000E+00 5.280E+05
 1.18810571E+00   3726.2 1.301E+05 6.930E+09 2.601E-04 4.190E-04 2.000E+05 0.000E+00 0.000E+00 5.233E+05
 1.46165690E+00   3727.2 1.591E+05 7.634E+09 2.856E-04 4.352E-04 2.000E+05 0.000E+00 0.000E+00 5.185E+05
 1.79624504E+00   3728.2 1.942E+05 8.392E+09 3.148E-04 4.512E-04 2.000E+05 0.000E+00 0.000E+00 5.135E+05
 2.20449828E+00   3729.1 2.366E+05 9.205E+09 3.479E-04 4.669E-04 2.000E+05 0.000E+00 0.000E+00 5.085E+05
 2.70174385E+00   3730.1 2.878E+05 1.007E+10 3.851E-04 4.826E-04 2.000E+05 0.000E+00 0.000E+00 5.032E+05
 3.30818963E+00   3731.0 3.493E+05 1.100E+10 4.261E-04 4.984E-04 2.000E+05 0.000E+00 0.000E+00 4.979E+05
 4.05084873E+00   3732.0 4.237E+05 1.199E+10 4.700E-04 5.149E-04 2.000E+05 0.000E+00 0.000E+00 4.925E+05
 4.96295452E+00   3732.9 5.138E+05 1.303E+10 5.157E-04 5.332E-04 2.000E+05 0.000E+00 0.000E+00 4.869E+05
 6.08016732E+00   3734.1 6.236E+05 1.422E+10 5.632E-04 5.551E-04 2.000E+05 0.000E+00 0.000E+00 4.813E+05
 7.43333447E+00   3739.5 7.573E+05 1.581E+10 6.203E-04 5.873E-04 2.000E+05 0.000E+00 0.000E+00 4.763E+05
 9.04075495E+00   3754.0 9.170E+05 1.848E+10 7.021E-04 6.472E-04 2.000E+05 0.000E+00 0.000E+00 4.733E+05
 1.09052086E+01   3774.4 1.104E+06 2.224E+10 8.088E-04 7.308E-04 2.000E+05 0.000E+00 0.000E+00 4.715E+05
 1.29976754E+01   3808.1 1.315E+06 2.874E+10 9.793E-04 8.556E-04 2.000E+05 4.307E+08 0.000E+00 4.717E+05
 1.51011120E+01   3874.0 1.529E+06 4.534E+10 1.388E-03 1.171E-03 2.000E+05 1.249E+09 4.430E+04 4.798E+05
 1.71867663E+01   3927.8 1.735E+06 6.597E+10 1.859E-03 1.549E-03 2.000E+05 1.597E+09 4.155E+04 4.864E+05
 1.93152838E+01   3978.5 1.943E+06 9.214E+10 2.423E-03 2.010E-03 2.000E+05 1.611E+09 4.061E+04 4.924E+05
 2.15315337E+01   4027.0 2.159E+06 1.254E+11 3.107E-03 2.576E-03 2.000E+05 1.842E+09 4.130E+04 4.980E+05
 2.38571407E+01   4074.7 2.383E+06 1.684E+11 3.956E-03 3.279E-03 2.000E+05 2.166E+09 4.395E+04 5.034E+05
 2.63080275E+01   4122.5 2.619E+06 2.241E+11 5.022E-03 4.153E-03 2.000E+05 2.282E+09 4.360E+04 5.089E+05
 2.89034871E+01   4168.9 2.868E+06 2.931E+11 6.311E-03 5.179E-03 2.000E+05 2.201E+09 4.146E+04 5.141E+05
 3.16667094E+01   4215.4 3.132E+06 3.806E+11 7.911E-03 6.399E-03 2.000E+05 2.414E+09 4.075E+04 5.193E+05
 3.46104454E+01   4260.9 3.415E+06 4.905E+11 9.883E-03 7.798E-03 2.000E+05 2.631E+09 4.560E+04 5.243E+05
 3.77292016E+01   4310.6 3.713E+06 6.373E+11 1.249E-02 9.504E-03 2.000E+05 2.763E+09 3.827E+04 5.299E+05
 4.10712736E+01   4351.9 4.033E+06 7.981E+11 1.527E-02 1.102E-02 2.000E+05 3.057E+09 4.703E+04 5.342E+05
 4.46261450E+01   4407.6 4.372E+06 1.052E+12 1.969E-02 1.325E-02 2.000E+05 3.139E+09 3.983E+04 5.406E+05
 4.84364245E+01   4445.4 4.738E+06 1.285E+12 2.358E-02 1.442E-02 2.000E+05 3.556E+09 4.490E+04 5.443E+05
 5.25044256E+01   4505.2 5.126E+06 1.708E+12 3.077E-02 1.667E-02 2.000E+05 3.917E+09 4.643E+04 5.514E+05
 5.68487471E+01   4544.6 5.542E+06 2.078E+12 3.679E-02 1.707E-02 2.000E+05 4.301E+09 4.206E+04 5.552E+05
 6.15086232E+01   4603.5 5.988E+06 2.727E+12 4.747E-02 1.820E-02 2.000E+05 4.804E+09 5.096E+04 5.621E+05
 6.64743214E+01   4649.5 6.463E+06 3.372E+12 5.769E-02 1.753E-02 2.000E+05 5.016E+09 4.131E+04 5.667E+05
 7.18282054E+01   4705.0 6.976E+06 4.321E+12 7.269E-02 1.697E-02 2.000E+05 5.646E+09 5.144E+04 5.729E+05
 7.75450147E+01   4758.6 7.523E+06 5.456E+12 9.018E-02 1.557E-02 2.000E+05 5.986E+09 4.617E+04 5.787E+05
 8.36798713E+01   4813.4 8.112E+06 6.893E+12 1.119E-01 1.417E-02 2.000E+05 6.468E+09 4.908E+04 5.846E+05
 9.02522308E+01   4870.8 8.743E+06 8.756E+12 1.396E-01 1.298E-02 2.000E+05 6.781E+09 5.090E+04 5.909E+05
 9.72811247E+01   4929.9 9.418E+06 1.110E+13 1.735E-01 1.172E-02 2.000E+05 7.394E+09 4.508E+04 5.972E+05
 1.04860187E+02   4985.8 1.015E+07 1.393E+13 2.134E-01 1.135E-02 2.000E+05 7.539E+09 5.642E+04 6.032E+05
 1.12923652E+02   5056.9 1.092E+07 1.809E+13 2.711E-01 1.025E-02 2.000E+05 6.224E+09 3.397E+04 6.109E+05
 1.21659208E+02   5103.6 1.177E+07 2.179E+13 3.197E-01 9.888E-03 2.000E+05 7.397E+09 5.091E+04 6.153E+05
 1.31027657E+02   5187.4 1.267E+07 2.933E+13 4.190E-01 1.130E-02 2.000E+05 7.960E+09 5.189E+04 6.249E+05
 1.41072387E+02   5239.0 1.364E+07 3.545E+13 4.949E-01 9.289E-03 2.000E+05 7.243E+09 3.853E+04 6.297E+05
 1.51923169E+02   5319.7 1.470E+07 4.669E+13 6.334E-01 1.062E-02 2.000E+05 8.045E+09 5.387E+04 6.387E+05
 1.63547437E+02   5385.1 1.582E+07 5.827E+13 7.694E-01 9.623E-03 2.000E+05 7.984E+09 4.154E+04 6.452E+05
 1.76094843E+02   5463.5 1.704E+07 7.521E+13 9.631E-01 1.026E-02 2.000E+05 8.196E+09 5.020E+04 6.536E+05
 1.89564936E+02   5539.6 1.835E+07 9.576E+13 1.189E+00 1.004E-02 2.000E+05 8.422E+09 4.615E+04 6.614E+05
 2.04040603E+02   5621.4 1.976E+07 1.231E+14 1.478E+00 1.020E-02 2.000E+05 8.267E+09 4.658E+04 6.700E+05
 2.19563841E+02   5703.8 2.128E+07 1.574E+14 1.826E+00 1.117E-02 2.000E+05 8.383E+09 4.702E+04 6.785E+05
PRADK 5.1974E-01
BEGIN                    ITERATION  15 COMPLETED
