TEFF   4750.  GRAVITY 4.50000 LTE 
TITLE  [-5.5a] VTURB=2  L/H=1.25 NOVER NEW ODF                                  
 OPACITY IFOP 1 1 1 1 1 1 1 1 1 1 1 1 1 0 1 0 0 0 0 0
 CONVECTION ON   1.25 TURBULENCE OFF  0.00  0.00  0.00  0.00
ABUNDANCE SCALE 0.000003162 ABUNDANCE CHANGE 1 0.92156 2 0.07844
 ABUNDANCE CHANGE  3 -10.94  4 -10.64  5  -9.49  6  -3.52  7  -4.12  8  -2.81
 ABUNDANCE CHANGE  9  -7.48 10  -3.56 11  -5.71 12  -4.06 13  -5.57 14  -4.09
 ABUNDANCE CHANGE 15  -6.59 16  -4.31 17  -6.54 18  -5.24 19  -6.92 20  -5.28
 ABUNDANCE CHANGE 21  -8.87 22  -6.62 23  -8.04 24  -6.37 25  -6.65 26  -4.54
 ABUNDANCE CHANGE 27  -7.12 28  -5.79 29  -7.83 30  -7.44 31  -9.16 32  -8.63
 ABUNDANCE CHANGE 33  -9.67 34  -8.63 35  -9.41 36  -8.73 37  -9.44 38  -9.07
 ABUNDANCE CHANGE 39  -9.80 40  -9.44 41 -10.62 42 -10.12 43 -20.00 44 -10.20
 ABUNDANCE CHANGE 45 -10.92 46 -10.35 47 -11.10 48 -10.27 49 -10.38 50 -10.04
 ABUNDANCE CHANGE 51 -11.04 52  -9.80 53 -10.53 54  -9.87 55 -10.91 56  -9.91
 ABUNDANCE CHANGE 57 -10.87 58 -10.46 59 -11.33 60 -10.54 61 -20.00 62 -11.03
 ABUNDANCE CHANGE 63 -11.53 64 -10.92 65 -11.69 66 -10.90 67 -11.78 68 -11.11
 ABUNDANCE CHANGE 69 -12.04 70 -10.96 71 -11.98 72 -11.16 73 -12.17 74 -10.93
 ABUNDANCE CHANGE 75 -11.76 76 -10.59 77 -10.69 78 -10.24 79 -11.03 80 -10.91
 ABUNDANCE CHANGE 81 -11.14 82 -10.09 83 -11.33 84 -20.00 85 -20.00 86 -20.00
 ABUNDANCE CHANGE 87 -20.00 88 -20.00 89 -20.00 90 -11.95 91 -20.00 92 -12.54
 ABUNDANCE CHANGE 93 -20.00 94 -20.00 95 -20.00 96 -20.00 97 -20.00 98 -20.00
 ABUNDANCE CHANGE 99 -20.00
READ DECK6 72 RHOX,T,P,XNE,ABROSS,ACCRAD,VTURB, FLXCNV,VCONV,VELSND
 3.24596837E-03   3905.1 1.064E+02 5.493E+08 3.995E-05 3.583E-04 2.000E+05 0.000E+00 0.000E+00 6.625E+05
 4.22863495E-03   3906.1 1.401E+02 6.338E+08 4.329E-05 3.621E-04 2.000E+05 0.000E+00 0.000E+00 6.616E+05
 5.41234317E-03   3907.2 1.818E+02 7.271E+08 4.701E-05 3.662E-04 2.000E+05 0.000E+00 0.000E+00 6.610E+05
 6.85900344E-03   3908.2 2.328E+02 8.276E+08 5.104E-05 3.707E-04 2.000E+05 0.000E+00 0.000E+00 6.604E+05
 8.64918799E-03   3909.3 2.954E+02 9.374E+08 5.545E-05 3.756E-04 2.000E+05 0.000E+00 0.000E+00 6.598E+05
 1.08620762E-02   3910.3 3.722E+02 1.058E+09 6.030E-05 3.811E-04 2.000E+05 0.000E+00 0.000E+00 6.593E+05
 1.35889105E-02   3911.3 4.663E+02 1.190E+09 6.561E-05 3.872E-04 2.000E+05 0.000E+00 0.000E+00 6.587E+05
 1.69513169E-02   3912.3 5.816E+02 1.337E+09 7.145E-05 3.940E-04 2.000E+05 0.000E+00 0.000E+00 6.581E+05
 2.11088114E-02   3913.3 7.227E+02 1.498E+09 7.786E-05 4.015E-04 2.000E+05 0.000E+00 0.000E+00 6.573E+05
 2.62580524E-02   3914.3 8.953E+02 1.675E+09 8.490E-05 4.098E-04 2.000E+05 0.000E+00 0.000E+00 6.565E+05
 3.26276683E-02   3915.3 1.106E+03 1.871E+09 9.263E-05 4.191E-04 2.000E+05 0.000E+00 0.000E+00 6.555E+05
 4.04793229E-02   3916.2 1.364E+03 2.088E+09 1.011E-04 4.295E-04 2.000E+05 0.000E+00 0.000E+00 6.543E+05
 5.01219422E-02   3917.2 1.679E+03 2.328E+09 1.105E-04 4.409E-04 2.000E+05 0.000E+00 0.000E+00 6.528E+05
 6.19464122E-02   3918.2 2.064E+03 2.594E+09 1.207E-04 4.536E-04 2.000E+05 0.000E+00 0.000E+00 6.511E+05
 7.64287845E-02   3919.2 2.532E+03 2.887E+09 1.320E-04 4.675E-04 2.000E+05 0.000E+00 0.000E+00 6.491E+05
 9.41500081E-02   3920.1 3.104E+03 3.212E+09 1.444E-04 4.830E-04 2.000E+05 0.000E+00 0.000E+00 6.468E+05
 1.15821146E-01   3921.1 3.801E+03 3.572E+09 1.581E-04 5.000E-04 2.000E+05 0.000E+00 0.000E+00 6.441E+05
 1.42301274E-01   3922.1 4.649E+03 3.970E+09 1.730E-04 5.188E-04 2.000E+05 0.000E+00 0.000E+00 6.410E+05
 1.74625208E-01   3923.1 5.683E+03 4.411E+09 1.895E-04 5.395E-04 2.000E+05 0.000E+00 0.000E+00 6.375E+05
 2.14056012E-01   3924.1 6.942E+03 4.898E+09 2.075E-04 5.623E-04 2.000E+05 0.000E+00 0.000E+00 6.336E+05
 2.62165252E-01   3925.0 8.475E+03 5.438E+09 2.273E-04 5.875E-04 2.000E+05 0.000E+00 0.000E+00 6.293E+05
 3.20833265E-01   3926.0 1.034E+04 6.035E+09 2.490E-04 6.151E-04 2.000E+05 0.000E+00 0.000E+00 6.246E+05
 3.92413793E-01   3927.0 1.261E+04 6.695E+09 2.727E-04 6.456E-04 2.000E+05 0.000E+00 0.000E+00 6.195E+05
 4.79750280E-01   3928.0 1.538E+04 7.426E+09 2.987E-04 6.790E-04 2.000E+05 0.000E+00 0.000E+00 6.142E+05
 5.86380557E-01   3929.0 1.875E+04 8.235E+09 3.272E-04 7.158E-04 2.000E+05 0.000E+00 0.000E+00 6.087E+05
 7.16231187E-01   3930.0 2.285E+04 9.130E+09 3.582E-04 7.559E-04 2.000E+05 0.000E+00 0.000E+00 6.030E+05
 8.74632844E-01   3931.0 2.784E+04 1.012E+10 3.920E-04 7.997E-04 2.000E+05 0.000E+00 0.000E+00 5.973E+05
 1.06759481E+00   3932.0 3.393E+04 1.122E+10 4.288E-04 8.474E-04 2.000E+05 0.000E+00 0.000E+00 5.917E+05
 1.30284230E+00   3933.1 4.135E+04 1.244E+10 4.690E-04 8.994E-04 2.000E+05 0.000E+00 0.000E+00 5.862E+05
 1.58940483E+00   3934.5 5.040E+04 1.380E+10 5.132E-04 9.562E-04 2.000E+05 0.000E+00 0.000E+00 5.809E+05
 1.93847202E+00   3936.2 6.143E+04 1.534E+10 5.619E-04 1.019E-03 2.000E+05 0.000E+00 0.000E+00 5.758E+05
 2.36343488E+00   3938.3 7.486E+04 1.707E+10 6.152E-04 1.087E-03 2.000E+05 0.000E+00 0.000E+00 5.710E+05
 2.88052667E+00   3941.0 9.120E+04 1.905E+10 6.747E-04 1.162E-03 2.000E+05 0.000E+00 0.000E+00 5.664E+05
 3.50909081E+00   3944.1 1.111E+05 2.129E+10 7.402E-04 1.243E-03 2.000E+05 0.000E+00 0.000E+00 5.621E+05
 4.27180409E+00   3948.3 1.352E+05 2.389E+10 8.146E-04 1.335E-03 2.000E+05 0.000E+00 0.000E+00 5.580E+05
 5.19562196E+00   3953.0 1.644E+05 2.687E+10 8.971E-04 1.435E-03 2.000E+05 0.000E+00 0.000E+00 5.541E+05
 6.31324054E+00   3958.7 1.997E+05 3.033E+10 9.907E-04 1.546E-03 2.000E+05 0.000E+00 0.000E+00 5.503E+05
 7.65390026E+00   3967.4 2.421E+05 3.471E+10 1.108E-03 1.682E-03 2.000E+05 0.000E+00 0.000E+00 5.471E+05
 9.24892935E+00   3977.1 2.925E+05 3.986E+10 1.242E-03 1.836E-03 2.000E+05 0.000E+00 0.000E+00 5.440E+05
 1.11918556E+01   3978.1 3.540E+05 4.373E+10 1.333E-03 1.931E-03 2.000E+05 2.263E+04 0.000E+00 5.394E+05
 1.32443588E+01   4050.6 4.188E+05 6.828E+10 2.008E-03 2.720E-03 2.000E+05 6.937E+05 2.967E+03 5.473E+05
 1.50367747E+01   4123.6 4.755E+05 1.037E+11 2.966E-03 3.811E-03 2.000E+05 4.169E+06 8.908E+03 5.562E+05
 1.67604052E+01   4177.0 5.300E+05 1.406E+11 3.937E-03 4.888E-03 2.000E+05 6.347E+06 1.429E+04 5.622E+05
 1.84571805E+01   4239.5 5.836E+05 1.963E+11 5.383E-03 6.453E-03 2.000E+05 1.762E+07 0.000E+00 5.699E+05
 2.02239196E+01   4277.6 6.395E+05 2.434E+11 6.560E-03 7.677E-03 2.000E+05 3.975E+07 2.392E+04 5.737E+05
 2.20071602E+01   4351.2 6.959E+05 3.499E+11 9.221E-03 1.040E-02 2.000E+05 3.519E+07 2.110E+04 5.834E+05
 2.38572860E+01   4388.8 7.544E+05 4.266E+11 1.105E-02 1.213E-02 2.000E+05 6.562E+07 0.000E+00 5.872E+05
 2.57832155E+01   4457.3 8.153E+05 5.891E+11 1.491E-02 1.573E-02 2.000E+05 1.176E+08 3.632E+04 5.960E+05
 2.77704735E+01   4508.9 8.781E+05 7.523E+11 1.866E-02 1.889E-02 2.000E+05 1.542E+08 1.790E+04 6.021E+05
 2.98662955E+01   4570.4 9.444E+05 9.931E+11 2.404E-02 2.313E-02 2.000E+05 2.403E+08 4.133E+04 6.098E+05
 3.20166848E+01   4637.4 1.012E+06 1.328E+12 3.129E-02 2.823E-02 2.000E+05 3.239E+08 3.735E+04 6.184E+05
 3.42539624E+01   4699.4 1.083E+06 1.728E+12 3.963E-02 3.307E-02 2.000E+05 4.424E+08 4.511E+04 6.262E+05
 3.65629060E+01   4775.3 1.156E+06 2.348E+12 5.208E-02 3.939E-02 2.000E+05 5.839E+08 5.026E+04 6.362E+05
 3.89434745E+01   4845.4 1.231E+06 3.095E+12 6.648E-02 4.458E-02 2.000E+05 7.396E+08 5.116E+04 6.452E+05
 4.14075486E+01   4925.4 1.309E+06 4.184E+12 8.659E-02 5.018E-02 2.000E+05 9.361E+08 6.001E+04 6.558E+05
 4.39328041E+01   5008.0 1.389E+06 5.648E+12 1.124E-01 5.460E-02 2.000E+05 1.117E+09 5.981E+04 6.667E+05
 4.65418919E+01   5091.5 1.472E+06 7.570E+12 1.445E-01 5.750E-02 2.000E+05 1.324E+09 6.680E+04 6.777E+05
 4.92180485E+01   5185.9 1.556E+06 1.039E+13 1.893E-01 6.008E-02 2.000E+05 1.506E+09 6.856E+04 6.902E+05
 5.19777927E+01   5276.1 1.644E+06 1.393E+13 2.423E-01 6.065E-02 2.000E+05 1.664E+09 7.145E+04 7.018E+05
 5.48230611E+01   5378.8 1.734E+06 1.916E+13 3.161E-01 6.232E-02 2.000E+05 1.809E+09 7.460E+04 7.150E+05
 5.77603855E+01   5478.5 1.827E+06 2.583E+13 4.048E-01 6.278E-02 2.000E+05 1.910E+09 7.503E+04 7.274E+05
 6.08038757E+01   5587.7 1.923E+06 3.533E+13 5.235E-01 6.509E-02 2.000E+05 1.993E+09 7.767E+04 7.407E+05
 6.39594212E+01   5697.2 2.023E+06 4.783E+13 6.699E-01 6.674E-02 2.000E+05 2.060E+09 7.735E+04 7.534E+05
 6.72455548E+01   5813.0 2.126E+06 6.501E+13 8.586E-01 7.038E-02 2.000E+05 2.099E+09 7.948E+04 7.663E+05
 7.06692827E+01   5932.7 2.235E+06 8.818E+13 1.097E+00 7.321E-02 2.000E+05 2.136E+09 7.794E+04 7.790E+05
 7.42561492E+01   6054.7 2.348E+06 1.189E+14 1.393E+00 7.739E-02 2.000E+05 2.172E+09 8.074E+04 7.912E+05
 7.80083204E+01   6185.9 2.467E+06 1.617E+14 1.779E+00 8.076E-02 2.000E+05 2.177E+09 7.812E+04 8.037E+05
 8.19606936E+01   6313.4 2.592E+06 2.157E+14 2.236E+00 8.411E-02 2.000E+05 2.215E+09 8.014E+04 8.150E+05
 8.61184109E+01   6456.1 2.723E+06 2.933E+14 2.852E+00 8.918E-02 2.000E+05 2.223E+09 7.952E+04 8.271E+05
 9.05119839E+01   6591.9 2.862E+06 3.891E+14 3.567E+00 9.097E-02 2.000E+05 2.223E+09 7.778E+04 8.377E+05
 9.51655241E+01   6742.4 3.009E+06 5.246E+14 4.518E+00 9.669E-02 2.000E+05 2.269E+09 8.007E+04 8.489E+05
 1.00084331E+02   6889.9 3.165E+06 6.956E+14 5.652E+00 1.072E-01 2.000E+05 2.224E+09 7.737E+04 8.592E+05
PRADK 6.6300E-01
BEGIN                    ITERATION  15 COMPLETED
