TEFF   6500.  GRAVITY 5.00000 LTE 
TITLE  [0.0] VTURB=2  L/H=1.25 NOVER NEW ODF                                    
 OPACITY IFOP 1 1 1 1 1 1 1 1 1 1 1 1 1 0 1 0 0 0 0 0
 CONVECTION ON   1.25 TURBULENCE OFF  0.00  0.00  0.00  0.00
ABUNDANCE SCALE   1.00000 ABUNDANCE CHANGE 1 0.92040 2 0.07834
 ABUNDANCE CHANGE  3 -10.94  4 -10.64  5  -9.49  6  -3.52  7  -4.12  8  -3.21
 ABUNDANCE CHANGE  9  -7.48 10  -3.96 11  -5.71 12  -4.46 13  -5.57 14  -4.49
 ABUNDANCE CHANGE 15  -6.59 16  -4.71 17  -6.54 18  -5.64 19  -6.92 20  -5.68
 ABUNDANCE CHANGE 21  -8.87 22  -7.02 23  -8.04 24  -6.37 25  -6.65 26  -4.54
 ABUNDANCE CHANGE 27  -7.12 28  -5.79 29  -7.83 30  -7.44 31  -9.16 32  -8.63
 ABUNDANCE CHANGE 33  -9.67 34  -8.63 35  -9.41 36  -8.73 37  -9.44 38  -9.07
 ABUNDANCE CHANGE 39  -9.80 40  -9.44 41 -10.62 42 -10.12 43 -20.00 44 -10.20
 ABUNDANCE CHANGE 45 -10.92 46 -10.35 47 -11.10 48 -10.27 49 -10.38 50 -10.04
 ABUNDANCE CHANGE 51 -11.04 52  -9.80 53 -10.53 54  -9.87 55 -10.91 56  -9.91
 ABUNDANCE CHANGE 57 -10.87 58 -10.46 59 -11.33 60 -10.54 61 -20.00 62 -11.03
 ABUNDANCE CHANGE 63 -11.53 64 -10.92 65 -11.69 66 -10.90 67 -11.78 68 -11.11
 ABUNDANCE CHANGE 69 -12.04 70 -10.96 71 -11.98 72 -11.16 73 -12.17 74 -10.93
 ABUNDANCE CHANGE 75 -11.76 76 -10.59 77 -10.69 78 -10.24 79 -11.03 80 -10.91
 ABUNDANCE CHANGE 81 -11.14 82 -10.09 83 -11.33 84 -20.00 85 -20.00 86 -20.00
 ABUNDANCE CHANGE 87 -20.00 88 -20.00 89 -20.00 90 -11.95 91 -20.00 92 -12.54
 ABUNDANCE CHANGE 93 -20.00 94 -20.00 95 -20.00 96 -20.00 97 -20.00 98 -20.00
 ABUNDANCE CHANGE 99 -20.00
READ DECK6 72 RHOX,T,P,XNE,ABROSS,ACCRAD,VTURB
 3.26324081E-04   4230.2 3.263E+01 6.147E+09 4.086E-04 1.600E-01 2.000E+05 0.000E+00 0.000E+00 0.000E+00
 4.25799392E-04   4246.2 4.258E+01 7.901E+09 4.856E-04 1.742E-01 2.000E+05 0.000E+00 0.000E+00 0.000E+00
 5.38252572E-04   4261.5 5.383E+01 9.867E+09 5.693E-04 1.856E-01 2.000E+05 0.000E+00 0.000E+00 0.000E+00
 6.66738896E-04   4278.6 6.667E+01 1.210E+10 6.618E-04 1.948E-01 2.000E+05 0.000E+00 0.000E+00 0.000E+00
 8.14520477E-04   4297.4 8.145E+01 1.466E+10 7.650E-04 2.014E-01 2.000E+05 0.000E+00 0.000E+00 0.000E+00
 9.85397620E-04   4317.6 9.854E+01 1.761E+10 8.806E-04 2.057E-01 2.000E+05 0.000E+00 0.000E+00 0.000E+00
 1.18358125E-03   4339.4 1.184E+02 2.102E+10 1.012E-03 2.106E-01 2.000E+05 0.000E+00 0.000E+00 0.000E+00
 1.41392337E-03   4362.5 1.414E+02 2.498E+10 1.160E-03 2.138E-01 2.000E+05 0.000E+00 0.000E+00 0.000E+00
 1.68120214E-03   4387.3 1.681E+02 2.957E+10 1.336E-03 2.200E-01 2.000E+05 0.000E+00 0.000E+00 0.000E+00
 1.99089391E-03   4413.5 1.991E+02 3.488E+10 1.536E-03 2.247E-01 2.000E+05 0.000E+00 0.000E+00 0.000E+00
 2.35023792E-03   4440.6 2.350E+02 4.105E+10 1.764E-03 2.273E-01 2.000E+05 0.000E+00 0.000E+00 0.000E+00
 2.76771503E-03   4468.4 2.768E+02 4.822E+10 2.024E-03 2.282E-01 2.000E+05 0.000E+00 0.000E+00 0.000E+00
 3.25317483E-03   4496.4 3.253E+02 5.656E+10 2.320E-03 2.282E-01 2.000E+05 0.000E+00 0.000E+00 0.000E+00
 3.81776311E-03   4524.6 3.818E+02 6.625E+10 2.661E-03 2.297E-01 2.000E+05 0.000E+00 0.000E+00 0.000E+00
 4.47429090E-03   4552.8 4.474E+02 7.752E+10 3.051E-03 2.306E-01 2.000E+05 0.000E+00 0.000E+00 0.000E+00
 5.23880341E-03   4580.6 5.239E+02 9.061E+10 3.489E-03 2.301E-01 2.000E+05 0.000E+00 0.000E+00 0.000E+00
 6.13271153E-03   4608.0 6.133E+02 1.059E+11 3.971E-03 2.273E-01 2.000E+05 0.000E+00 0.000E+00 0.000E+00
 7.17967976E-03   4635.2 7.180E+02 1.237E+11 4.523E-03 2.242E-01 2.000E+05 0.000E+00 0.000E+00 0.000E+00
 8.40516725E-03   4662.2 8.405E+02 1.445E+11 5.154E-03 2.211E-01 2.000E+05 0.000E+00 0.000E+00 0.000E+00
 9.83917926E-03   4689.0 9.839E+02 1.687E+11 5.874E-03 2.181E-01 2.000E+05 0.000E+00 0.000E+00 0.000E+00
 1.15159932E-02   4715.7 1.152E+03 1.970E+11 6.703E-03 2.177E-01 2.000E+05 0.000E+00 0.000E+00 0.000E+00
 1.34753108E-02   4742.6 1.348E+03 2.299E+11 7.651E-03 2.179E-01 2.000E+05 0.000E+00 0.000E+00 0.000E+00
 1.57644096E-02   4769.8 1.576E+03 2.684E+11 8.735E-03 2.183E-01 2.000E+05 0.000E+00 0.000E+00 0.000E+00
 1.84353078E-02   4797.4 1.844E+03 3.131E+11 9.994E-03 2.214E-01 2.000E+05 0.000E+00 0.000E+00 0.000E+00
 2.15441482E-02   4825.4 2.154E+03 3.653E+11 1.146E-02 2.282E-01 2.000E+05 0.000E+00 0.000E+00 0.000E+00
 2.51589733E-02   4854.5 2.516E+03 4.261E+11 1.314E-02 2.346E-01 2.000E+05 0.000E+00 0.000E+00 0.000E+00
 2.93656096E-02   4884.3 2.937E+03 4.972E+11 1.505E-02 2.406E-01 2.000E+05 0.000E+00 0.000E+00 0.000E+00
 3.42623244E-02   4915.0 3.426E+03 5.802E+11 1.724E-02 2.476E-01 2.000E+05 0.000E+00 0.000E+00 0.000E+00
 3.99617445E-02   4946.3 3.996E+03 6.772E+11 1.976E-02 2.557E-01 2.000E+05 0.000E+00 0.000E+00 0.000E+00
 4.65948633E-02   4978.1 4.659E+03 7.907E+11 2.264E-02 2.642E-01 2.000E+05 0.000E+00 0.000E+00 0.000E+00
 5.43164232E-02   5010.4 5.432E+03 9.232E+11 2.594E-02 2.729E-01 2.000E+05 0.000E+00 0.000E+00 0.000E+00
 6.32955788E-02   5042.3 6.330E+03 1.077E+12 2.977E-02 2.864E-01 2.000E+05 0.000E+00 0.000E+00 0.000E+00
 7.37296106E-02   5074.9 7.373E+03 1.257E+12 3.415E-02 3.008E-01 2.000E+05 0.000E+00 0.000E+00 0.000E+00
 8.58629346E-02   5107.6 8.586E+03 1.467E+12 3.915E-02 3.161E-01 2.000E+05 0.000E+00 0.000E+00 0.000E+00
 9.99824424E-02   5140.4 9.998E+03 1.712E+12 4.485E-02 3.328E-01 2.000E+05 0.000E+00 0.000E+00 0.000E+00
 1.16406309E-01   5173.4 1.164E+04 1.997E+12 5.145E-02 3.544E-01 2.000E+05 0.000E+00 0.000E+00 0.000E+00
 1.35501388E-01   5206.8 1.355E+04 2.331E+12 5.900E-02 3.785E-01 2.000E+05 0.000E+00 0.000E+00 0.000E+00
 1.57707944E-01   5240.4 1.577E+04 2.720E+12 6.765E-02 4.057E-01 2.000E+05 0.000E+00 0.000E+00 0.000E+00
 1.83536551E-01   5274.5 1.835E+04 3.174E+12 7.756E-02 4.363E-01 2.000E+05 0.000E+00 0.000E+00 0.000E+00
 2.13579811E-01   5309.2 2.136E+04 3.707E+12 8.891E-02 4.712E-01 2.000E+05 0.000E+00 0.000E+00 0.000E+00
 2.48524747E-01   5345.0 2.485E+04 4.333E+12 1.020E-01 5.110E-01 2.000E+05 0.000E+00 0.000E+00 0.000E+00
 2.89132080E-01   5382.3 2.891E+04 5.071E+12 1.171E-01 5.585E-01 2.000E+05 0.000E+00 0.000E+00 0.000E+00
 3.36194812E-01   5422.2 3.362E+04 5.950E+12 1.350E-01 6.194E-01 2.000E+05 0.000E+00 0.000E+00 0.000E+00
 3.90518167E-01   5466.6 3.905E+04 7.012E+12 1.562E-01 6.925E-01 2.000E+05 0.000E+00 0.000E+00 0.000E+00
 4.53034446E-01   5516.0 4.530E+04 8.308E+12 1.813E-01 7.768E-01 2.000E+05 0.000E+00 0.000E+00 0.000E+00
 5.24751489E-01   5571.5 5.247E+04 9.915E+12 2.112E-01 8.758E-01 2.000E+05 0.000E+00 0.000E+00 0.000E+00
 6.06647857E-01   5634.5 6.066E+04 1.194E+13 2.473E-01 9.938E-01 2.000E+05 0.000E+00 0.000E+00 0.000E+00
 6.99603012E-01   5706.3 6.996E+04 1.456E+13 2.916E-01 1.137E+00 2.000E+05 0.000E+00 0.000E+00 0.000E+00
 8.04072885E-01   5789.8 8.041E+04 1.805E+13 3.484E-01 1.324E+00 2.000E+05 0.000E+00 0.000E+00 0.000E+00
 9.19551696E-01   5888.6 9.195E+04 2.290E+13 4.245E-01 1.580E+00 2.000E+05 0.000E+00 0.000E+00 0.000E+00
 1.04468972E+00   6005.2 1.045E+05 2.988E+13 5.277E-01 1.925E+00 2.000E+05 0.000E+00 0.000E+00 0.000E+00
 1.17741066E+00   6142.8 1.177E+05 4.030E+13 6.719E-01 2.407E+00 2.000E+05 0.000E+00 0.000E+00 0.000E+00
 1.31381854E+00   6307.5 1.314E+05 5.669E+13 8.888E-01 3.144E+00 2.000E+05 0.000E+00 0.000E+00 0.000E+00
 1.44909370E+00   6502.0 1.449E+05 8.323E+13 1.216E+00 4.257E+00 2.000E+05 0.000E+00 0.000E+00 0.000E+00
 1.57794842E+00   6737.8 1.578E+05 1.290E+14 1.743E+00 6.059E+00 2.000E+05 3.229E-05 1.018E+04 0.000E+00
 1.69509340E+00   7017.7 1.695E+05 2.094E+14 2.616E+00 9.032E+00 2.000E+05 1.681E-03 3.713E+04 0.000E+00
 1.79632050E+00   7352.8 1.796E+05 3.567E+14 4.149E+00 1.407E+01 2.000E+05 1.882E-02 8.105E+04 0.000E+00
 1.87926489E+00   7739.4 1.879E+05 6.232E+14 6.858E+00 2.170E+01 2.000E+05 6.152E-02 1.160E+05 0.000E+00
 1.94723610E+00   8109.1 1.947E+05 1.013E+15 1.086E+01 2.881E+01 2.000E+05 2.239E-01 1.742E+05 0.000E+00
 2.00715530E+00   8415.5 2.007E+05 1.472E+15 1.574E+01 3.156E+01 2.000E+05 4.097E-01 2.074E+05 0.000E+00
 2.06413868E+00   8677.9 2.064E+05 1.988E+15 2.144E+01 3.095E+01 2.000E+05 5.726E-01 2.260E+05 0.000E+00
 2.12118567E+00   8909.6 2.121E+05 2.560E+15 2.799E+01 2.874E+01 2.000E+05 6.925E-01 2.340E+05 0.000E+00
 2.18041581E+00   9119.2 2.180E+05 3.187E+15 3.545E+01 2.644E+01 2.000E+05 7.780E-01 2.377E+05 0.000E+00
 2.24335726E+00   9317.3 2.243E+05 3.890E+15 4.410E+01 2.431E+01 2.000E+05 8.355E-01 2.371E+05 0.000E+00
 2.31155384E+00   9502.4 2.311E+05 4.659E+15 5.379E+01 2.263E+01 2.000E+05 8.756E-01 2.361E+05 0.000E+00
 2.38627085E+00   9687.3 2.386E+05 5.546E+15 6.527E+01 2.115E+01 2.000E+05 9.041E-01 2.332E+05 0.000E+00
 2.46907104E+00   9862.2 2.469E+05 6.514E+15 7.800E+01 1.974E+01 2.000E+05 9.248E-01 2.300E+05 0.000E+00
 2.56143784E+00  10043.2 2.561E+05 7.654E+15 9.325E+01 1.876E+01 2.000E+05 9.411E-01 2.280E+05 0.000E+00
 2.66506903E+00  10218.7 2.665E+05 8.918E+15 1.103E+02 1.733E+01 2.000E+05 9.525E-01 2.221E+05 0.000E+00
 2.78212022E+00  10396.8 2.782E+05 1.037E+16 1.301E+02 1.660E+01 2.000E+05 9.632E-01 2.219E+05 0.000E+00
 2.91427578E+00  10582.6 2.914E+05 1.209E+16 1.537E+02 1.539E+01 2.000E+05 9.697E-01 2.149E+05 0.000E+00
 3.06465591E+00  10756.7 3.064E+05 1.394E+16 1.789E+02 1.529E+01 2.000E+05 9.749E-01 2.130E+05 0.000E+00
PRADK 2.3837E+00
BEGIN                    ITERATION  15 COMPLETED
