TEFF   4250.  GRAVITY 0.50000 LTE 
TITLE  [0.0a] VTURB=2  L/H=1.25 NOVER NEW ODF                                   
 OPACITY IFOP 1 1 1 1 1 1 1 1 1 1 1 1 1 0 1 0 0 0 0 0
 CONVECTION ON   1.25 TURBULENCE OFF  0.00  0.00  0.00  0.00
ABUNDANCE SCALE   1.00000 ABUNDANCE CHANGE 1 0.91930 2 0.07824
 ABUNDANCE CHANGE  3 -10.94  4 -10.64  5  -9.49  6  -3.52  7  -4.12  8  -2.81
 ABUNDANCE CHANGE  9  -7.48 10  -3.56 11  -5.71 12  -4.06 13  -5.57 14  -4.09
 ABUNDANCE CHANGE 15  -6.59 16  -4.31 17  -6.54 18  -5.24 19  -6.92 20  -5.28
 ABUNDANCE CHANGE 21  -8.87 22  -6.62 23  -8.04 24  -6.37 25  -6.65 26  -4.54
 ABUNDANCE CHANGE 27  -7.12 28  -5.79 29  -7.83 30  -7.44 31  -9.16 32  -8.63
 ABUNDANCE CHANGE 33  -9.67 34  -8.63 35  -9.41 36  -8.73 37  -9.44 38  -9.07
 ABUNDANCE CHANGE 39  -9.80 40  -9.44 41 -10.62 42 -10.12 43 -20.00 44 -10.20
 ABUNDANCE CHANGE 45 -10.92 46 -10.35 47 -11.10 48 -10.27 49 -10.38 50 -10.04
 ABUNDANCE CHANGE 51 -11.04 52  -9.80 53 -10.53 54  -9.87 55 -10.91 56  -9.91
 ABUNDANCE CHANGE 57 -10.87 58 -10.46 59 -11.33 60 -10.54 61 -20.00 62 -11.03
 ABUNDANCE CHANGE 63 -11.53 64 -10.92 65 -11.69 66 -10.90 67 -11.78 68 -11.11
 ABUNDANCE CHANGE 69 -12.04 70 -10.96 71 -11.98 72 -11.16 73 -12.17 74 -10.93
 ABUNDANCE CHANGE 75 -11.76 76 -10.59 77 -10.69 78 -10.24 79 -11.03 80 -10.91
 ABUNDANCE CHANGE 81 -11.14 82 -10.09 83 -11.33 84 -20.00 85 -20.00 86 -20.00
 ABUNDANCE CHANGE 87 -20.00 88 -20.00 89 -20.00 90 -11.95 91 -20.00 92 -12.54
 ABUNDANCE CHANGE 93 -20.00 94 -20.00 95 -20.00 96 -20.00 97 -20.00 98 -20.00
 ABUNDANCE CHANGE 99 -20.00
READ DECK6 72 RHOX,T,P,XNE,ABROSS,ACCRAD,VTURB, FLXCNV,VCONV,VELSND
 6.42551282E-03   2326.1 2.028E-02 8.284E+05 2.075E-05 5.700E-03 2.000E+05 0.000E+00 0.000E+00 2.894E+06
 8.54017695E-03   2350.6 2.696E-02 1.121E+06 2.131E-05 5.190E-03 2.000E+05 0.000E+00 0.000E+00 2.533E+06
 1.12881318E-02   2374.3 3.563E-02 1.506E+06 2.186E-05 4.733E-03 2.000E+05 0.000E+00 0.000E+00 2.226E+06
 1.48533497E-02   2398.7 4.689E-02 2.021E+06 2.251E-05 4.308E-03 2.000E+05 0.000E+00 1.667E+05 1.964E+06
 1.94189360E-02   2425.0 6.131E-02 2.716E+06 2.369E-05 3.875E-03 2.000E+05 0.000E+00 1.051E+05 1.744E+06
 2.52382636E-02   2450.4 7.969E-02 3.622E+06 2.458E-05 3.511E-03 2.000E+05 0.000E+00 0.000E+00 1.556E+06
 3.27613333E-02   2475.4 1.035E-01 4.816E+06 2.528E-05 3.196E-03 2.000E+05 0.000E+00 0.000E+00 1.393E+06
 4.24487676E-02   2500.8 1.341E-01 6.400E+06 2.635E-05 2.913E-03 2.000E+05 0.000E+00 0.000E+00 1.254E+06
 5.47889276E-02   2527.8 1.731E-01 8.530E+06 2.770E-05 2.650E-03 2.000E+05 0.000E+00 0.000E+00 1.136E+06
 7.04174270E-02   2555.0 2.224E-01 1.133E+07 2.917E-05 2.414E-03 2.000E+05 0.000E+00 0.000E+00 1.036E+06
 9.03347035E-02   2581.3 2.854E-01 1.497E+07 3.037E-05 2.216E-03 2.000E+05 0.000E+00 0.000E+00 9.514E+05
 1.15759669E-01   2607.4 3.657E-01 1.972E+07 3.183E-05 2.044E-03 2.000E+05 0.000E+00 0.000E+00 8.794E+05
 1.47999301E-01   2634.2 4.676E-01 2.597E+07 3.360E-05 1.898E-03 2.000E+05 0.000E+00 0.000E+00 8.193E+05
 1.88295207E-01   2663.1 5.950E-01 3.435E+07 3.621E-05 1.762E-03 2.000E+05 0.000E+00 0.000E+00 7.705E+05
 2.38361234E-01   2690.7 7.532E-01 4.496E+07 3.860E-05 1.641E-03 2.000E+05 0.000E+00 0.000E+00 7.303E+05
 3.01330371E-01   2717.8 9.522E-01 5.859E+07 4.084E-05 1.535E-03 2.000E+05 0.000E+00 0.000E+00 6.971E+05
 3.80194375E-01   2745.6 1.201E+00 7.634E+07 4.378E-05 1.442E-03 2.000E+05 0.000E+00 0.000E+00 6.701E+05
 4.77024554E-01   2776.1 1.508E+00 1.000E+08 4.808E-05 1.360E-03 2.000E+05 0.000E+00 0.000E+00 6.492E+05
 5.94418160E-01   2806.5 1.879E+00 1.301E+08 5.287E-05 1.284E-03 2.000E+05 0.000E+00 0.000E+00 6.329E+05
 7.37322395E-01   2836.3 2.330E+00 1.681E+08 5.768E-05 1.211E-03 2.000E+05 0.000E+00 0.000E+00 6.201E+05
 9.12585195E-01   2866.1 2.884E+00 2.164E+08 6.267E-05 1.145E-03 2.000E+05 0.000E+00 0.000E+00 6.100E+05
 1.12514043E+00   2898.4 3.556E+00 2.800E+08 6.986E-05 1.095E-03 2.000E+05 0.000E+00 0.000E+00 6.027E+05
 1.37589758E+00   2932.7 4.349E+00 3.621E+08 7.973E-05 1.057E-03 2.000E+05 0.000E+00 0.000E+00 5.978E+05
 1.67021359E+00   2965.7 5.279E+00 4.626E+08 9.004E-05 1.018E-03 2.000E+05 0.000E+00 0.000E+00 5.943E+05
 2.01930336E+00   2998.4 6.383E+00 5.875E+08 1.010E-04 9.825E-04 2.000E+05 0.000E+00 0.000E+00 5.919E+05
 2.43260203E+00   3032.3 7.690E+00 7.453E+08 1.142E-04 9.592E-04 2.000E+05 0.000E+00 0.000E+00 5.907E+05
 2.91542532E+00   3067.8 9.216E+00 9.448E+08 1.314E-04 9.498E-04 2.000E+05 0.000E+00 0.000E+00 5.904E+05
 3.47479550E+00   3102.8 1.098E+01 1.188E+09 1.513E-04 9.432E-04 2.000E+05 0.000E+00 0.000E+00 5.907E+05
 4.12310263E+00   3137.9 1.303E+01 1.485E+09 1.740E-04 9.404E-04 2.000E+05 0.000E+00 0.000E+00 5.915E+05
 4.87460017E+00   3173.2 1.541E+01 1.847E+09 2.003E-04 9.442E-04 2.000E+05 0.000E+00 0.000E+00 5.928E+05
 5.74018818E+00   3209.4 1.815E+01 2.291E+09 2.331E-04 9.594E-04 2.000E+05 0.000E+00 0.000E+00 5.945E+05
 6.73486173E+00   3244.6 2.129E+01 2.816E+09 2.697E-04 9.750E-04 2.000E+05 0.000E+00 0.000E+00 5.963E+05
 7.88327206E+00   3279.5 2.492E+01 3.444E+09 3.111E-04 9.946E-04 2.000E+05 0.000E+00 0.000E+00 5.983E+05
 9.21222642E+00   3314.3 2.912E+01 4.193E+09 3.583E-04 1.021E-03 2.000E+05 0.000E+00 0.000E+00 6.005E+05
 1.07424422E+01   3350.4 3.396E+01 5.100E+09 4.169E-04 1.061E-03 2.000E+05 0.000E+00 0.000E+00 6.029E+05
 1.24976864E+01   3385.9 3.951E+01 6.167E+09 4.843E-04 1.107E-03 2.000E+05 0.000E+00 0.000E+00 6.054E+05
 1.45146387E+01   3421.8 4.588E+01 7.432E+09 5.615E-04 1.163E-03 2.000E+05 0.000E+00 0.000E+00 6.079E+05
 1.68365354E+01   3457.7 5.322E+01 8.927E+09 6.497E-04 1.240E-03 2.000E+05 0.000E+00 0.000E+00 6.106E+05
 1.95640111E+01   3497.7 6.185E+01 1.080E+10 7.227E-04 1.110E-03 2.000E+05 0.000E+00 0.000E+00 6.137E+05
 2.28589252E+01   3527.3 7.226E+01 1.281E+10 7.950E-04 1.045E-03 2.000E+05 0.000E+00 0.000E+00 6.157E+05
 2.68399866E+01   3553.4 8.485E+01 1.513E+10 8.803E-04 1.045E-03 2.000E+05 0.000E+00 0.000E+00 6.175E+05
 3.16177340E+01   3578.5 9.995E+01 1.785E+10 9.812E-04 1.080E-03 2.000E+05 0.000E+00 0.000E+00 6.192E+05
 3.73193321E+01   3602.1 1.180E+02 2.103E+10 1.099E-03 1.148E-03 2.000E+05 0.000E+00 0.000E+00 6.208E+05
 4.40695476E+01   3631.8 1.393E+02 2.505E+10 1.246E-03 1.234E-03 2.000E+05 0.000E+00 0.000E+00 6.229E+05
 5.18494856E+01   3658.8 1.639E+02 2.958E+10 1.473E-03 1.438E-03 2.000E+05 0.000E+00 0.000E+00 6.249E+05
 6.05485520E+01   3692.8 1.914E+02 3.513E+10 1.770E-03 1.704E-03 2.000E+05 0.000E+00 0.000E+00 6.275E+05
 7.01079587E+01   3734.9 2.216E+02 4.196E+10 2.170E-03 2.066E-03 2.000E+05 0.000E+00 0.000E+00 6.309E+05
 8.03009486E+01   3789.6 2.538E+02 5.054E+10 2.738E-03 2.647E-03 2.000E+05 0.000E+00 0.000E+00 6.353E+05
 9.12943821E+01   3866.7 2.886E+02 6.205E+10 3.325E-03 3.029E-03 2.000E+05 0.000E+00 0.000E+00 6.414E+05
 1.03517355E+02   3948.1 3.272E+02 7.557E+10 3.947E-03 3.362E-03 2.000E+05 0.000E+00 0.000E+00 6.475E+05
 1.17354299E+02   4038.2 3.709E+02 9.183E+10 4.620E-03 3.700E-03 2.000E+05 0.000E+00 0.000E+00 6.542E+05
 1.33197793E+02   4138.7 4.209E+02 1.113E+11 5.355E-03 4.059E-03 2.000E+05 0.000E+00 0.000E+00 6.620E+05
 1.51612731E+02   4251.7 4.791E+02 1.343E+11 6.082E-03 4.376E-03 2.000E+05 0.000E+00 0.000E+00 6.716E+05
 1.73378123E+02   4379.5 5.478E+02 1.612E+11 6.832E-03 4.698E-03 2.000E+05 0.000E+00 0.000E+00 6.832E+05
 1.99208156E+02   4528.3 6.294E+02 1.924E+11 7.675E-03 5.165E-03 2.000E+05 0.000E+00 0.000E+00 6.964E+05
 2.30540722E+02   4697.3 7.283E+02 2.312E+11 8.289E-03 5.349E-03 2.000E+05 0.000E+00 0.000E+00 7.102E+05
 2.68547183E+02   4888.8 8.482E+02 2.902E+11 9.348E-03 5.852E-03 2.000E+05 0.000E+00 0.000E+00 7.238E+05
 3.11221902E+02   5106.5 9.829E+02 4.054E+11 1.181E-02 7.287E-03 2.000E+05 3.033E-03 0.000E+00 7.368E+05
 3.53108441E+02   5356.7 1.115E+03 6.616E+11 1.726E-02 1.050E-02 2.000E+05 1.298E+00 1.775E+02 7.489E+05
 3.88597267E+02   5640.2 1.227E+03 1.234E+12 2.904E-02 1.760E-02 2.000E+05 1.451E+02 1.295E+03 7.584E+05
 4.15175185E+02   5964.6 1.310E+03 2.518E+12 5.413E-02 3.284E-02 2.000E+05 1.404E+04 6.003E+03 7.633E+05
 4.33477996E+02   6329.0 1.367E+03 5.327E+12 1.080E-01 6.586E-02 2.000E+05 5.110E+05 2.629E+04 7.628E+05
 4.45233213E+02   6741.8 1.403E+03 1.144E+13 2.311E-01 1.412E-01 2.000E+05 7.730E+06 8.056E+04 7.607E+05
 4.52296996E+02   7194.3 1.424E+03 2.396E+13 5.213E-01 2.900E-01 2.000E+05 1.410E+08 1.789E+05 7.646E+05
 4.56651402E+02   7601.4 1.436E+03 4.299E+13 1.067E+00 4.184E-01 2.000E+05 5.239E+08 4.460E+05 7.769E+05
 4.59832170E+02   7883.1 1.445E+03 6.186E+13 1.732E+00 3.775E-01 2.000E+05 9.434E+08 5.488E+05 7.906E+05
 4.62743225E+02   8064.2 1.453E+03 7.693E+13 2.344E+00 3.040E-01 2.000E+05 1.163E+09 5.568E+05 8.015E+05
 4.65699963E+02   8217.6 1.462E+03 9.164E+13 3.010E+00 2.684E-01 2.000E+05 1.257E+09 5.686E+05 8.124E+05
 4.68827726E+02   8353.6 1.471E+03 1.063E+14 3.736E+00 2.376E-01 2.000E+05 1.321E+09 5.699E+05 8.231E+05
 4.72229108E+02   8479.3 1.481E+03 1.211E+14 4.537E+00 2.167E-01 2.000E+05 1.358E+09 5.756E+05 8.338E+05
 4.75977070E+02   8604.5 1.492E+03 1.372E+14 5.472E+00 1.971E-01 2.000E+05 1.384E+09 5.719E+05 8.454E+05
 4.80164308E+02   8720.6 1.504E+03 1.533E+14 6.473E+00 1.957E-01 2.000E+05 1.402E+09 5.806E+05 8.570E+05
PRADK 4.3517E-01
BEGIN                    ITERATION  15 COMPLETED
