TEFF   4250.  GRAVITY 4.50000 LTE 
TITLE  [0.0a] VTURB=2  L/H=1.25 NOVER NEW ODF                                   
 OPACITY IFOP 1 1 1 1 1 1 1 1 1 1 1 1 1 0 1 0 0 0 0 0
 CONVECTION ON   1.25 TURBULENCE OFF  0.00  0.00  0.00  0.00
ABUNDANCE SCALE   1.00000 ABUNDANCE CHANGE 1 0.91930 2 0.07824
 ABUNDANCE CHANGE  3 -10.94  4 -10.64  5  -9.49  6  -3.52  7  -4.12  8  -2.81
 ABUNDANCE CHANGE  9  -7.48 10  -3.56 11  -5.71 12  -4.06 13  -5.57 14  -4.09
 ABUNDANCE CHANGE 15  -6.59 16  -4.31 17  -6.54 18  -5.24 19  -6.92 20  -5.28
 ABUNDANCE CHANGE 21  -8.87 22  -6.62 23  -8.04 24  -6.37 25  -6.65 26  -4.54
 ABUNDANCE CHANGE 27  -7.12 28  -5.79 29  -7.83 30  -7.44 31  -9.16 32  -8.63
 ABUNDANCE CHANGE 33  -9.67 34  -8.63 35  -9.41 36  -8.73 37  -9.44 38  -9.07
 ABUNDANCE CHANGE 39  -9.80 40  -9.44 41 -10.62 42 -10.12 43 -20.00 44 -10.20
 ABUNDANCE CHANGE 45 -10.92 46 -10.35 47 -11.10 48 -10.27 49 -10.38 50 -10.04
 ABUNDANCE CHANGE 51 -11.04 52  -9.80 53 -10.53 54  -9.87 55 -10.91 56  -9.91
 ABUNDANCE CHANGE 57 -10.87 58 -10.46 59 -11.33 60 -10.54 61 -20.00 62 -11.03
 ABUNDANCE CHANGE 63 -11.53 64 -10.92 65 -11.69 66 -10.90 67 -11.78 68 -11.11
 ABUNDANCE CHANGE 69 -12.04 70 -10.96 71 -11.98 72 -11.16 73 -12.17 74 -10.93
 ABUNDANCE CHANGE 75 -11.76 76 -10.59 77 -10.69 78 -10.24 79 -11.03 80 -10.91
 ABUNDANCE CHANGE 81 -11.14 82 -10.09 83 -11.33 84 -20.00 85 -20.00 86 -20.00
 ABUNDANCE CHANGE 87 -20.00 88 -20.00 89 -20.00 90 -11.95 91 -20.00 92 -12.54
 ABUNDANCE CHANGE 93 -20.00 94 -20.00 95 -20.00 96 -20.00 97 -20.00 98 -20.00
 ABUNDANCE CHANGE 99 -20.00
READ DECK6 72 RHOX,T,P,XNE,ABROSS,ACCRAD,VTURB, FLXCNV,VCONV,VELSND
 6.00380508E-04   2813.6 1.899E+01 6.570E+08 2.221E-04 2.403E-02 2.000E+05 0.000E+00 0.000E+00 5.251E+05
 7.81840560E-04   2832.9 2.472E+01 8.415E+08 2.681E-04 2.531E-02 2.000E+05 0.000E+00 0.000E+00 5.225E+05
 9.86752124E-04   2851.5 3.120E+01 1.050E+09 3.108E-04 2.587E-02 2.000E+05 0.000E+00 0.000E+00 5.209E+05
 1.22096672E-03   2868.8 3.861E+01 1.287E+09 3.646E-04 2.615E-02 2.000E+05 0.000E+00 0.000E+00 5.196E+05
 1.48912763E-03   2886.1 4.709E+01 1.559E+09 4.220E-04 2.641E-02 2.000E+05 0.000E+00 0.000E+00 5.188E+05
 1.79746663E-03   2903.3 5.684E+01 1.872E+09 4.902E-04 2.654E-02 2.000E+05 0.000E+00 0.000E+00 5.183E+05
 2.15375586E-03   2920.3 6.811E+01 2.234E+09 5.613E-04 2.662E-02 2.000E+05 0.000E+00 0.000E+00 5.180E+05
 2.57122014E-03   2937.4 8.131E+01 2.657E+09 6.354E-04 2.667E-02 2.000E+05 0.000E+00 0.000E+00 5.178E+05
 3.06616972E-03   2954.8 9.696E+01 3.160E+09 7.123E-04 2.668E-02 2.000E+05 0.000E+00 0.000E+00 5.178E+05
 3.65086874E-03   2971.9 1.155E+02 3.749E+09 8.090E-04 2.655E-02 2.000E+05 0.000E+00 0.000E+00 5.177E+05
 4.33764434E-03   2989.5 1.372E+02 4.443E+09 9.170E-04 2.641E-02 2.000E+05 0.000E+00 0.000E+00 5.178E+05
 5.14799688E-03   3007.6 1.628E+02 5.267E+09 1.034E-03 2.629E-02 2.000E+05 0.000E+00 0.000E+00 5.180E+05
 6.10531893E-03   3026.4 1.931E+02 6.247E+09 1.169E-03 2.614E-02 2.000E+05 0.000E+00 0.000E+00 5.184E+05
 7.23120591E-03   3045.5 2.287E+02 7.403E+09 1.329E-03 2.591E-02 2.000E+05 0.000E+00 0.000E+00 5.189E+05
 8.55644150E-03   3064.6 2.706E+02 8.764E+09 1.498E-03 2.567E-02 2.000E+05 0.000E+00 0.000E+00 5.194E+05
 1.01305489E-02   3083.8 3.204E+02 1.038E+10 1.679E-03 2.539E-02 2.000E+05 0.000E+00 0.000E+00 5.199E+05
 1.19894025E-02   3102.8 3.791E+02 1.227E+10 1.909E-03 2.505E-02 2.000E+05 0.000E+00 0.000E+00 5.202E+05
 1.41723328E-02   3121.9 4.482E+02 1.449E+10 2.163E-03 2.480E-02 2.000E+05 0.000E+00 0.000E+00 5.207E+05
 1.67441031E-02   3141.1 5.295E+02 1.711E+10 2.446E-03 2.462E-02 2.000E+05 0.000E+00 0.000E+00 5.211E+05
 1.97817080E-02   3160.7 6.256E+02 2.020E+10 2.761E-03 2.452E-02 2.000E+05 0.000E+00 0.000E+00 5.215E+05
 2.33472318E-02   3180.3 7.383E+02 2.383E+10 3.155E-03 2.450E-02 2.000E+05 0.000E+00 0.000E+00 5.220E+05
 2.75191179E-02   3199.6 8.702E+02 2.804E+10 3.582E-03 2.453E-02 2.000E+05 0.000E+00 0.000E+00 5.224E+05
 3.24331803E-02   3218.6 1.026E+03 3.296E+10 4.051E-03 2.460E-02 2.000E+05 0.000E+00 0.000E+00 5.227E+05
 3.81960238E-02   3236.9 1.208E+03 3.864E+10 4.629E-03 2.473E-02 2.000E+05 0.000E+00 0.000E+00 5.228E+05
 4.49278202E-02   3255.3 1.421E+03 4.524E+10 5.275E-03 2.497E-02 2.000E+05 0.000E+00 0.000E+00 5.230E+05
 5.28150387E-02   3273.8 1.670E+03 5.293E+10 5.997E-03 2.530E-02 2.000E+05 0.000E+00 0.000E+00 5.231E+05
 6.20756294E-02   3292.5 1.963E+03 6.192E+10 6.805E-03 2.570E-02 2.000E+05 0.000E+00 0.000E+00 5.233E+05
 7.29744172E-02   3311.5 2.308E+03 7.247E+10 7.709E-03 2.617E-02 2.000E+05 0.000E+00 0.000E+00 5.235E+05
 8.57296913E-02   3330.3 2.711E+03 8.470E+10 8.829E-03 2.687E-02 2.000E+05 0.000E+00 0.000E+00 5.237E+05
 1.00633518E-01   3348.7 3.182E+03 9.881E+10 1.005E-02 2.761E-02 2.000E+05 0.000E+00 0.000E+00 5.238E+05
 1.18023992E-01   3365.6 3.732E+03 1.147E+11 1.152E-02 2.856E-02 2.000E+05 0.000E+00 0.000E+00 5.235E+05
 1.38257224E-01   3382.4 4.372E+03 1.330E+11 1.319E-02 2.974E-02 2.000E+05 0.000E+00 0.000E+00 5.233E+05
 1.61858066E-01   3399.0 5.118E+03 1.541E+11 1.506E-02 3.112E-02 2.000E+05 0.000E+00 0.000E+00 5.230E+05
 1.89438508E-01   3415.7 5.991E+03 1.784E+11 1.717E-02 3.272E-02 2.000E+05 0.000E+00 0.000E+00 5.228E+05
 2.21735218E-01   3432.7 7.012E+03 2.067E+11 1.954E-02 3.454E-02 2.000E+05 0.000E+00 0.000E+00 5.226E+05
 2.59631266E-01   3450.2 8.210E+03 2.396E+11 2.218E-02 3.658E-02 2.000E+05 0.000E+00 0.000E+00 5.225E+05
 3.04270594E-01   3468.7 9.622E+03 2.785E+11 2.500E-02 3.863E-02 2.000E+05 0.000E+00 0.000E+00 5.225E+05
 3.58729278E-01   3488.9 1.134E+04 3.260E+11 2.666E-02 3.770E-02 2.000E+05 0.000E+00 0.000E+00 5.228E+05
 4.26214546E-01   3507.3 1.348E+04 3.821E+11 2.893E-02 3.808E-02 2.000E+05 0.000E+00 0.000E+00 5.225E+05
 5.09072164E-01   3526.6 1.610E+04 4.503E+11 3.140E-02 3.897E-02 2.000E+05 0.000E+00 0.000E+00 5.222E+05
 6.10789183E-01   3546.7 1.931E+04 5.330E+11 3.412E-02 4.036E-02 2.000E+05 0.000E+00 0.000E+00 5.220E+05
 7.35824854E-01   3569.4 2.327E+04 6.356E+11 3.696E-02 4.199E-02 2.000E+05 0.000E+00 0.000E+00 5.221E+05
 8.89634976E-01   3594.3 2.813E+04 7.628E+11 4.013E-02 4.403E-02 2.000E+05 0.000E+00 0.000E+00 5.225E+05
 1.07795740E+00   3621.9 3.409E+04 9.209E+11 4.387E-02 4.652E-02 2.000E+05 0.000E+00 0.000E+00 5.233E+05
 1.29764852E+00   3653.9 4.103E+04 1.115E+12 5.275E-02 5.344E-02 2.000E+05 0.000E+00 0.000E+00 5.250E+05
 1.53629366E+00   3690.2 4.858E+04 1.345E+12 6.556E-02 6.321E-02 2.000E+05 0.000E+00 0.000E+00 5.277E+05
 1.79177781E+00   3734.4 5.666E+04 1.629E+12 8.174E-02 7.497E-02 2.000E+05 0.000E+00 0.000E+00 5.321E+05
 2.06341338E+00   3787.1 6.525E+04 1.986E+12 1.024E-01 8.996E-02 2.000E+05 0.000E+00 0.000E+00 5.381E+05
 2.36653467E+00   3853.5 7.484E+04 2.480E+12 1.175E-01 1.005E-01 2.000E+05 0.000E+00 0.000E+00 5.466E+05
 2.71973581E+00   3932.9 8.601E+04 3.180E+12 1.344E-01 1.122E-01 2.000E+05 0.000E+00 0.000E+00 5.572E+05
 3.12374119E+00   4021.7 9.878E+04 4.145E+12 1.606E-01 1.302E-01 2.000E+05 5.428E+04 0.000E+00 5.694E+05
 3.56470363E+00   4125.1 1.127E+05 5.515E+12 2.003E-01 1.563E-01 2.000E+05 4.626E+05 7.321E+03 5.842E+05
 4.02781454E+00   4244.0 1.274E+05 7.451E+12 2.582E-01 1.919E-01 2.000E+05 1.757E+06 1.378E+04 6.020E+05
 4.50328082E+00   4378.9 1.424E+05 1.016E+13 3.376E-01 2.376E-01 2.000E+05 4.779E+06 1.971E+04 6.227E+05
 4.98089644E+00   4529.5 1.575E+05 1.382E+13 4.491E-01 3.033E-01 2.000E+05 1.019E+07 2.700E+04 6.454E+05
 5.47272726E+00   4699.8 1.731E+05 1.871E+13 5.687E-01 3.642E-01 2.000E+05 1.829E+07 3.314E+04 6.697E+05
 5.99779588E+00   4888.1 1.897E+05 2.492E+13 7.018E-01 4.310E-01 2.000E+05 3.025E+07 3.964E+04 6.937E+05
 6.57171957E+00   5102.1 2.078E+05 3.266E+13 8.480E-01 5.049E-01 2.000E+05 4.640E+07 4.646E+04 7.176E+05
 7.21580793E+00   5342.2 2.282E+05 4.206E+13 9.904E-01 5.764E-01 2.000E+05 6.587E+07 5.199E+04 7.419E+05
 7.96030594E+00   5617.3 2.517E+05 5.418E+13 1.134E+00 6.446E-01 2.000E+05 9.489E+07 5.734E+04 7.671E+05
 8.81721767E+00   5923.5 2.788E+05 7.268E+13 1.338E+00 7.277E-01 2.000E+05 1.585E+08 6.603E+04 7.911E+05
 9.74683468E+00   6248.1 3.082E+05 1.072E+14 1.725E+00 8.454E-01 2.000E+05 2.895E+08 8.102E+04 8.124E+05
 1.06654217E+01   6565.6 3.373E+05 1.695E+14 2.419E+00 9.898E-01 2.000E+05 4.863E+08 9.682E+04 8.300E+05
 1.15250087E+01   6861.2 3.644E+05 2.678E+14 3.468E+00 1.114E+00 2.000E+05 7.014E+08 1.083E+05 8.437E+05
 1.23336178E+01   7129.1 3.900E+05 4.062E+14 4.851E+00 1.187E+00 2.000E+05 8.866E+08 1.149E+05 8.542E+05
 1.31132598E+01   7374.8 4.147E+05 5.902E+14 6.628E+00 1.234E+00 2.000E+05 1.026E+09 1.181E+05 8.622E+05
 1.38863280E+01   7601.1 4.391E+05 8.240E+14 8.788E+00 1.255E+00 2.000E+05 1.132E+09 1.193E+05 8.683E+05
 1.46703366E+01   7814.8 4.639E+05 1.117E+15 1.146E+01 1.264E+00 2.000E+05 1.208E+09 1.197E+05 8.733E+05
 1.54794633E+01   8018.0 4.895E+05 1.477E+15 1.468E+01 1.250E+00 2.000E+05 1.269E+09 1.178E+05 8.774E+05
 1.63289819E+01   8212.3 5.164E+05 1.913E+15 1.852E+01 1.242E+00 2.000E+05 1.314E+09 1.182E+05 8.810E+05
 1.72276415E+01   8406.2 5.448E+05 2.452E+15 2.328E+01 1.206E+00 2.000E+05 1.344E+09 1.139E+05 8.845E+05
 1.81906905E+01   8584.9 5.752E+05 3.067E+15 2.866E+01 1.261E+00 2.000E+05 1.372E+09 1.142E+05 8.877E+05
PRADK 4.3461E-01
BEGIN                    ITERATION  15 COMPLETED
