TEFF   5000.  GRAVITY 0.50000 LTE 
TITLE  [0.0a] VTURB=2  L/H=1.25 NOVER NEW ODF                                   
 OPACITY IFOP 1 1 1 1 1 1 1 1 1 1 1 1 1 0 1 0 0 0 0 0
 CONVECTION ON   1.25 TURBULENCE OFF  0.00  0.00  0.00  0.00
ABUNDANCE SCALE   1.00000 ABUNDANCE CHANGE 1 0.91930 2 0.07824
 ABUNDANCE CHANGE  3 -10.94  4 -10.64  5  -9.49  6  -3.52  7  -4.12  8  -2.81
 ABUNDANCE CHANGE  9  -7.48 10  -3.56 11  -5.71 12  -4.06 13  -5.57 14  -4.09
 ABUNDANCE CHANGE 15  -6.59 16  -4.31 17  -6.54 18  -5.24 19  -6.92 20  -5.28
 ABUNDANCE CHANGE 21  -8.87 22  -6.62 23  -8.04 24  -6.37 25  -6.65 26  -4.54
 ABUNDANCE CHANGE 27  -7.12 28  -5.79 29  -7.83 30  -7.44 31  -9.16 32  -8.63
 ABUNDANCE CHANGE 33  -9.67 34  -8.63 35  -9.41 36  -8.73 37  -9.44 38  -9.07
 ABUNDANCE CHANGE 39  -9.80 40  -9.44 41 -10.62 42 -10.12 43 -20.00 44 -10.20
 ABUNDANCE CHANGE 45 -10.92 46 -10.35 47 -11.10 48 -10.27 49 -10.38 50 -10.04
 ABUNDANCE CHANGE 51 -11.04 52  -9.80 53 -10.53 54  -9.87 55 -10.91 56  -9.91
 ABUNDANCE CHANGE 57 -10.87 58 -10.46 59 -11.33 60 -10.54 61 -20.00 62 -11.03
 ABUNDANCE CHANGE 63 -11.53 64 -10.92 65 -11.69 66 -10.90 67 -11.78 68 -11.11
 ABUNDANCE CHANGE 69 -12.04 70 -10.96 71 -11.98 72 -11.16 73 -12.17 74 -10.93
 ABUNDANCE CHANGE 75 -11.76 76 -10.59 77 -10.69 78 -10.24 79 -11.03 80 -10.91
 ABUNDANCE CHANGE 81 -11.14 82 -10.09 83 -11.33 84 -20.00 85 -20.00 86 -20.00
 ABUNDANCE CHANGE 87 -20.00 88 -20.00 89 -20.00 90 -11.95 91 -20.00 92 -12.54
 ABUNDANCE CHANGE 93 -20.00 94 -20.00 95 -20.00 96 -20.00 97 -20.00 98 -20.00
 ABUNDANCE CHANGE 99 -20.00
READ DECK6 72 RHOX,T,P,XNE,ABROSS,ACCRAD,VTURB, FLXCNV,VCONV,VELSND
 4.63825132E-03   2498.8 1.463E-02 1.435E+06 2.875E-05 7.605E-03 2.000E+05 0.000E+00 0.000E+00 4.912E+06
 6.10540500E-03   2543.6 1.926E-02 2.139E+06 3.188E-05 7.193E-03 2.000E+05 0.000E+00 0.000E+00 4.331E+06
 7.88050197E-03   2584.7 2.486E-02 3.066E+06 3.495E-05 6.831E-03 2.000E+05 0.000E+00 0.000E+00 3.852E+06
 1.00417757E-02   2626.7 3.168E-02 4.345E+06 3.824E-05 6.507E-03 2.000E+05 0.000E+00 1.155E+06 3.450E+06
 1.26587458E-02   2669.0 3.994E-02 6.063E+06 4.236E-05 6.194E-03 2.000E+05 0.000E+00 9.184E+05 3.107E+06
 1.58132554E-02   2711.3 4.990E-02 8.334E+06 4.671E-05 5.922E-03 2.000E+05 0.000E+00 7.310E+05 2.812E+06
 1.96407956E-02   2754.1 6.198E-02 1.133E+07 5.121E-05 5.686E-03 2.000E+05 0.000E+00 5.722E+05 2.555E+06
 2.42926656E-02   2795.9 7.666E-02 1.515E+07 5.623E-05 5.424E-03 2.000E+05 0.000E+00 4.414E+05 2.327E+06
 2.99498391E-02   2838.4 9.452E-02 2.009E+07 6.156E-05 5.220E-03 2.000E+05 0.000E+00 3.387E+05 2.126E+06
 3.68524363E-02   2881.1 1.163E-01 2.641E+07 6.716E-05 5.034E-03 2.000E+05 0.000E+00 2.445E+05 1.946E+06
 4.53095385E-02   2922.2 1.430E-01 3.431E+07 7.295E-05 4.778E-03 2.000E+05 0.000E+00 1.625E+05 1.785E+06
 5.57012338E-02   2963.7 1.758E-01 4.433E+07 7.912E-05 4.578E-03 2.000E+05 0.000E+00 7.646E+04 1.640E+06
 6.84839083E-02   3005.8 2.162E-01 5.705E+07 8.574E-05 4.425E-03 2.000E+05 0.000E+00 2.989E+04 1.509E+06
 8.42300605E-02   3047.9 2.659E-01 7.307E+07 9.273E-05 4.235E-03 2.000E+05 0.000E+00 2.976E+02 1.392E+06
 1.03655766E-01   3089.6 3.273E-01 9.315E+07 1.002E-04 4.057E-03 2.000E+05 0.000E+00 0.000E+00 1.287E+06
 1.27625260E-01   3131.4 4.030E-01 1.184E+08 1.083E-04 3.902E-03 2.000E+05 0.000E+00 0.000E+00 1.194E+06
 1.57178731E-01   3173.9 4.963E-01 1.501E+08 1.172E-04 3.756E-03 2.000E+05 0.000E+00 0.000E+00 1.111E+06
 1.93627592E-01   3216.8 6.115E-01 1.899E+08 1.267E-04 3.562E-03 2.000E+05 0.000E+00 0.000E+00 1.038E+06
 2.38586461E-01   3258.9 7.535E-01 2.392E+08 1.370E-04 3.425E-03 2.000E+05 0.000E+00 0.000E+00 9.740E+05
 2.93933041E-01   3300.6 9.283E-01 3.003E+08 1.486E-04 3.350E-03 2.000E+05 0.000E+00 0.000E+00 9.185E+05
 3.62057316E-01   3344.6 1.144E+00 3.770E+08 1.608E-04 3.186E-03 2.000E+05 0.000E+00 0.000E+00 8.708E+05
 4.46005194E-01   3387.7 1.409E+00 4.716E+08 1.741E-04 3.032E-03 2.000E+05 0.000E+00 0.000E+00 8.301E+05
 5.49234125E-01   3429.8 1.735E+00 5.877E+08 1.890E-04 2.936E-03 2.000E+05 0.000E+00 0.000E+00 7.956E+05
 6.76018400E-01   3470.9 2.135E+00 7.299E+08 2.047E-04 2.843E-03 2.000E+05 0.000E+00 0.000E+00 7.669E+05
 8.37310500E-01   3515.6 2.645E+00 9.124E+08 2.088E-04 2.018E-03 2.000E+05 0.000E+00 0.000E+00 7.426E+05
 1.04585650E+00   3552.5 3.304E+00 1.140E+09 2.180E-04 1.583E-03 2.000E+05 0.000E+00 0.000E+00 7.215E+05
 1.30994745E+00   3577.7 4.139E+00 1.414E+09 2.312E-04 1.419E-03 2.000E+05 0.000E+00 0.000E+00 7.034E+05
 1.64107025E+00   3623.1 5.186E+00 1.779E+09 2.465E-04 1.130E-03 2.000E+05 0.000E+00 0.000E+00 6.905E+05
 2.04947112E+00   3640.8 6.477E+00 2.187E+09 2.707E-04 1.140E-03 2.000E+05 0.000E+00 0.000E+00 6.785E+05
 2.53928420E+00   3662.6 8.025E+00 2.678E+09 3.037E-04 1.271E-03 2.000E+05 0.000E+00 0.000E+00 6.696E+05
 3.11920218E+00   3685.7 9.858E+00 3.256E+09 3.433E-04 1.438E-03 2.000E+05 0.000E+00 0.000E+00 6.631E+05
 3.80015387E+00   3712.6 1.201E+01 3.940E+09 3.917E-04 1.658E-03 2.000E+05 0.000E+00 0.000E+00 6.587E+05
 4.59186460E+00   3742.4 1.451E+01 4.742E+09 4.516E-04 1.961E-03 2.000E+05 0.000E+00 0.000E+00 6.558E+05
 5.50023359E+00   3776.7 1.738E+01 5.680E+09 5.276E-04 2.431E-03 2.000E+05 0.000E+00 0.000E+00 6.545E+05
 6.54151650E+00   3822.5 2.067E+01 6.803E+09 6.102E-04 2.846E-03 2.000E+05 0.000E+00 0.000E+00 6.550E+05
 7.76980062E+00   3877.9 2.455E+01 8.165E+09 6.772E-04 2.739E-03 2.000E+05 0.000E+00 0.000E+00 6.572E+05
 9.24191118E+00   3926.2 2.921E+01 9.752E+09 7.553E-04 2.691E-03 2.000E+05 0.000E+00 0.000E+00 6.592E+05
 1.09981907E+01   3972.2 3.475E+01 1.162E+10 8.455E-04 2.696E-03 2.000E+05 0.000E+00 0.000E+00 6.613E+05
 1.30945989E+01   4017.0 4.138E+01 1.384E+10 9.430E-04 2.705E-03 2.000E+05 0.000E+00 0.000E+00 6.637E+05
 1.55972891E+01   4060.5 4.929E+01 1.646E+10 1.055E-03 2.747E-03 2.000E+05 0.000E+00 0.000E+00 6.661E+05
 1.85730103E+01   4103.2 5.869E+01 1.956E+10 1.186E-03 2.826E-03 2.000E+05 0.000E+00 0.000E+00 6.687E+05
 2.20973398E+01   4145.9 6.982E+01 2.321E+10 1.337E-03 2.941E-03 2.000E+05 0.000E+00 0.000E+00 6.714E+05
 2.62628455E+01   4189.2 8.298E+01 2.751E+10 1.509E-03 3.084E-03 2.000E+05 0.000E+00 0.000E+00 6.743E+05
 3.11873314E+01   4234.0 9.854E+01 3.258E+10 1.702E-03 3.248E-03 2.000E+05 0.000E+00 0.000E+00 6.775E+05
 3.70091191E+01   4281.6 1.169E+02 3.858E+10 1.920E-03 3.447E-03 2.000E+05 0.000E+00 0.000E+00 6.809E+05
 4.38851868E+01   4332.5 1.386E+02 4.567E+10 2.171E-03 3.683E-03 2.000E+05 0.000E+00 0.000E+00 6.847E+05
 5.19767889E+01   4388.2 1.642E+02 5.406E+10 2.465E-03 4.000E-03 2.000E+05 0.000E+00 0.000E+00 6.889E+05
 6.14502600E+01   4451.5 1.941E+02 6.401E+10 2.815E-03 4.423E-03 2.000E+05 0.000E+00 0.000E+00 6.937E+05
 7.25148304E+01   4525.9 2.291E+02 7.598E+10 3.211E-03 4.894E-03 2.000E+05 0.000E+00 0.000E+00 6.993E+05
 8.55043008E+01   4612.0 2.701E+02 9.083E+10 3.632E-03 5.299E-03 2.000E+05 0.000E+00 0.000E+00 7.055E+05
 1.00851109E+02   4707.0 3.185E+02 1.100E+11 4.097E-03 5.653E-03 2.000E+05 0.000E+00 0.000E+00 7.121E+05
 1.18795558E+02   4813.4 3.752E+02 1.364E+11 4.743E-03 6.267E-03 2.000E+05 0.000E+00 0.000E+00 7.190E+05
 1.39005766E+02   4938.5 4.389E+02 1.758E+11 5.756E-03 7.399E-03 2.000E+05 0.000E+00 0.000E+00 7.264E+05
 1.60658359E+02   5084.1 5.072E+02 2.403E+11 7.354E-03 9.193E-03 2.000E+05 0.000E+00 0.000E+00 7.342E+05
 1.82516540E+02   5253.2 5.761E+02 3.540E+11 1.006E-02 1.226E-02 2.000E+05 9.669E-06 0.000E+00 7.418E+05
 2.03080028E+02   5448.3 6.408E+02 5.634E+11 1.477E-02 1.761E-02 2.000E+05 7.073E-03 3.121E+01 7.486E+05
 2.21069960E+02   5673.1 6.973E+02 9.614E+11 2.335E-02 2.745E-02 2.000E+05 6.419E-01 2.719E+02 7.535E+05
 2.35688426E+02   5934.4 7.430E+02 1.746E+12 3.970E-02 4.641E-02 2.000E+05 4.836E+01 1.170E+03 7.553E+05
 2.46745404E+02   6237.2 7.773E+02 3.322E+12 7.232E-02 8.471E-02 2.000E+05 5.076E+03 4.709E+03 7.537E+05
 2.54544153E+02   6584.7 8.010E+02 6.509E+12 1.413E-01 1.671E-01 2.000E+05 3.550E+05 2.092E+04 7.516E+05
 2.59586543E+02   6991.8 8.157E+02 1.313E+13 3.043E-01 3.658E-01 2.000E+05 6.217E+06 7.946E+04 7.544E+05
 2.62527114E+02   7458.2 8.234E+02 2.648E+13 7.184E-01 8.133E-01 2.000E+05 2.086E+08 1.851E+05 7.686E+05
 2.64245335E+02   7891.3 8.270E+02 4.644E+13 1.550E+00 1.266E+00 2.000E+05 8.715E+08 5.810E+05 7.931E+05
 2.65473750E+02   8180.6 8.294E+02 6.460E+13 2.523E+00 1.165E+00 2.000E+05 1.679E+09 7.646E+05 8.158E+05
 2.66598955E+02   8369.2 8.318E+02 7.862E+13 3.409E+00 9.258E-01 2.000E+05 2.153E+09 7.964E+05 8.335E+05
 2.67749208E+02   8527.0 8.344E+02 9.158E+13 4.332E+00 8.053E-01 2.000E+05 2.371E+09 8.284E+05 8.502E+05
 2.68976852E+02   8671.1 8.374E+02 1.043E+14 5.335E+00 7.131E-01 2.000E+05 2.498E+09 8.401E+05 8.669E+05
 2.70326756E+02   8803.7 8.407E+02 1.167E+14 6.387E+00 6.505E-01 2.000E+05 2.574E+09 8.548E+05 8.835E+05
 2.71835258E+02   8940.0 8.445E+02 1.299E+14 7.599E+00 6.076E-01 2.000E+05 2.631E+09 8.670E+05 9.019E+05
 2.73540850E+02   9072.2 8.489E+02 1.430E+14 8.897E+00 5.706E-01 2.000E+05 2.667E+09 8.795E+05 9.209E+05
 2.75483118E+02   9215.8 8.540E+02 1.575E+14 1.042E+01 5.500E-01 2.000E+05 2.696E+09 8.923E+05 9.427E+05
 2.77711405E+02   9360.4 8.598E+02 1.720E+14 1.203E+01 5.589E-01 2.000E+05 2.707E+09 9.099E+05 9.659E+05
PRADK 8.3400E-01
BEGIN                    ITERATION  15 COMPLETED
