TEFF   5500.  GRAVITY 4.00000 LTE 
TITLE  [0.0a] VTURB=2  L/H=1.25 NOVER NEW ODF                                   
 OPACITY IFOP 1 1 1 1 1 1 1 1 1 1 1 1 1 0 1 0 0 0 0 0
 CONVECTION ON   1.25 TURBULENCE OFF  0.00  0.00  0.00  0.00
ABUNDANCE SCALE   1.00000 ABUNDANCE CHANGE 1 0.91930 2 0.07824
 ABUNDANCE CHANGE  3 -10.94  4 -10.64  5  -9.49  6  -3.52  7  -4.12  8  -2.81
 ABUNDANCE CHANGE  9  -7.48 10  -3.56 11  -5.71 12  -4.06 13  -5.57 14  -4.09
 ABUNDANCE CHANGE 15  -6.59 16  -4.31 17  -6.54 18  -5.24 19  -6.92 20  -5.28
 ABUNDANCE CHANGE 21  -8.87 22  -6.62 23  -8.04 24  -6.37 25  -6.65 26  -4.54
 ABUNDANCE CHANGE 27  -7.12 28  -5.79 29  -7.83 30  -7.44 31  -9.16 32  -8.63
 ABUNDANCE CHANGE 33  -9.67 34  -8.63 35  -9.41 36  -8.73 37  -9.44 38  -9.07
 ABUNDANCE CHANGE 39  -9.80 40  -9.44 41 -10.62 42 -10.12 43 -20.00 44 -10.20
 ABUNDANCE CHANGE 45 -10.92 46 -10.35 47 -11.10 48 -10.27 49 -10.38 50 -10.04
 ABUNDANCE CHANGE 51 -11.04 52  -9.80 53 -10.53 54  -9.87 55 -10.91 56  -9.91
 ABUNDANCE CHANGE 57 -10.87 58 -10.46 59 -11.33 60 -10.54 61 -20.00 62 -11.03
 ABUNDANCE CHANGE 63 -11.53 64 -10.92 65 -11.69 66 -10.90 67 -11.78 68 -11.11
 ABUNDANCE CHANGE 69 -12.04 70 -10.96 71 -11.98 72 -11.16 73 -12.17 74 -10.93
 ABUNDANCE CHANGE 75 -11.76 76 -10.59 77 -10.69 78 -10.24 79 -11.03 80 -10.91
 ABUNDANCE CHANGE 81 -11.14 82 -10.09 83 -11.33 84 -20.00 85 -20.00 86 -20.00
 ABUNDANCE CHANGE 87 -20.00 88 -20.00 89 -20.00 90 -11.95 91 -20.00 92 -12.54
 ABUNDANCE CHANGE 93 -20.00 94 -20.00 95 -20.00 96 -20.00 97 -20.00 98 -20.00
 ABUNDANCE CHANGE 99 -20.00
READ DECK6 72 RHOX,T,P,XNE,ABROSS,ACCRAD,VTURB, FLXCNV,VCONV,VELSND
 5.19637326E-04   3452.0 5.196E+00 1.503E+09 2.566E-04 5.921E-02 2.000E+05 0.000E+00 0.000E+00 7.087E+05
 6.83603998E-04   3468.9 6.836E+00 1.918E+09 2.859E-04 6.205E-02 2.000E+05 0.000E+00 0.000E+00 6.874E+05
 8.82625834E-04   3485.7 8.826E+00 2.410E+09 3.101E-04 5.798E-02 2.000E+05 0.000E+00 0.000E+00 6.720E+05
 1.12664805E-03   3503.0 1.127E+01 3.001E+09 3.381E-04 5.335E-02 2.000E+05 0.000E+00 0.000E+00 6.606E+05
 1.42432792E-03   3520.6 1.424E+01 3.705E+09 3.702E-04 4.869E-02 2.000E+05 0.000E+00 0.000E+00 6.522E+05
 1.78591184E-03   3538.1 1.786E+01 4.543E+09 4.074E-04 4.474E-02 2.000E+05 0.000E+00 0.000E+00 6.460E+05
 2.22308553E-03   3555.8 2.223E+01 5.535E+09 4.503E-04 4.135E-02 2.000E+05 0.000E+00 0.000E+00 6.414E+05
 2.74938130E-03   3573.9 2.749E+01 6.710E+09 4.998E-04 3.843E-02 2.000E+05 0.000E+00 0.000E+00 6.382E+05
 3.38034207E-03   3592.8 3.380E+01 8.102E+09 5.571E-04 3.569E-02 2.000E+05 0.000E+00 0.000E+00 6.359E+05
 4.13389223E-03   3612.7 4.134E+01 9.753E+09 6.234E-04 3.284E-02 2.000E+05 0.000E+00 0.000E+00 6.345E+05
 5.02809337E-03   3633.8 5.028E+01 1.170E+10 7.037E-04 3.112E-02 2.000E+05 0.000E+00 0.000E+00 6.338E+05
 6.06437154E-03   3657.6 6.064E+01 1.400E+10 8.241E-04 3.479E-02 2.000E+05 0.000E+00 0.000E+00 6.338E+05
 7.24293993E-03   3682.4 7.243E+01 1.664E+10 9.669E-04 3.919E-02 2.000E+05 0.000E+00 0.000E+00 6.342E+05
 8.57999113E-03   3708.7 8.580E+01 1.968E+10 1.139E-03 4.496E-02 2.000E+05 0.000E+00 0.000E+00 6.350E+05
 1.00906379E-02   3736.8 1.009E+02 2.319E+10 1.347E-03 5.267E-02 2.000E+05 0.000E+00 0.000E+00 6.362E+05
 1.17889902E-02   3767.5 1.179E+02 2.726E+10 1.602E-03 6.251E-02 2.000E+05 0.000E+00 0.000E+00 6.378E+05
 1.36888300E-02   3799.8 1.369E+02 3.194E+10 1.909E-03 7.594E-02 2.000E+05 0.000E+00 0.000E+00 6.396E+05
 1.58643487E-02   3834.1 1.586E+02 3.741E+10 2.176E-03 7.431E-02 2.000E+05 0.000E+00 0.000E+00 6.417E+05
 1.84136875E-02   3867.0 1.841E+02 4.375E+10 2.476E-03 7.222E-02 2.000E+05 0.000E+00 0.000E+00 6.437E+05
 2.14001861E-02   3899.0 2.140E+02 5.112E+10 2.820E-03 7.090E-02 2.000E+05 0.000E+00 0.000E+00 6.457E+05
 2.48931981E-02   3930.4 2.489E+02 5.970E+10 3.218E-03 7.022E-02 2.000E+05 0.000E+00 0.000E+00 6.477E+05
 2.89719450E-02   3961.6 2.897E+02 6.967E+10 3.677E-03 7.016E-02 2.000E+05 0.000E+00 0.000E+00 6.388E+05
 3.37343881E-02   3992.9 3.373E+02 8.131E+10 4.195E-03 6.977E-02 2.000E+05 0.000E+00 0.000E+00 6.518E+05
 3.93118702E-02   4024.3 3.931E+02 9.491E+10 4.771E-03 6.854E-02 2.000E+05 0.000E+00 0.000E+00 6.540E+05
 4.58483401E-02   4054.9 4.585E+02 1.107E+11 5.433E-03 6.795E-02 2.000E+05 0.000E+00 0.000E+00 6.561E+05
 5.34967682E-02   4084.9 5.350E+02 1.290E+11 6.196E-03 6.798E-02 2.000E+05 0.000E+00 0.000E+00 6.582E+05
 6.24345705E-02   4114.4 6.243E+02 1.502E+11 7.074E-03 6.858E-02 2.000E+05 0.000E+00 0.000E+00 6.603E+05
 7.28664831E-02   4143.8 7.287E+02 1.749E+11 8.087E-03 6.974E-02 2.000E+05 0.000E+00 0.000E+00 6.625E+05
 8.50333399E-02   4172.9 8.503E+02 2.034E+11 9.245E-03 7.134E-02 2.000E+05 0.000E+00 0.000E+00 6.646E+05
 9.92457431E-02   4202.3 9.925E+02 2.365E+11 1.054E-02 7.272E-02 2.000E+05 0.000E+00 0.000E+00 6.667E+05
 1.15899878E-01   4231.5 1.159E+03 2.750E+11 1.198E-02 7.388E-02 2.000E+05 0.000E+00 0.000E+00 6.689E+05
 1.35424545E-01   4260.2 1.354E+03 3.197E+11 1.363E-02 7.566E-02 2.000E+05 0.000E+00 0.000E+00 6.710E+05
 1.58290255E-01   4288.5 1.583E+03 3.715E+11 1.553E-02 7.814E-02 2.000E+05 0.000E+00 0.000E+00 6.731E+05
 1.85044107E-01   4316.6 1.850E+03 4.315E+11 1.771E-02 8.128E-02 2.000E+05 0.000E+00 0.000E+00 6.751E+05
 2.16324041E-01   4344.6 2.163E+03 5.011E+11 2.021E-02 8.516E-02 2.000E+05 0.000E+00 0.000E+00 6.772E+05
 2.52866014E-01   4372.7 2.529E+03 5.816E+11 2.308E-02 9.002E-02 2.000E+05 0.000E+00 0.000E+00 6.792E+05
 2.95505235E-01   4400.7 2.955E+03 6.747E+11 2.638E-02 9.644E-02 2.000E+05 0.000E+00 0.000E+00 6.813E+05
 3.45293792E-01   4430.0 3.453E+03 7.831E+11 3.009E-02 1.035E-01 2.000E+05 0.000E+00 0.000E+00 6.834E+05
 4.03602310E-01   4460.4 4.036E+03 9.098E+11 3.423E-02 1.112E-01 2.000E+05 0.000E+00 0.000E+00 6.856E+05
 4.71925081E-01   4492.4 4.719E+03 1.058E+12 3.897E-02 1.202E-01 2.000E+05 0.000E+00 0.000E+00 6.880E+05
 5.51884645E-01   4526.4 5.519E+03 1.232E+12 4.444E-02 1.307E-01 2.000E+05 0.000E+00 0.000E+00 6.905E+05
 6.45308864E-01   4563.0 6.453E+03 1.438E+12 5.075E-02 1.432E-01 2.000E+05 0.000E+00 0.000E+00 6.932E+05
 7.54768463E-01   4603.6 7.548E+03 1.681E+12 5.756E-02 1.521E-01 2.000E+05 0.000E+00 0.000E+00 6.963E+05
 8.83506475E-01   4645.5 8.835E+03 1.969E+12 6.529E-02 1.619E-01 2.000E+05 0.000E+00 0.000E+00 6.994E+05
 1.03468188E+00   4689.7 1.035E+04 2.308E+12 7.424E-02 1.742E-01 2.000E+05 0.000E+00 0.000E+00 7.028E+05
 1.21168314E+00   4738.1 1.212E+04 2.713E+12 8.467E-02 1.891E-01 2.000E+05 0.000E+00 0.000E+00 7.065E+05
 1.41849618E+00   4791.6 1.418E+04 3.196E+12 9.670E-02 2.071E-01 2.000E+05 0.000E+00 0.000E+00 7.107E+05
 1.65928119E+00   4853.4 1.659E+04 3.778E+12 1.110E-01 2.304E-01 2.000E+05 0.000E+00 0.000E+00 7.157E+05
 1.93882769E+00   4925.6 1.939E+04 4.485E+12 1.276E-01 2.571E-01 2.000E+05 0.000E+00 0.000E+00 7.215E+05
 2.26332749E+00   5010.6 2.263E+04 5.350E+12 1.465E-01 2.874E-01 2.000E+05 0.000E+00 0.000E+00 7.285E+05
 2.64065960E+00   5110.7 2.641E+04 6.420E+12 1.678E-01 3.208E-01 2.000E+05 0.000E+00 0.000E+00 7.366E+05
 3.08022746E+00   5228.4 3.080E+04 7.768E+12 1.921E-01 3.587E-01 2.000E+05 0.000E+00 0.000E+00 7.459E+05
 3.59104661E+00   5366.8 3.591E+04 9.528E+12 2.211E-01 4.042E-01 2.000E+05 0.000E+00 0.000E+00 7.563E+05
 4.17736152E+00   5530.8 4.177E+04 1.201E+13 2.600E-01 4.685E-01 2.000E+05 0.000E+00 0.000E+00 7.679E+05
 4.83176781E+00   5722.2 4.832E+04 1.589E+13 3.165E-01 5.610E-01 2.000E+05 0.000E+00 0.000E+00 7.802E+05
 5.52443608E+00   5945.4 5.524E+04 2.268E+13 4.143E-01 7.285E-01 2.000E+05 4.886E+02 0.000E+00 7.932E+05
 6.20359792E+00   6205.9 6.203E+04 3.544E+13 5.856E-01 1.020E+00 2.000E+05 1.643E+05 2.662E+03 8.063E+05
 6.81789582E+00   6505.3 6.818E+04 6.000E+13 8.996E-01 1.561E+00 2.000E+05 6.519E+06 1.800E+04 8.186E+05
 7.33119076E+00   6854.4 7.331E+04 1.087E+14 1.486E+00 2.555E+00 2.000E+05 4.638E+07 5.897E+04 8.289E+05
 7.73238925E+00   7253.2 7.732E+04 2.045E+14 2.596E+00 4.260E+00 2.000E+05 2.464E+08 1.009E+05 8.359E+05
 8.03787713E+00   7659.5 8.037E+04 3.680E+14 4.496E+00 6.275E+00 2.000E+05 8.155E+08 1.676E+05 8.397E+05
 8.28384910E+00   8005.8 8.283E+04 5.827E+14 7.089E+00 7.234E+00 2.000E+05 1.679E+09 2.201E+05 8.426E+05
 8.50317501E+00   8282.0 8.502E+04 8.208E+14 1.011E+01 6.985E+00 2.000E+05 2.459E+09 2.412E+05 8.459E+05
 8.71541164E+00   8512.2 8.714E+04 1.076E+15 1.353E+01 6.415E+00 2.000E+05 2.983E+09 2.487E+05 8.498E+05
 8.93155402E+00   8714.6 8.930E+04 1.352E+15 1.739E+01 5.911E+00 2.000E+05 3.320E+09 2.508E+05 8.543E+05
 9.15873388E+00   8900.2 9.157E+04 1.653E+15 2.182E+01 5.471E+00 2.000E+05 3.528E+09 2.498E+05 8.593E+05
 9.40262885E+00   9074.0 9.401E+04 1.984E+15 2.687E+01 5.059E+00 2.000E+05 3.689E+09 2.466E+05 8.647E+05
 9.66867497E+00   9239.8 9.667E+04 2.351E+15 3.267E+01 4.799E+00 2.000E+05 3.826E+09 2.468E+05 8.706E+05
 9.96083491E+00   9406.9 9.958E+04 2.776E+15 3.963E+01 4.457E+00 2.000E+05 4.013E+09 2.410E+05 8.774E+05
 1.02863609E+01   9558.1 1.028E+05 3.224E+15 4.711E+01 4.107E+00 2.000E+05 4.178E+09 2.412E+05 8.760E+05
 1.06513061E+01   9720.9 1.064E+05 3.764E+15 5.641E+01 3.924E+00 2.000E+05 4.149E+09 2.345E+05 8.919E+05
 1.10616598E+01   9875.4 1.105E+05 4.347E+15 6.659E+01 3.959E+00 2.000E+05 4.207E+09 2.347E+05 8.999E+05
PRADK 1.2230E+00
BEGIN                    ITERATION  15 COMPLETED
