TEFF   4500.  GRAVITY 2.50000 LTE 
TITLE  [0.0a] VTURB=2  L/H=1.25 NOVER NEW ODF                                   
 OPACITY IFOP 1 1 1 1 1 1 1 1 1 1 1 1 1 0 1 0 0 0 0 0
 CONVECTION ON   1.25 TURBULENCE OFF  0.00  0.00  0.00  0.00
ABUNDANCE SCALE   1.00000 ABUNDANCE CHANGE 1 0.91930 2 0.07824
 ABUNDANCE CHANGE  3 -10.94  4 -10.64  5  -9.49  6  -3.52  7  -4.12  8  -2.81
 ABUNDANCE CHANGE  9  -7.48 10  -3.56 11  -5.71 12  -4.06 13  -5.57 14  -4.09
 ABUNDANCE CHANGE 15  -6.59 16  -4.31 17  -6.54 18  -5.24 19  -6.92 20  -5.28
 ABUNDANCE CHANGE 21  -8.87 22  -6.62 23  -8.04 24  -6.37 25  -6.65 26  -4.54
 ABUNDANCE CHANGE 27  -7.12 28  -5.79 29  -7.83 30  -7.44 31  -9.16 32  -8.63
 ABUNDANCE CHANGE 33  -9.67 34  -8.63 35  -9.41 36  -8.73 37  -9.44 38  -9.07
 ABUNDANCE CHANGE 39  -9.80 40  -9.44 41 -10.62 42 -10.12 43 -20.00 44 -10.20
 ABUNDANCE CHANGE 45 -10.92 46 -10.35 47 -11.10 48 -10.27 49 -10.38 50 -10.04
 ABUNDANCE CHANGE 51 -11.04 52  -9.80 53 -10.53 54  -9.87 55 -10.91 56  -9.91
 ABUNDANCE CHANGE 57 -10.87 58 -10.46 59 -11.33 60 -10.54 61 -20.00 62 -11.03
 ABUNDANCE CHANGE 63 -11.53 64 -10.92 65 -11.69 66 -10.90 67 -11.78 68 -11.11
 ABUNDANCE CHANGE 69 -12.04 70 -10.96 71 -11.98 72 -11.16 73 -12.17 74 -10.93
 ABUNDANCE CHANGE 75 -11.76 76 -10.59 77 -10.69 78 -10.24 79 -11.03 80 -10.91
 ABUNDANCE CHANGE 81 -11.14 82 -10.09 83 -11.33 84 -20.00 85 -20.00 86 -20.00
 ABUNDANCE CHANGE 87 -20.00 88 -20.00 89 -20.00 90 -11.95 91 -20.00 92 -12.54
 ABUNDANCE CHANGE 93 -20.00 94 -20.00 95 -20.00 96 -20.00 97 -20.00 98 -20.00
 ABUNDANCE CHANGE 99 -20.00
READ DECK6 72 RHOX,T,P,XNE,ABROSS,ACCRAD,VTURB, FLXCNV,VCONV,VELSND
 3.26342763E-03   2635.0 1.032E+00 4.529E+07 4.086E-05 1.146E-02 2.000E+05 0.000E+00 0.000E+00 6.970E+05
 4.29389350E-03   2666.1 1.358E+00 6.137E+07 4.546E-05 1.097E-02 2.000E+05 0.000E+00 0.000E+00 6.628E+05
 5.54288276E-03   2694.3 1.753E+00 8.113E+07 4.951E-05 1.052E-02 2.000E+05 0.000E+00 0.000E+00 6.374E+05
 7.08591387E-03   2722.6 2.241E+00 1.065E+08 5.300E-05 1.006E-02 2.000E+05 0.000E+00 0.000E+00 6.181E+05
 9.02055799E-03   2751.6 2.852E+00 1.395E+08 5.603E-05 9.614E-03 2.000E+05 0.000E+00 0.000E+00 6.034E+05
 1.13997476E-02   2783.0 3.605E+00 1.832E+08 6.220E-05 9.141E-03 2.000E+05 0.000E+00 0.000E+00 5.929E+05
 1.42498422E-02   2813.8 4.506E+00 2.380E+08 6.934E-05 8.692E-03 2.000E+05 0.000E+00 0.000E+00 5.854E+05
 1.76776818E-02   2844.1 5.590E+00 3.067E+08 7.636E-05 8.282E-03 2.000E+05 0.000E+00 0.000E+00 5.801E+05
 2.18526804E-02   2874.3 6.910E+00 3.935E+08 8.341E-05 7.918E-03 2.000E+05 0.000E+00 0.000E+00 5.762E+05
 2.68889653E-02   2905.8 8.503E+00 5.051E+08 9.324E-05 7.603E-03 2.000E+05 0.000E+00 0.000E+00 5.740E+05
 3.28718646E-02   2936.9 1.039E+01 6.436E+08 1.051E-04 7.319E-03 2.000E+05 0.000E+00 0.000E+00 5.727E+05
 3.99178046E-02   2967.4 1.262E+01 8.137E+08 1.194E-04 7.063E-03 2.000E+05 0.000E+00 0.000E+00 5.723E+05
 4.82195724E-02   2997.2 1.525E+01 1.021E+09 1.345E-04 6.842E-03 2.000E+05 0.000E+00 0.000E+00 5.723E+05
 5.80447089E-02   3026.9 1.836E+01 1.275E+09 1.518E-04 6.668E-03 2.000E+05 0.000E+00 0.000E+00 5.729E+05
 6.95277717E-02   3057.2 2.199E+01 1.588E+09 1.749E-04 6.540E-03 2.000E+05 0.000E+00 0.000E+00 5.740E+05
 8.28710450E-02   3086.6 2.621E+01 1.962E+09 1.997E-04 6.416E-03 2.000E+05 0.000E+00 0.000E+00 5.753E+05
 9.85112037E-02   3115.6 3.115E+01 2.413E+09 2.268E-04 6.311E-03 2.000E+05 0.000E+00 0.000E+00 5.767E+05
 1.16784368E-01   3145.0 3.693E+01 2.962E+09 2.603E-04 6.234E-03 2.000E+05 0.000E+00 0.000E+00 5.785E+05
 1.37942943E-01   3174.8 4.362E+01 3.625E+09 3.007E-04 6.190E-03 2.000E+05 0.000E+00 0.000E+00 5.804E+05
 1.62215293E-01   3205.0 5.130E+01 4.421E+09 3.509E-04 6.170E-03 2.000E+05 0.000E+00 0.000E+00 5.826E+05
 1.90056486E-01   3234.5 6.010E+01 5.359E+09 4.064E-04 6.147E-03 2.000E+05 0.000E+00 0.000E+00 5.847E+05
 2.22209213E-01   3263.9 7.027E+01 6.473E+09 4.681E-04 6.134E-03 2.000E+05 0.000E+00 0.000E+00 5.870E+05
 2.59511767E-01   3293.3 8.206E+01 7.801E+09 5.374E-04 6.138E-03 2.000E+05 0.000E+00 0.000E+00 5.893E+05
 3.02740541E-01   3323.4 9.574E+01 9.397E+09 6.204E-04 6.185E-03 2.000E+05 0.000E+00 0.000E+00 5.917E+05
 3.52228666E-01   3354.4 1.114E+02 1.131E+10 7.276E-04 6.281E-03 2.000E+05 0.000E+00 0.000E+00 5.943E+05
 4.08602459E-01   3385.2 1.292E+02 1.355E+10 8.503E-04 6.392E-03 2.000E+05 0.000E+00 0.000E+00 5.969E+05
 4.73086595E-01   3416.2 1.496E+02 1.620E+10 9.892E-04 6.542E-03 2.000E+05 0.000E+00 0.000E+00 5.995E+05
 5.47065991E-01   3448.7 1.730E+02 1.939E+10 1.150E-03 6.742E-03 2.000E+05 0.000E+00 0.000E+00 6.024E+05
 6.32719564E-01   3482.0 2.000E+02 2.321E+10 1.311E-03 6.240E-03 2.000E+05 0.000E+00 0.000E+00 6.053E+05
 7.33738800E-01   3514.7 2.320E+02 2.774E+10 1.469E-03 5.210E-03 2.000E+05 0.000E+00 0.000E+00 6.081E+05
 8.53734335E-01   3544.8 2.700E+02 3.296E+10 1.652E-03 4.618E-03 2.000E+05 0.000E+00 0.000E+00 6.106E+05
 9.95962164E-01   3571.5 3.150E+02 3.887E+10 1.861E-03 4.313E-03 2.000E+05 0.000E+00 0.000E+00 6.126E+05
 1.16417307E+00   3595.1 3.683E+02 4.553E+10 2.100E-03 4.198E-03 2.000E+05 0.000E+00 0.000E+00 6.142E+05
 1.36302994E+00   3615.6 4.312E+02 5.297E+10 2.367E-03 4.216E-03 2.000E+05 0.000E+00 0.000E+00 6.155E+05
 1.59817895E+00   3632.2 5.057E+02 6.114E+10 2.666E-03 4.376E-03 2.000E+05 0.000E+00 0.000E+00 6.162E+05
 1.87397423E+00   3645.5 5.932E+02 7.001E+10 3.050E-03 4.876E-03 2.000E+05 0.000E+00 0.000E+00 6.165E+05
 2.19816443E+00   3657.1 6.955E+02 7.980E+10 3.471E-03 5.429E-03 2.000E+05 0.000E+00 0.000E+00 6.165E+05
 2.57592121E+00   3670.4 8.150E+02 9.128E+10 3.972E-03 6.099E-03 2.000E+05 0.000E+00 0.000E+00 6.166E+05
 3.01605980E+00   3685.1 9.541E+02 1.046E+11 4.560E-03 6.885E-03 2.000E+05 0.000E+00 0.000E+00 6.169E+05
 3.52536483E+00   3701.7 1.115E+03 1.202E+11 5.267E-03 7.832E-03 2.000E+05 0.000E+00 0.000E+00 6.174E+05
 4.11160361E+00   3720.9 1.300E+03 1.387E+11 6.125E-03 8.987E-03 2.000E+05 0.000E+00 0.000E+00 6.182E+05
 4.78087374E+00   3743.9 1.512E+03 1.610E+11 7.184E-03 1.043E-02 2.000E+05 0.000E+00 0.000E+00 6.195E+05
 5.53738072E+00   3772.3 1.751E+03 1.884E+11 8.531E-03 1.235E-02 2.000E+05 0.000E+00 0.000E+00 6.216E+05
 6.37816905E+00   3811.4 2.017E+03 2.246E+11 1.030E-02 1.482E-02 2.000E+05 0.000E+00 0.000E+00 6.252E+05
 7.31174024E+00   3862.2 2.312E+03 2.724E+11 1.230E-02 1.635E-02 2.000E+05 0.000E+00 0.000E+00 6.304E+05
 8.35959778E+00   3910.4 2.644E+03 3.271E+11 1.455E-02 1.810E-02 2.000E+05 0.000E+00 0.000E+00 6.351E+05
 9.54028841E+00   3963.7 3.017E+03 3.944E+11 1.726E-02 2.028E-02 2.000E+05 0.000E+00 0.000E+00 6.307E+05
 1.08668560E+01   4022.5 3.436E+03 4.772E+11 2.048E-02 2.279E-02 2.000E+05 0.000E+00 0.000E+00 6.460E+05
 1.23558414E+01   4088.8 3.907E+03 5.804E+11 2.436E-02 2.574E-02 2.000E+05 0.000E+00 0.000E+00 6.523E+05
 1.40223879E+01   4164.6 4.434E+03 7.097E+11 2.905E-02 2.922E-02 2.000E+05 0.000E+00 0.000E+00 6.593E+05
 1.58910907E+01   4251.8 5.025E+03 8.720E+11 3.447E-02 3.300E-02 2.000E+05 0.000E+00 0.000E+00 6.670E+05
 1.79919734E+01   4351.8 5.689E+03 1.074E+12 4.086E-02 3.733E-02 2.000E+05 0.000E+00 0.000E+00 6.754E+05
 2.03606468E+01   4469.0 6.438E+03 1.327E+12 4.820E-02 4.269E-02 2.000E+05 0.000E+00 0.000E+00 6.850E+05
 2.30540784E+01   4607.3 7.290E+03 1.640E+12 5.611E-02 4.819E-02 2.000E+05 0.000E+00 0.000E+00 6.967E+05
 2.62068208E+01   4761.7 8.287E+03 2.015E+12 6.286E-02 5.129E-02 2.000E+05 0.000E+00 0.000E+00 7.101E+05
 2.99484656E+01   4938.2 9.470E+03 2.471E+12 7.082E-02 5.628E-02 2.000E+05 0.000E+00 0.000E+00 7.253E+05
 3.43743260E+01   5141.1 1.087E+04 3.059E+12 7.990E-02 6.244E-02 2.000E+05 0.000E+00 0.000E+00 7.414E+05
 3.95225951E+01   5376.7 1.250E+04 4.002E+12 9.384E-02 7.231E-02 2.000E+05 5.162E+00 0.000E+00 7.577E+05
 4.50554910E+01   5643.8 1.425E+04 5.910E+12 1.245E-01 9.556E-02 2.000E+05 3.043E+03 9.305E+02 7.734E+05
 5.02143606E+01   5953.0 1.588E+04 1.020E+13 1.914E-01 1.465E-01 2.000E+05 2.454E+05 7.582E+03 7.881E+05
 5.44274182E+01   6300.3 1.721E+04 1.956E+13 3.289E-01 2.517E-01 2.000E+05 4.626E+06 3.171E+04 7.999E+05
 5.75491107E+01   6695.0 1.819E+04 3.989E+13 6.137E-01 4.646E-01 2.000E+05 3.301E+07 7.967E+04 8.070E+05
 5.97330125E+01   7119.7 1.888E+04 8.056E+13 1.179E+00 8.128E-01 2.000E+05 2.011E+08 1.383E+05 8.094E+05
 6.12842376E+01   7516.0 1.937E+04 1.457E+14 2.132E+00 1.105E+00 2.000E+05 6.030E+08 2.403E+05 8.107E+05
 6.25182266E+01   7819.0 1.976E+04 2.210E+14 3.323E+00 1.102E+00 2.000E+05 1.053E+09 2.861E+05 8.135E+05
 6.36422562E+01   8047.3 2.012E+04 2.968E+14 4.617E+00 9.828E-01 2.000E+05 1.340E+09 2.947E+05 8.174E+05
 6.47583654E+01   8235.3 2.047E+04 3.742E+14 6.034E+00 8.924E-01 2.000E+05 1.497E+09 2.971E+05 8.219E+05
 6.59151947E+01   8405.0 2.083E+04 4.575E+14 7.659E+00 8.191E-01 2.000E+05 1.595E+09 2.965E+05 8.269E+05
 6.71470387E+01   8559.4 2.122E+04 5.461E+14 9.483E+00 7.470E-01 2.000E+05 1.661E+09 2.927E+05 8.324E+05
 6.84836218E+01   8706.5 2.164E+04 6.430E+14 1.159E+01 6.994E-01 2.000E+05 1.708E+09 2.923E+05 8.383E+05
 6.99454090E+01   8852.2 2.210E+04 7.521E+14 1.408E+01 6.414E-01 2.000E+05 1.739E+09 2.855E+05 8.449E+05
 7.15657776E+01   8986.7 2.262E+04 8.664E+14 1.679E+01 6.437E-01 2.000E+05 1.762E+09 2.859E+05 8.515E+05
PRADK 5.4705E-01
BEGIN                    ITERATION  15 COMPLETED
