TEFF   8750.  GRAVITY 3.00000 LTE 
TITLE  [0.0] VTURB=2  L/H=1.25 NOVER NEW ODF                                    
 OPACITY IFOP 1 1 1 1 1 1 1 1 1 1 1 1 1 0 1 0 0 0 0 0
 CONVECTION ON   1.25 TURBULENCE OFF  0.00  0.00  0.00  0.00
ABUNDANCE SCALE   1.00000 ABUNDANCE CHANGE 1 0.92040 2 0.07834
 ABUNDANCE CHANGE  3 -10.94  4 -10.64  5  -9.49  6  -3.52  7  -4.12  8  -3.21
 ABUNDANCE CHANGE  9  -7.48 10  -3.96 11  -5.71 12  -4.46 13  -5.57 14  -4.49
 ABUNDANCE CHANGE 15  -6.59 16  -4.71 17  -6.54 18  -5.64 19  -6.92 20  -5.68
 ABUNDANCE CHANGE 21  -8.87 22  -7.02 23  -8.04 24  -6.37 25  -6.65 26  -4.54
 ABUNDANCE CHANGE 27  -7.12 28  -5.79 29  -7.83 30  -7.44 31  -9.16 32  -8.63
 ABUNDANCE CHANGE 33  -9.67 34  -8.63 35  -9.41 36  -8.73 37  -9.44 38  -9.07
 ABUNDANCE CHANGE 39  -9.80 40  -9.44 41 -10.62 42 -10.12 43 -20.00 44 -10.20
 ABUNDANCE CHANGE 45 -10.92 46 -10.35 47 -11.10 48 -10.27 49 -10.38 50 -10.04
 ABUNDANCE CHANGE 51 -11.04 52  -9.80 53 -10.53 54  -9.87 55 -10.91 56  -9.91
 ABUNDANCE CHANGE 57 -10.87 58 -10.46 59 -11.33 60 -10.54 61 -20.00 62 -11.03
 ABUNDANCE CHANGE 63 -11.53 64 -10.92 65 -11.69 66 -10.90 67 -11.78 68 -11.11
 ABUNDANCE CHANGE 69 -12.04 70 -10.96 71 -11.98 72 -11.16 73 -12.17 74 -10.93
 ABUNDANCE CHANGE 75 -11.76 76 -10.59 77 -10.69 78 -10.24 79 -11.03 80 -10.91
 ABUNDANCE CHANGE 81 -11.14 82 -10.09 83 -11.33 84 -20.00 85 -20.00 86 -20.00
 ABUNDANCE CHANGE 87 -20.00 88 -20.00 89 -20.00 90 -11.95 91 -20.00 92 -12.54
 ABUNDANCE CHANGE 93 -20.00 94 -20.00 95 -20.00 96 -20.00 97 -20.00 98 -20.00
 ABUNDANCE CHANGE 99 -20.00
READ DECK6 72 RHOX,T,P,XNE,ABROSS,ACCRAD,VTURB
 6.13630335E-06   5119.2 6.107E-03 5.048E+08 2.173E-02 4.803E+00 2.000E+05 0.000E+00 0.000E+00 0.000E+00
 8.22457574E-06   5149.9 8.185E-03 6.438E+08 2.086E-02 4.697E+00 2.000E+05 0.000E+00 0.000E+00 0.000E+00
 1.11331426E-05   5180.5 1.108E-02 8.238E+08 1.992E-02 4.560E+00 2.000E+05 0.000E+00 0.000E+00 0.000E+00
 1.51693447E-05   5216.3 1.510E-02 1.072E+09 1.927E-02 4.412E+00 2.000E+05 0.000E+00 0.000E+00 0.000E+00
 2.07119278E-05   5255.9 2.062E-02 1.410E+09 1.883E-02 4.249E+00 2.000E+05 0.000E+00 0.000E+00 0.000E+00
 2.82434979E-05   5298.2 2.812E-02 1.862E+09 1.855E-02 4.076E+00 2.000E+05 0.000E+00 0.000E+00 0.000E+00
 3.84093247E-05   5342.3 3.824E-02 2.464E+09 1.837E-02 3.902E+00 2.000E+05 0.000E+00 0.000E+00 0.000E+00
 5.20595831E-05   5387.7 5.184E-02 3.259E+09 1.829E-02 3.728E+00 2.000E+05 0.000E+00 0.000E+00 0.000E+00
 7.03092771E-05   5434.1 7.002E-02 4.304E+09 1.827E-02 3.556E+00 2.000E+05 0.000E+00 0.000E+00 0.000E+00
 9.46233578E-05   5481.2 9.425E-02 5.673E+09 1.832E-02 3.384E+00 2.000E+05 0.000E+00 0.000E+00 0.000E+00
 1.26939507E-04   5528.4 1.265E-01 7.451E+09 1.839E-02 3.214E+00 2.000E+05 0.000E+00 0.000E+00 0.000E+00
 1.69860902E-04   5574.9 1.692E-01 9.739E+09 1.846E-02 3.050E+00 2.000E+05 0.000E+00 0.000E+00 0.000E+00
 2.26950683E-04   5620.1 2.262E-01 1.266E+10 1.849E-02 2.904E+00 2.000E+05 0.000E+00 0.000E+00 0.000E+00
 3.03035454E-04   5664.2 3.020E-01 1.637E+10 1.848E-02 2.787E+00 2.000E+05 0.000E+00 0.000E+00 0.000E+00
 4.04511908E-04   5707.4 4.032E-01 2.109E+10 1.848E-02 2.697E+00 2.000E+05 0.000E+00 0.000E+00 0.000E+00
 5.39617063E-04   5751.3 5.380E-01 2.715E+10 1.856E-02 2.635E+00 2.000E+05 0.000E+00 0.000E+00 0.000E+00
 7.18269604E-04   5796.8 7.162E-01 3.500E+10 1.880E-02 2.591E+00 2.000E+05 0.000E+00 0.000E+00 0.000E+00
 9.52133181E-04   5844.6 9.494E-01 4.518E+10 1.926E-02 2.559E+00 2.000E+05 0.000E+00 0.000E+00 0.000E+00
 1.25454651E-03   5894.9 1.251E+00 5.835E+10 1.998E-02 2.537E+00 2.000E+05 0.000E+00 0.000E+00 0.000E+00
 1.64055135E-03   5947.4 1.636E+00 7.527E+10 2.101E-02 2.521E+00 2.000E+05 0.000E+00 0.000E+00 0.000E+00
 2.12700602E-03   6001.7 2.121E+00 9.686E+10 2.236E-02 2.512E+00 2.000E+05 0.000E+00 0.000E+00 0.000E+00
 2.73257202E-03   6057.6 2.725E+00 1.242E+11 2.409E-02 2.508E+00 2.000E+05 0.000E+00 0.000E+00 0.000E+00
 3.47782396E-03   6114.8 3.469E+00 1.586E+11 2.624E-02 2.509E+00 2.000E+05 0.000E+00 0.000E+00 0.000E+00
 4.38571241E-03   6172.9 4.374E+00 2.013E+11 2.885E-02 2.516E+00 2.000E+05 0.000E+00 0.000E+00 0.000E+00
 5.48220445E-03   6231.2 5.468E+00 2.541E+11 3.197E-02 2.528E+00 2.000E+05 0.000E+00 0.000E+00 0.000E+00
 6.79770217E-03   6289.4 6.780E+00 3.185E+11 3.563E-02 2.546E+00 2.000E+05 0.000E+00 0.000E+00 0.000E+00
 8.36790270E-03   6347.1 8.346E+00 3.966E+11 3.989E-02 2.571E+00 2.000E+05 0.000E+00 0.000E+00 0.000E+00
 1.02352613E-02   6404.0 1.021E+01 4.904E+11 4.479E-02 2.603E+00 2.000E+05 0.000E+00 0.000E+00 0.000E+00
 1.24507558E-02   6460.0 1.242E+01 6.025E+11 5.038E-02 2.646E+00 2.000E+05 0.000E+00 0.000E+00 0.000E+00
 1.50769101E-02   6514.3 1.504E+01 7.350E+11 5.668E-02 2.700E+00 2.000E+05 0.000E+00 0.000E+00 0.000E+00
 1.81895383E-02   6567.3 1.814E+01 8.914E+11 6.378E-02 2.769E+00 2.000E+05 0.000E+00 0.000E+00 0.000E+00
 2.18778542E-02   6619.1 2.182E+01 1.075E+12 7.179E-02 2.854E+00 2.000E+05 0.000E+00 0.000E+00 0.000E+00
 2.62451061E-02   6670.1 2.617E+01 1.292E+12 8.090E-02 2.960E+00 2.000E+05 0.000E+00 0.000E+00 0.000E+00
 3.14093088E-02   6720.7 3.132E+01 1.547E+12 9.130E-02 3.085E+00 2.000E+05 0.000E+00 0.000E+00 0.000E+00
 3.75048227E-02   6771.2 3.740E+01 1.848E+12 1.032E-01 3.235E+00 2.000E+05 0.000E+00 0.000E+00 0.000E+00
 4.46856379E-02   6821.8 4.456E+01 2.203E+12 1.170E-01 3.408E+00 2.000E+05 0.000E+00 0.000E+00 0.000E+00
 5.31325965E-02   6872.3 5.297E+01 2.618E+12 1.327E-01 3.607E+00 2.000E+05 0.000E+00 0.000E+00 0.000E+00
 6.30555428E-02   6922.9 6.286E+01 3.106E+12 1.507E-01 3.841E+00 2.000E+05 0.000E+00 0.000E+00 0.000E+00
 7.46953307E-02   6973.9 7.445E+01 3.680E+12 1.715E-01 4.116E+00 2.000E+05 0.000E+00 0.000E+00 0.000E+00
 8.83155623E-02   7026.0 8.801E+01 4.357E+12 1.957E-01 4.447E+00 2.000E+05 0.000E+00 0.000E+00 0.000E+00
 1.04195468E-01   7080.2 1.038E+02 5.163E+12 2.244E-01 4.854E+00 2.000E+05 0.000E+00 0.000E+00 0.000E+00
 1.22588090E-01   7138.4 1.221E+02 6.138E+12 2.596E-01 5.364E+00 2.000E+05 0.000E+00 0.000E+00 0.000E+00
 1.43697709E-01   7201.5 1.431E+02 7.325E+12 3.030E-01 6.003E+00 2.000E+05 0.000E+00 0.000E+00 0.000E+00
 1.67673547E-01   7271.3 1.669E+02 8.789E+12 3.579E-01 6.819E+00 2.000E+05 0.000E+00 0.000E+00 0.000E+00
 1.94540312E-01   7349.8 1.936E+02 1.062E+13 4.292E-01 7.878E+00 2.000E+05 0.000E+00 0.000E+00 0.000E+00
 2.24155461E-01   7439.1 2.230E+02 1.294E+13 5.239E-01 9.281E+00 2.000E+05 4.313E-16 2.122E+01 0.000E+00
 2.56178092E-01   7541.6 2.547E+02 1.592E+13 6.530E-01 1.117E+01 2.000E+05 3.960E-14 9.143E+01 0.000E+00
 2.90018175E-01   7660.5 2.881E+02 1.981E+13 8.345E-01 1.379E+01 2.000E+05 2.566E-13 1.632E+02 0.000E+00
 3.24854508E-01   7798.2 3.224E+02 2.491E+13 1.096E+00 1.745E+01 2.000E+05 9.590E-13 2.435E+02 0.000E+00
 3.59732009E-01   7958.0 3.566E+02 3.167E+13 1.481E+00 2.272E+01 2.000E+05 3.237E-12 3.530E+02 0.000E+00
 3.93651607E-01   8143.5 3.896E+02 4.063E+13 2.060E+00 3.041E+01 2.000E+05 1.301E-11 5.460E+02 0.000E+00
 4.25726590E-01   8359.1 4.205E+02 5.248E+13 2.942E+00 4.160E+01 2.000E+05 7.691E-11 9.696E+02 0.000E+00
 4.55351039E-01   8607.7 4.487E+02 6.780E+13 4.283E+00 5.807E+01 2.000E+05 6.896E-10 2.001E+03 0.000E+00
 4.82439436E-01   8893.1 4.739E+02 8.681E+13 6.232E+00 8.084E+01 2.000E+05 7.154E-09 4.398E+03 0.000E+00
 5.07474643E-01   9217.5 4.966E+02 1.087E+14 8.843E+00 1.100E+02 2.000E+05 5.353E-08 8.810E+03 0.000E+00
 5.31733758E-01   9587.7 5.178E+02 1.316E+14 1.178E+01 1.410E+02 2.000E+05 1.187E-07 1.226E+04 0.000E+00
 5.57243203E-01  10007.3 5.394E+02 1.519E+14 1.421E+01 1.657E+02 2.000E+05 1.090E-07 1.237E+04 0.000E+00
 5.87460857E-01  10483.6 5.645E+02 1.673E+14 1.497E+01 1.702E+02 2.000E+05 1.272E-08 6.556E+03 0.000E+00
 6.28009812E-01  11021.1 5.983E+02 1.784E+14 1.418E+01 1.598E+02 2.000E+05 4.136E-10 2.318E+03 0.000E+00
 6.87685734E-01  11630.2 6.491E+02 1.887E+14 1.233E+01 1.382E+02 2.000E+05 7.725E-12 6.840E+02 0.000E+00
 7.81371873E-01  12316.4 7.309E+02 2.034E+14 1.033E+01 1.160E+02 2.000E+05 1.493E-13 1.969E+02 0.000E+00
 9.30823306E-01  13085.9 8.646E+02 2.280E+14 8.655E+00 9.727E+01 2.000E+05 2.736E-15 5.214E+01 0.000E+00
 1.16655560E+00  13938.7 1.079E+03 2.685E+14 7.409E+00 8.290E+01 2.000E+05 1.108E-16 1.671E+01 0.000E+00
 1.52311321E+00  14870.4 1.408E+03 3.306E+14 6.708E+00 7.476E+01 2.000E+05 3.207E-15 4.563E+01 0.000E+00
 2.03925456E+00  15889.4 1.887E+03 4.190E+14 6.274E+00 6.950E+01 2.000E+05 3.751E-14 9.362E+01 0.000E+00
 2.76156226E+00  16991.8 2.560E+03 5.372E+14 6.063E+00 6.710E+01 2.000E+05 3.496E-15 4.049E+01 0.000E+00
 3.75522866E+00  18194.5 3.488E+03 6.885E+14 5.901E+00 6.524E+01 2.000E+05 0.000E+00 0.000E+00 0.000E+00
 5.08964371E+00  19489.9 4.735E+03 8.758E+14 5.953E+00 6.547E+01 2.000E+05 0.000E+00 0.000E+00 0.000E+00
 6.87378027E+00  20902.5 6.403E+03 1.106E+15 5.870E+00 6.497E+01 2.000E+05 0.000E+00 0.000E+00 0.000E+00
 9.22563725E+00  22420.9 8.601E+03 1.386E+15 6.090E+00 6.638E+01 2.000E+05 0.000E+00 0.000E+00 0.000E+00
 1.24149873E+01  24075.1 1.158E+04 1.739E+15 5.671E+00 6.297E+01 2.000E+05 0.000E+00 0.000E+00 0.000E+00
 1.68051566E+01  25842.3 1.570E+04 2.197E+15 5.723E+00 6.035E+01 2.000E+05 0.000E+00 0.000E+00 0.000E+00
PRADK 7.8399E+00
BEGIN                    ITERATION  15 COMPLETED
