TEFF   8000.  GRAVITY 2.00000 LTE 
TITLE  [0.0] VTURB=2  L/H=1.25 NOVER NEW ODF                                    
 OPACITY IFOP 1 1 1 1 1 1 1 1 1 1 1 1 1 0 1 0 0 0 0 0
 CONVECTION ON   1.25 TURBULENCE OFF  0.00  0.00  0.00  0.00
ABUNDANCE SCALE   1.00000 ABUNDANCE CHANGE 1 0.92040 2 0.07834
 ABUNDANCE CHANGE  3 -10.94  4 -10.64  5  -9.49  6  -3.52  7  -4.12  8  -3.21
 ABUNDANCE CHANGE  9  -7.48 10  -3.96 11  -5.71 12  -4.46 13  -5.57 14  -4.49
 ABUNDANCE CHANGE 15  -6.59 16  -4.71 17  -6.54 18  -5.64 19  -6.92 20  -5.68
 ABUNDANCE CHANGE 21  -8.87 22  -7.02 23  -8.04 24  -6.37 25  -6.65 26  -4.54
 ABUNDANCE CHANGE 27  -7.12 28  -5.79 29  -7.83 30  -7.44 31  -9.16 32  -8.63
 ABUNDANCE CHANGE 33  -9.67 34  -8.63 35  -9.41 36  -8.73 37  -9.44 38  -9.07
 ABUNDANCE CHANGE 39  -9.80 40  -9.44 41 -10.62 42 -10.12 43 -20.00 44 -10.20
 ABUNDANCE CHANGE 45 -10.92 46 -10.35 47 -11.10 48 -10.27 49 -10.38 50 -10.04
 ABUNDANCE CHANGE 51 -11.04 52  -9.80 53 -10.53 54  -9.87 55 -10.91 56  -9.91
 ABUNDANCE CHANGE 57 -10.87 58 -10.46 59 -11.33 60 -10.54 61 -20.00 62 -11.03
 ABUNDANCE CHANGE 63 -11.53 64 -10.92 65 -11.69 66 -10.90 67 -11.78 68 -11.11
 ABUNDANCE CHANGE 69 -12.04 70 -10.96 71 -11.98 72 -11.16 73 -12.17 74 -10.93
 ABUNDANCE CHANGE 75 -11.76 76 -10.59 77 -10.69 78 -10.24 79 -11.03 80 -10.91
 ABUNDANCE CHANGE 81 -11.14 82 -10.09 83 -11.33 84 -20.00 85 -20.00 86 -20.00
 ABUNDANCE CHANGE 87 -20.00 88 -20.00 89 -20.00 90 -11.95 91 -20.00 92 -12.54
 ABUNDANCE CHANGE 93 -20.00 94 -20.00 95 -20.00 96 -20.00 97 -20.00 98 -20.00
 ABUNDANCE CHANGE 99 -20.00
READ DECK6 72 RHOX,T,P,XNE,ABROSS,ACCRAD,VTURB
 1.91701652E-05   4631.3 1.901E-03 5.701E+07 6.956E-03 8.558E-01 2.000E+05 0.000E+00 0.000E+00 0.000E+00
 2.57147020E-05   4655.3 2.550E-03 7.229E+07 6.636E-03 8.219E-01 2.000E+05 0.000E+00 0.000E+00 0.000E+00
 3.48873289E-05   4679.4 3.459E-03 9.218E+07 6.296E-03 7.805E-01 2.000E+05 0.000E+00 0.000E+00 0.000E+00
 4.77298652E-05   4706.9 4.734E-03 1.193E+08 6.021E-03 7.372E-01 2.000E+05 0.000E+00 0.000E+00 0.000E+00
 6.56097376E-05   4737.1 6.509E-03 1.562E+08 5.795E-03 6.932E-01 2.000E+05 0.000E+00 0.000E+00 0.000E+00
 9.03124528E-05   4769.3 8.963E-03 2.056E+08 5.608E-03 6.489E-01 2.000E+05 0.000E+00 0.000E+00 0.000E+00
 1.24235201E-04   4803.3 1.233E-02 2.718E+08 5.462E-03 6.106E-01 2.000E+05 0.000E+00 0.000E+00 0.000E+00
 1.70572534E-04   4838.1 1.694E-02 3.595E+08 5.340E-03 5.771E-01 2.000E+05 0.000E+00 0.000E+00 0.000E+00
 2.33777693E-04   4872.8 2.323E-02 4.740E+08 5.218E-03 5.450E-01 2.000E+05 0.000E+00 0.000E+00 0.000E+00
 3.20192898E-04   4906.6 3.182E-02 6.219E+08 5.080E-03 5.169E-01 2.000E+05 0.000E+00 0.000E+00 0.000E+00
 4.38773968E-04   4939.5 4.362E-02 8.127E+08 4.929E-03 4.944E-01 2.000E+05 0.000E+00 0.000E+00 0.000E+00
 6.01873115E-04   4972.4 5.985E-02 1.061E+09 4.778E-03 4.780E-01 2.000E+05 0.000E+00 0.000E+00 0.000E+00
 8.25911658E-04   5006.5 8.215E-02 1.388E+09 4.648E-03 4.663E-01 2.000E+05 0.000E+00 0.000E+00 0.000E+00
 1.13169818E-03   5043.0 1.126E-01 1.827E+09 4.562E-03 4.572E-01 2.000E+05 0.000E+00 0.000E+00 0.000E+00
 1.54468304E-03   5082.7 1.537E-01 2.417E+09 4.530E-03 4.491E-01 2.000E+05 0.000E+00 0.000E+00 0.000E+00
 2.09576148E-03   5125.4 2.086E-01 3.212E+09 4.554E-03 4.414E-01 2.000E+05 0.000E+00 0.000E+00 0.000E+00
 2.82223206E-03   5170.8 2.809E-01 4.277E+09 4.633E-03 4.337E-01 2.000E+05 0.000E+00 0.000E+00 0.000E+00
 3.76857953E-03   5218.8 3.751E-01 5.698E+09 4.769E-03 4.259E-01 2.000E+05 0.000E+00 0.000E+00 0.000E+00
 4.98807316E-03   5268.6 4.966E-01 7.578E+09 4.958E-03 4.178E-01 2.000E+05 0.000E+00 0.000E+00 0.000E+00
 6.54561148E-03   5319.7 6.517E-01 1.004E+10 5.197E-03 4.093E-01 2.000E+05 0.000E+00 0.000E+00 0.000E+00
 8.52018445E-03   5371.3 8.483E-01 1.324E+10 5.483E-03 4.010E-01 2.000E+05 0.000E+00 0.000E+00 0.000E+00
 1.10082527E-02   5423.2 1.096E+00 1.735E+10 5.819E-03 3.938E-01 2.000E+05 0.000E+00 0.000E+00 0.000E+00
 1.41262475E-02   5475.1 1.407E+00 2.259E+10 6.207E-03 3.882E-01 2.000E+05 0.000E+00 0.000E+00 0.000E+00
 1.80140293E-02   5526.9 1.794E+00 2.925E+10 6.655E-03 3.842E-01 2.000E+05 0.000E+00 0.000E+00 0.000E+00
 2.28344326E-02   5579.0 2.274E+00 3.769E+10 7.179E-03 3.822E-01 2.000E+05 0.000E+00 0.000E+00 0.000E+00
 2.87713655E-02   5631.5 2.866E+00 4.835E+10 7.801E-03 3.820E-01 2.000E+05 0.000E+00 0.000E+00 0.000E+00
 3.60273013E-02   5684.8 3.588E+00 6.180E+10 8.545E-03 3.838E-01 2.000E+05 0.000E+00 0.000E+00 0.000E+00
 4.48227807E-02   5739.0 4.465E+00 7.870E+10 9.438E-03 3.871E-01 2.000E+05 0.000E+00 0.000E+00 0.000E+00
 5.53991956E-02   5793.9 5.518E+00 9.980E+10 1.050E-02 3.919E-01 2.000E+05 0.000E+00 0.000E+00 0.000E+00
 6.80268082E-02   5849.1 6.776E+00 1.259E+11 1.177E-02 3.980E-01 2.000E+05 0.000E+00 0.000E+00 0.000E+00
 8.30193149E-02   5904.2 8.269E+00 1.580E+11 1.325E-02 4.052E-01 2.000E+05 0.000E+00 0.000E+00 0.000E+00
 1.00751491E-01   5958.7 1.004E+01 1.969E+11 1.496E-02 4.141E-01 2.000E+05 0.000E+00 0.000E+00 0.000E+00
 1.21670845E-01   6012.4 1.212E+01 2.439E+11 1.692E-02 4.258E-01 2.000E+05 0.000E+00 0.000E+00 0.000E+00
 1.46300907E-01   6065.4 1.457E+01 3.003E+11 1.918E-02 4.399E-01 2.000E+05 0.000E+00 0.000E+00 0.000E+00
 1.75254008E-01   6117.6 1.745E+01 3.678E+11 2.178E-02 4.568E-01 2.000E+05 0.000E+00 0.000E+00 0.000E+00
 2.09242046E-01   6169.3 2.084E+01 4.482E+11 2.475E-02 4.771E-01 2.000E+05 0.000E+00 0.000E+00 0.000E+00
 2.49086766E-01   6220.3 2.480E+01 5.437E+11 2.818E-02 5.018E-01 2.000E+05 0.000E+00 0.000E+00 0.000E+00
 2.95726348E-01   6271.0 2.944E+01 6.573E+11 3.213E-02 5.314E-01 2.000E+05 0.000E+00 0.000E+00 0.000E+00
 3.50214878E-01   6321.9 3.486E+01 7.925E+11 3.671E-02 5.675E-01 2.000E+05 0.000E+00 0.000E+00 0.000E+00
 4.13701473E-01   6373.5 4.117E+01 9.540E+11 4.209E-02 6.114E-01 2.000E+05 0.000E+00 0.000E+00 0.000E+00
 4.87400938E-01   6426.5 4.849E+01 1.148E+12 4.845E-02 6.652E-01 2.000E+05 0.000E+00 0.000E+00 0.000E+00
 5.72520605E-01   6481.9 5.695E+01 1.383E+12 5.612E-02 7.318E-01 2.000E+05 0.000E+00 0.000E+00 0.000E+00
 6.70152071E-01   6540.7 6.663E+01 1.671E+12 6.551E-02 8.158E-01 2.000E+05 0.000E+00 0.000E+00 0.000E+00
 7.81129195E-01   6604.5 7.764E+01 2.028E+12 7.726E-02 9.237E-01 2.000E+05 0.000E+00 0.000E+00 0.000E+00
 9.05708730E-01   6675.2 8.997E+01 2.479E+12 9.247E-02 1.067E+00 2.000E+05 0.000E+00 0.000E+00 0.000E+00
 1.04328550E+00   6755.2 1.036E+02 3.060E+12 1.127E-01 1.261E+00 2.000E+05 0.000E+00 0.000E+00 0.000E+00
 1.19215741E+00   6847.4 1.182E+02 3.825E+12 1.405E-01 1.532E+00 2.000E+05 8.453E-19 3.032E+00 0.000E+00
 1.34923477E+00   6954.9 1.337E+02 4.854E+12 1.801E-01 1.920E+00 2.000E+05 1.113E-15 3.160E+01 0.000E+00
 1.51004807E+00   7081.3 1.494E+02 6.263E+12 2.386E-01 2.497E+00 2.000E+05 1.054E-14 6.369E+01 0.000E+00
 1.66868684E+00   7230.9 1.648E+02 8.237E+12 3.293E-01 3.388E+00 2.000E+05 5.719E-14 1.069E+02 0.000E+00
 1.81881968E+00   7406.7 1.792E+02 1.102E+13 4.738E-01 4.794E+00 2.000E+05 3.418E-13 1.864E+02 0.000E+00
 1.95496421E+00   7612.7 1.920E+02 1.496E+13 7.120E-01 7.075E+00 2.000E+05 3.407E-12 3.885E+02 0.000E+00
 2.07320883E+00   7852.5 2.028E+02 2.050E+13 1.115E+00 1.080E+01 2.000E+05 6.398E-11 1.012E+03 0.000E+00
 2.17247184E+00   8126.7 2.114E+02 2.800E+13 1.790E+00 1.681E+01 2.000E+05 1.794E-09 3.058E+03 0.000E+00
 2.25462436E+00   8438.4 2.179E+02 3.765E+13 2.879E+00 2.597E+01 2.000E+05 4.828E-08 9.297E+03 0.000E+00
 2.32363619E+00   8788.0 2.226E+02 4.881E+13 4.464E+00 3.871E+01 2.000E+05 7.115E-07 2.364E+04 0.000E+00
 2.38543701E+00   9181.2 2.260E+02 5.985E+13 6.329E+00 5.281E+01 2.000E+05 2.777E-06 3.955E+04 0.000E+00
 2.44809600E+00   9620.6 2.286E+02 6.827E+13 7.759E+00 6.274E+01 2.000E+05 1.394E-06 3.428E+04 0.000E+00
 2.52238980E+00  10113.2 2.313E+02 7.262E+13 8.041E+00 6.371E+01 2.000E+05 8.063E-08 1.489E+04 0.000E+00
 2.62620882E+00  10664.9 2.354E+02 7.372E+13 7.195E+00 5.613E+01 2.000E+05 1.324E-09 4.357E+03 0.000E+00
 2.78687655E+00  11282.1 2.433E+02 7.363E+13 5.957E+00 4.648E+01 2.000E+05 2.391E-11 1.292E+03 0.000E+00
 3.05372955E+00  11974.2 2.590E+02 7.457E+13 4.697E+00 3.646E+01 2.000E+05 8.767E-13 4.555E+02 0.000E+00
 3.50444147E+00  12744.1 2.895E+02 7.869E+13 3.738E+00 2.904E+01 2.000E+05 7.739E-14 2.010E+02 0.000E+00
 4.24270808E+00  13592.7 3.439E+02 8.811E+13 3.120E+00 2.421E+01 2.000E+05 3.323E-14 1.416E+02 0.000E+00
 5.38171230E+00  14522.2 4.320E+02 1.046E+14 2.783E+00 2.154E+01 2.000E+05 6.823E-14 1.644E+02 0.000E+00
 7.03912183E+00  15533.0 5.633E+02 1.291E+14 2.605E+00 2.012E+01 2.000E+05 3.690E-14 1.266E+02 0.000E+00
 9.37590826E+00  16633.0 7.512E+02 1.622E+14 2.483E+00 1.916E+01 2.000E+05 0.000E+00 0.000E+00 0.000E+00
 1.26355338E+01  17823.6 1.016E+03 2.056E+14 2.384E+00 1.842E+01 2.000E+05 0.000E+00 0.000E+00 0.000E+00
 1.70744077E+01  19114.5 1.378E+03 2.605E+14 2.374E+00 1.835E+01 2.000E+05 0.000E+00 0.000E+00 0.000E+00
 2.29745274E+01  20504.1 1.860E+03 3.280E+14 2.393E+00 1.839E+01 2.000E+05 0.000E+00 0.000E+00 0.000E+00
 3.08628984E+01  22011.9 2.504E+03 4.115E+14 2.361E+00 1.816E+01 2.000E+05 0.000E+00 0.000E+00 0.000E+00
 4.15678819E+01  23628.6 3.386E+03 5.184E+14 2.312E+00 1.719E+01 2.000E+05 0.000E+00 0.000E+00 0.000E+00
PRADK 5.4735E+00
BEGIN                    ITERATION  15 COMPLETED
