TEFF   6250.  GRAVITY 3.00000 LTE 
TITLE  [0.0a] VTURB=2  L/H=1.25 NOVER NEW ODF                                   
 OPACITY IFOP 1 1 1 1 1 1 1 1 1 1 1 1 1 0 1 0 0 0 0 0
 CONVECTION ON   1.25 TURBULENCE OFF  0.00  0.00  0.00  0.00
ABUNDANCE SCALE   1.00000 ABUNDANCE CHANGE 1 0.91930 2 0.07824
 ABUNDANCE CHANGE  3 -10.94  4 -10.64  5  -9.49  6  -3.52  7  -4.12  8  -2.81
 ABUNDANCE CHANGE  9  -7.48 10  -3.56 11  -5.71 12  -4.06 13  -5.57 14  -4.09
 ABUNDANCE CHANGE 15  -6.59 16  -4.31 17  -6.54 18  -5.24 19  -6.92 20  -5.28
 ABUNDANCE CHANGE 21  -8.87 22  -6.62 23  -8.04 24  -6.37 25  -6.65 26  -4.54
 ABUNDANCE CHANGE 27  -7.12 28  -5.79 29  -7.83 30  -7.44 31  -9.16 32  -8.63
 ABUNDANCE CHANGE 33  -9.67 34  -8.63 35  -9.41 36  -8.73 37  -9.44 38  -9.07
 ABUNDANCE CHANGE 39  -9.80 40  -9.44 41 -10.62 42 -10.12 43 -20.00 44 -10.20
 ABUNDANCE CHANGE 45 -10.92 46 -10.35 47 -11.10 48 -10.27 49 -10.38 50 -10.04
 ABUNDANCE CHANGE 51 -11.04 52  -9.80 53 -10.53 54  -9.87 55 -10.91 56  -9.91
 ABUNDANCE CHANGE 57 -10.87 58 -10.46 59 -11.33 60 -10.54 61 -20.00 62 -11.03
 ABUNDANCE CHANGE 63 -11.53 64 -10.92 65 -11.69 66 -10.90 67 -11.78 68 -11.11
 ABUNDANCE CHANGE 69 -12.04 70 -10.96 71 -11.98 72 -11.16 73 -12.17 74 -10.93
 ABUNDANCE CHANGE 75 -11.76 76 -10.59 77 -10.69 78 -10.24 79 -11.03 80 -10.91
 ABUNDANCE CHANGE 81 -11.14 82 -10.09 83 -11.33 84 -20.00 85 -20.00 86 -20.00
 ABUNDANCE CHANGE 87 -20.00 88 -20.00 89 -20.00 90 -11.95 91 -20.00 92 -12.54
 ABUNDANCE CHANGE 93 -20.00 94 -20.00 95 -20.00 96 -20.00 97 -20.00 98 -20.00
 ABUNDANCE CHANGE 99 -20.00
READ DECK6 72 RHOX,T,P,XNE,ABROSS,ACCRAD,VTURB, FLXCNV,VCONV,VELSND
 7.83858593E-04   3911.5 7.838E-01 3.153E+08 1.701E-04 4.840E-02 2.000E+05 0.000E+00 0.000E+00 1.469E+06
 1.03936198E-03   3932.4 1.039E+00 4.140E+08 1.780E-04 4.957E-02 2.000E+05 0.000E+00 0.000E+00 1.319E+06
 1.36383266E-03   3953.0 1.364E+00 5.382E+08 1.876E-04 5.069E-02 2.000E+05 0.000E+00 0.000E+00 1.197E+06
 1.77325692E-03   3976.5 1.773E+00 6.941E+08 1.988E-04 5.102E-02 2.000E+05 0.000E+00 0.000E+00 1.099E+06
 2.28639933E-03   4001.9 2.286E+00 8.881E+08 2.121E-04 5.131E-02 2.000E+05 0.000E+00 0.000E+00 1.019E+06
 2.92579265E-03   4028.8 2.926E+00 1.129E+09 2.276E-04 5.109E-02 2.000E+05 0.000E+00 0.000E+00 9.551E+05
 3.71791558E-03   4057.0 3.718E+00 1.425E+09 2.457E-04 5.091E-02 2.000E+05 0.000E+00 0.000E+00 9.032E+05
 4.69355184E-03   4086.1 4.693E+00 1.787E+09 2.668E-04 5.048E-02 2.000E+05 0.000E+00 0.000E+00 8.614E+05
 5.88909114E-03   4115.7 5.889E+00 2.230E+09 2.910E-04 4.958E-02 2.000E+05 0.000E+00 0.000E+00 8.279E+05
 7.34730393E-03   4145.2 7.347E+00 2.766E+09 3.188E-04 4.837E-02 2.000E+05 0.000E+00 0.000E+00 8.010E+05
 9.11779162E-03   4174.3 9.117E+00 3.415E+09 3.510E-04 4.713E-02 2.000E+05 0.000E+00 0.000E+00 7.795E+05
 1.12551602E-02   4203.4 1.125E+01 4.194E+09 3.889E-04 4.687E-02 2.000E+05 0.000E+00 0.000E+00 7.625E+05
 1.38220507E-02   4232.7 1.382E+01 5.126E+09 4.326E-04 4.668E-02 2.000E+05 0.000E+00 0.000E+00 7.491E+05
 1.68942889E-02   4262.1 1.689E+01 6.237E+09 4.827E-04 4.627E-02 2.000E+05 0.000E+00 0.000E+00 7.385E+05
 2.05608808E-02   4291.3 2.056E+01 7.560E+09 5.400E-04 4.572E-02 2.000E+05 0.000E+00 0.000E+00 7.303E+05
 2.49253736E-02   4320.5 2.492E+01 9.128E+09 6.057E-04 4.505E-02 2.000E+05 0.000E+00 0.000E+00 7.240E+05
 3.01100716E-02   4349.6 3.011E+01 1.099E+10 6.809E-04 4.429E-02 2.000E+05 0.000E+00 0.000E+00 7.191E+05
 3.62396380E-02   4378.9 3.624E+01 1.318E+10 7.704E-04 4.462E-02 2.000E+05 0.000E+00 0.000E+00 7.156E+05
 4.34421894E-02   4409.0 4.344E+01 1.576E+10 8.765E-04 4.575E-02 2.000E+05 0.000E+00 0.000E+00 7.130E+05
 5.18795291E-02   4440.0 5.188E+01 1.878E+10 9.978E-04 4.669E-02 2.000E+05 0.000E+00 0.000E+00 7.114E+05
 6.17596161E-02   4471.6 6.176E+01 2.233E+10 1.137E-03 4.741E-02 2.000E+05 0.000E+00 0.000E+00 7.105E+05
 7.33227806E-02   4503.7 7.332E+01 2.650E+10 1.295E-03 4.793E-02 2.000E+05 0.000E+00 0.000E+00 7.102E+05
 8.68495142E-02   4536.1 8.685E+01 3.140E+10 1.477E-03 4.830E-02 2.000E+05 0.000E+00 0.000E+00 7.103E+05
 1.02662313E-01   4568.6 1.027E+02 3.714E+10 1.685E-03 4.867E-02 2.000E+05 0.000E+00 0.000E+00 7.107E+05
 1.21187345E-01   4601.6 1.212E+02 4.390E+10 1.914E-03 4.850E-02 2.000E+05 0.000E+00 0.000E+00 7.115E+05
 1.42931859E-01   4634.7 1.429E+02 5.187E+10 2.176E-03 4.809E-02 2.000E+05 0.000E+00 0.000E+00 7.125E+05
 1.68431684E-01   4667.8 1.684E+02 6.126E+10 2.475E-03 4.757E-02 2.000E+05 0.000E+00 0.000E+00 7.137E+05
 1.98309432E-01   4700.8 1.983E+02 7.229E+10 2.818E-03 4.701E-02 2.000E+05 0.000E+00 0.000E+00 7.151E+05
 2.33294207E-01   4733.4 2.333E+02 8.525E+10 3.210E-03 4.647E-02 2.000E+05 0.000E+00 0.000E+00 7.166E+05
 2.74247519E-01   4765.7 2.742E+02 1.004E+11 3.658E-03 4.597E-02 2.000E+05 0.000E+00 0.000E+00 7.182E+05
 3.22106471E-01   4797.3 3.221E+02 1.182E+11 4.180E-03 4.615E-02 2.000E+05 0.000E+00 0.000E+00 7.198E+05
 3.77806699E-01   4828.2 3.778E+02 1.389E+11 4.801E-03 4.805E-02 2.000E+05 0.000E+00 0.000E+00 7.215E+05
 4.42480724E-01   4860.1 4.425E+02 1.631E+11 5.511E-03 5.005E-02 2.000E+05 0.000E+00 0.000E+00 7.233E+05
 5.17628611E-01   4892.4 5.176E+02 1.915E+11 6.323E-03 5.211E-02 2.000E+05 0.000E+00 0.000E+00 7.252E+05
 6.04988262E-01   4925.5 6.050E+02 2.247E+11 7.252E-03 5.427E-02 2.000E+05 0.000E+00 0.000E+00 7.271E+05
 7.06585781E-01   4959.0 7.066E+02 2.637E+11 8.314E-03 5.658E-02 2.000E+05 0.000E+00 0.000E+00 7.292E+05
 8.24793836E-01   4992.9 8.248E+02 3.095E+11 9.528E-03 5.906E-02 2.000E+05 0.000E+00 0.000E+00 7.313E+05
 9.62336059E-01   5026.9 9.623E+02 3.631E+11 1.092E-02 6.220E-02 2.000E+05 0.000E+00 0.000E+00 7.334E+05
 1.12210551E+00   5061.5 1.122E+03 4.260E+11 1.255E-02 6.672E-02 2.000E+05 0.000E+00 0.000E+00 7.356E+05
 1.30741925E+00   5097.6 1.307E+03 5.004E+11 1.444E-02 7.189E-02 2.000E+05 0.000E+00 0.000E+00 7.379E+05
 1.52227001E+00   5135.5 1.522E+03 5.887E+11 1.661E-02 7.764E-02 2.000E+05 0.000E+00 0.000E+00 7.403E+05
 1.77122163E+00   5175.2 1.771E+03 6.939E+11 1.912E-02 8.412E-02 2.000E+05 0.000E+00 0.000E+00 7.428E+05
 2.05944140E+00   5217.2 2.059E+03 8.198E+11 2.204E-02 9.155E-02 2.000E+05 0.000E+00 0.000E+00 7.454E+05
 2.39267502E+00   5262.1 2.393E+03 9.718E+11 2.544E-02 1.001E-01 2.000E+05 0.000E+00 0.000E+00 7.482E+05
 2.77716385E+00   5310.5 2.777E+03 1.157E+12 2.944E-02 1.102E-01 2.000E+05 0.000E+00 0.000E+00 7.511E+05
 3.21949124E+00   5363.5 3.219E+03 1.386E+12 3.420E-02 1.224E-01 2.000E+05 0.000E+00 0.000E+00 7.543E+05
 3.72408559E+00   5424.3 3.724E+03 1.679E+12 4.025E-02 1.398E-01 2.000E+05 0.000E+00 0.000E+00 7.578E+05
 4.29256706E+00   5494.7 4.292E+03 2.062E+12 4.790E-02 1.615E-01 2.000E+05 0.000E+00 0.000E+00 7.617E+05
 4.92544135E+00   5576.5 4.925E+03 2.578E+12 5.777E-02 1.893E-01 2.000E+05 0.000E+00 0.000E+00 7.661E+05
 5.61946599E+00   5671.9 5.619E+03 3.297E+12 7.087E-02 2.259E-01 2.000E+05 0.000E+00 0.000E+00 7.708E+05
 6.36564931E+00   5783.2 6.365E+03 4.333E+12 8.898E-02 2.768E-01 2.000E+05 0.000E+00 0.000E+00 7.759E+05
 7.14438191E+00   5915.5 7.143E+03 5.905E+12 1.158E-01 3.539E-01 2.000E+05 0.000E+00 0.000E+00 7.813E+05
 7.92966798E+00   6071.3 7.928E+03 8.365E+12 1.557E-01 4.678E-01 2.000E+05 1.471E-02 0.000E+00 7.866E+05
 8.69311867E+00   6255.3 8.691E+03 1.237E+13 2.181E-01 6.470E-01 2.000E+05 8.361E+00 1.552E+02 7.914E+05
 9.40282502E+00   6472.3 9.400E+03 1.912E+13 3.204E-01 9.430E-01 2.000E+05 4.575E+02 1.243E+03 7.951E+05
 1.00313606E+01   6727.3 1.003E+04 3.082E+13 4.947E-01 1.452E+00 2.000E+05 2.009E+04 4.502E+03 7.972E+05
 1.05580643E+01   7029.4 1.055E+04 5.185E+13 8.115E-01 2.390E+00 2.000E+05 9.426E+05 1.519E+04 7.981E+05
 1.09729660E+01   7382.7 1.097E+04 9.014E+13 1.419E+00 4.233E+00 2.000E+05 1.777E+07 5.207E+04 7.991E+05
 1.12714817E+01   7819.5 1.126E+04 1.657E+14 2.763E+00 8.216E+00 2.000E+05 1.879E+08 1.272E+05 8.044E+05
 1.14689716E+01   8298.0 1.146E+04 2.978E+14 5.589E+00 1.444E+01 2.000E+05 1.031E+09 2.549E+05 8.177E+05
 1.16102870E+01   8675.1 1.160E+04 4.488E+14 9.513E+00 1.695E+01 2.000E+05 2.614E+09 4.062E+05 8.344E+05
 1.17325361E+01   8937.9 1.172E+04 5.830E+14 1.354E+01 1.512E+01 2.000E+05 4.086E+09 4.547E+05 8.494E+05
 1.18528289E+01   9144.9 1.184E+04 7.072E+14 1.767E+01 1.312E+01 2.000E+05 5.028E+09 4.801E+05 8.631E+05
 1.19781551E+01   9331.5 1.196E+04 8.336E+14 2.224E+01 1.149E+01 2.000E+05 5.612E+09 4.923E+05 8.768E+05
 1.21136335E+01   9497.7 1.210E+04 9.583E+14 2.700E+01 1.023E+01 2.000E+05 5.970E+09 4.996E+05 8.903E+05
 1.22632528E+01   9663.4 1.224E+04 1.093E+15 3.246E+01 9.337E+00 2.000E+05 6.192E+09 5.041E+05 9.048E+05
 1.24309583E+01   9819.3 1.241E+04 1.231E+15 3.827E+01 8.574E+00 2.000E+05 6.350E+09 5.066E+05 9.194E+05
 1.26207422E+01   9982.9 1.260E+04 1.385E+15 4.507E+01 8.108E+00 2.000E+05 6.457E+09 5.116E+05 9.358E+05
 1.28374102E+01  10144.5 1.281E+04 1.547E+15 5.226E+01 7.539E+00 2.000E+05 6.537E+09 5.113E+05 9.531E+05
 1.30869450E+01  10315.3 1.306E+04 1.728E+15 6.044E+01 7.281E+00 2.000E+05 6.605E+09 5.191E+05 9.723E+05
 1.33750241E+01  10496.8 1.335E+04 1.928E+15 6.972E+01 6.893E+00 2.000E+05 6.637E+09 5.177E+05 9.938E+05
 1.37100210E+01  10680.6 1.368E+04 2.141E+15 7.959E+01 7.011E+00 2.000E+05 6.686E+09 5.260E+05 1.017E+06
PRADK 2.0401E+00
BEGIN                    ITERATION  15 COMPLETED
