TEFF   5750.  GRAVITY 1.50000 LTE 
TITLE  [0.0a] VTURB=2  L/H=1.25 NOVER NEW ODF                                   
 OPACITY IFOP 1 1 1 1 1 1 1 1 1 1 1 1 1 0 1 0 0 0 0 0
 CONVECTION ON   1.25 TURBULENCE OFF  0.00  0.00  0.00  0.00
ABUNDANCE SCALE   1.00000 ABUNDANCE CHANGE 1 0.91930 2 0.07824
 ABUNDANCE CHANGE  3 -10.94  4 -10.64  5  -9.49  6  -3.52  7  -4.12  8  -2.81
 ABUNDANCE CHANGE  9  -7.48 10  -3.56 11  -5.71 12  -4.06 13  -5.57 14  -4.09
 ABUNDANCE CHANGE 15  -6.59 16  -4.31 17  -6.54 18  -5.24 19  -6.92 20  -5.28
 ABUNDANCE CHANGE 21  -8.87 22  -6.62 23  -8.04 24  -6.37 25  -6.65 26  -4.54
 ABUNDANCE CHANGE 27  -7.12 28  -5.79 29  -7.83 30  -7.44 31  -9.16 32  -8.63
 ABUNDANCE CHANGE 33  -9.67 34  -8.63 35  -9.41 36  -8.73 37  -9.44 38  -9.07
 ABUNDANCE CHANGE 39  -9.80 40  -9.44 41 -10.62 42 -10.12 43 -20.00 44 -10.20
 ABUNDANCE CHANGE 45 -10.92 46 -10.35 47 -11.10 48 -10.27 49 -10.38 50 -10.04
 ABUNDANCE CHANGE 51 -11.04 52  -9.80 53 -10.53 54  -9.87 55 -10.91 56  -9.91
 ABUNDANCE CHANGE 57 -10.87 58 -10.46 59 -11.33 60 -10.54 61 -20.00 62 -11.03
 ABUNDANCE CHANGE 63 -11.53 64 -10.92 65 -11.69 66 -10.90 67 -11.78 68 -11.11
 ABUNDANCE CHANGE 69 -12.04 70 -10.96 71 -11.98 72 -11.16 73 -12.17 74 -10.93
 ABUNDANCE CHANGE 75 -11.76 76 -10.59 77 -10.69 78 -10.24 79 -11.03 80 -10.91
 ABUNDANCE CHANGE 81 -11.14 82 -10.09 83 -11.33 84 -20.00 85 -20.00 86 -20.00
 ABUNDANCE CHANGE 87 -20.00 88 -20.00 89 -20.00 90 -11.95 91 -20.00 92 -12.54
 ABUNDANCE CHANGE 93 -20.00 94 -20.00 95 -20.00 96 -20.00 97 -20.00 98 -20.00
 ABUNDANCE CHANGE 99 -20.00
READ DECK6 72 RHOX,T,P,XNE,ABROSS,ACCRAD,VTURB, FLXCNV,VCONV,VELSND
 1.07372554E-03   3400.0 3.394E-02 1.489E+07 1.242E-04 1.162E-02 2.000E+05 0.000E+00 0.000E+00 4.995E+06
 1.42902792E-03   3418.1 4.517E-02 1.967E+07 1.262E-04 1.204E-02 2.000E+05 0.000E+00 0.000E+00 4.348E+06
 1.89503293E-03   3435.8 5.990E-02 2.589E+07 1.284E-04 1.233E-02 2.000E+05 0.000E+00 0.000E+00 3.795E+06
 2.50497189E-03   3456.7 7.918E-02 3.396E+07 1.310E-04 1.244E-02 2.000E+05 0.000E+00 3.610E+05 3.323E+06
 3.30450692E-03   3479.1 1.045E-01 4.444E+07 1.326E-04 1.191E-02 2.000E+05 0.000E+00 2.315E+05 2.918E+06
 4.36282713E-03   3504.1 1.379E-01 5.818E+07 1.332E-04 1.078E-02 2.000E+05 0.000E+00 1.093E+05 2.566E+06
 5.76700574E-03   3529.5 1.823E-01 7.625E+07 1.340E-04 9.681E-03 2.000E+05 0.000E+00 0.000E+00 2.261E+06
 7.62436262E-03   3554.9 2.410E-01 9.994E+07 1.353E-04 8.674E-03 2.000E+05 0.000E+00 0.000E+00 1.996E+06
 1.00719212E-02   3579.9 3.184E-01 1.309E+08 1.372E-04 7.806E-03 2.000E+05 0.000E+00 0.000E+00 1.769E+06
 1.32848422E-02   3605.9 4.200E-01 1.711E+08 1.396E-04 7.053E-03 2.000E+05 0.000E+00 0.000E+00 1.576E+06
 1.74810385E-02   3632.3 5.526E-01 2.231E+08 1.431E-04 6.464E-03 2.000E+05 0.000E+00 0.000E+00 1.412E+06
 2.28541776E-02   3661.4 7.225E-01 2.891E+08 1.513E-04 7.041E-03 2.000E+05 0.000E+00 0.000E+00 1.277E+06
 2.96031196E-02   3693.6 9.359E-01 3.712E+08 1.613E-04 7.729E-03 2.000E+05 0.000E+00 0.000E+00 1.167E+06
 3.80039383E-02   3728.9 1.201E+00 4.725E+08 1.736E-04 8.656E-03 2.000E+05 0.000E+00 0.000E+00 1.077E+06
 4.83519483E-02   3766.7 1.529E+00 5.963E+08 1.889E-04 9.949E-03 2.000E+05 0.000E+00 0.000E+00 1.005E+06
 6.09762084E-02   3807.7 1.928E+00 7.462E+08 2.071E-04 1.146E-02 2.000E+05 0.000E+00 0.000E+00 9.462E+05
 7.65893209E-02   3853.2 2.421E+00 9.302E+08 2.198E-04 1.093E-02 2.000E+05 0.000E+00 0.000E+00 8.983E+05
 9.61525586E-02   3896.6 3.040E+00 1.159E+09 2.347E-04 1.034E-02 2.000E+05 0.000E+00 0.000E+00 8.579E+05
 1.20516495E-01   3938.8 3.810E+00 1.443E+09 2.520E-04 9.859E-03 2.000E+05 0.000E+00 0.000E+00 8.244E+05
 1.50662730E-01   3979.5 4.763E+00 1.792E+09 2.725E-04 9.424E-03 2.000E+05 0.000E+00 0.000E+00 7.970E+05
 1.87717982E-01   4018.9 5.934E+00 2.218E+09 2.965E-04 9.150E-03 2.000E+05 0.000E+00 0.000E+00 7.748E+05
 2.33019527E-01   4057.1 7.367E+00 2.737E+09 3.241E-04 8.868E-03 2.000E+05 0.000E+00 0.000E+00 7.570E+05
 2.88155055E-01   4094.1 9.110E+00 3.366E+09 3.559E-04 8.588E-03 2.000E+05 0.000E+00 0.000E+00 7.429E+05
 3.54945636E-01   4130.1 1.122E+01 4.124E+09 3.927E-04 8.381E-03 2.000E+05 0.000E+00 0.000E+00 7.318E+05
 4.35460450E-01   4165.3 1.377E+01 5.034E+09 4.355E-04 8.241E-03 2.000E+05 0.000E+00 0.000E+00 7.232E+05
 5.32015288E-01   4199.7 1.682E+01 6.121E+09 4.855E-04 8.226E-03 2.000E+05 0.000E+00 0.000E+00 7.166E+05
 6.47341265E-01   4233.9 2.047E+01 7.417E+09 5.427E-04 8.212E-03 2.000E+05 0.000E+00 0.000E+00 7.117E+05
 7.84741313E-01   4267.9 2.481E+01 8.956E+09 6.081E-04 8.188E-03 2.000E+05 0.000E+00 0.000E+00 7.082E+05
 9.48070640E-01   4301.7 2.997E+01 1.078E+10 6.830E-04 8.161E-03 2.000E+05 0.000E+00 0.000E+00 7.057E+05
 1.14169802E+00   4335.2 3.609E+01 1.294E+10 7.695E-04 8.214E-03 2.000E+05 0.000E+00 0.000E+00 7.041E+05
 1.37052796E+00   4368.8 4.333E+01 1.549E+10 8.698E-04 8.325E-03 2.000E+05 0.000E+00 0.000E+00 7.032E+05
 1.63929655E+00   4401.8 5.183E+01 1.849E+10 9.913E-04 8.727E-03 2.000E+05 0.000E+00 0.000E+00 7.028E+05
 1.95363545E+00   4436.2 6.176E+01 2.200E+10 1.130E-03 9.146E-03 2.000E+05 0.000E+00 0.000E+00 7.030E+05
 2.32125646E+00   4471.8 7.338E+01 2.614E+10 1.289E-03 9.566E-03 2.000E+05 0.000E+00 0.000E+00 7.037E+05
 2.75102664E+00   4508.7 8.697E+01 3.101E+10 1.471E-03 9.988E-03 2.000E+05 0.000E+00 0.000E+00 7.048E+05
 3.25308342E+00   4546.8 1.028E+02 3.676E+10 1.679E-03 1.044E-02 2.000E+05 0.000E+00 0.000E+00 7.062E+05
 3.83956053E+00   4586.8 1.214E+02 4.358E+10 1.916E-03 1.087E-02 2.000E+05 0.000E+00 0.000E+00 7.080E+05
 4.52673651E+00   4628.4 1.431E+02 5.172E+10 2.177E-03 1.105E-02 2.000E+05 0.000E+00 0.000E+00 7.100E+05
 5.33261239E+00   4669.2 1.686E+02 6.136E+10 2.477E-03 1.126E-02 2.000E+05 0.000E+00 0.000E+00 7.120E+05
 6.27614733E+00   4709.2 1.984E+02 7.278E+10 2.823E-03 1.155E-02 2.000E+05 0.000E+00 0.000E+00 7.141E+05
 7.37958604E+00   4748.4 2.333E+02 8.628E+10 3.221E-03 1.194E-02 2.000E+05 0.000E+00 0.000E+00 7.162E+05
 8.66875055E+00   4787.7 2.740E+02 1.023E+11 3.679E-03 1.244E-02 2.000E+05 0.000E+00 0.000E+00 7.184E+05
 1.01677184E+01   4826.7 3.214E+02 1.211E+11 4.237E-03 1.346E-02 2.000E+05 0.000E+00 0.000E+00 7.207E+05
 1.19003681E+01   4869.3 3.762E+02 1.438E+11 4.895E-03 1.474E-02 2.000E+05 0.000E+00 0.000E+00 7.231E+05
 1.38984704E+01   4915.8 4.393E+02 1.714E+11 5.665E-03 1.619E-02 2.000E+05 0.000E+00 0.000E+00 7.259E+05
 1.61970583E+01   4967.0 5.120E+02 2.054E+11 6.578E-03 1.788E-02 2.000E+05 0.000E+00 0.000E+00 7.289E+05
 1.88301536E+01   5024.0 5.952E+02 2.480E+11 7.681E-03 1.994E-02 2.000E+05 0.000E+00 0.000E+00 7.322E+05
 2.18193628E+01   5089.3 6.897E+02 3.032E+11 9.081E-03 2.274E-02 2.000E+05 0.000E+00 0.000E+00 7.358E+05
 2.51703363E+01   5164.7 7.956E+02 3.772E+11 1.087E-02 2.627E-02 2.000E+05 0.000E+00 0.000E+00 7.399E+05
 2.88729139E+01   5252.1 9.125E+02 4.799E+11 1.323E-02 3.088E-02 2.000E+05 0.000E+00 0.000E+00 7.443E+05
 3.28867361E+01   5353.1 1.039E+03 6.279E+11 1.647E-02 3.719E-02 2.000E+05 0.000E+00 0.000E+00 7.490E+05
 3.71070324E+01   5472.8 1.173E+03 8.538E+11 2.132E-02 4.703E-02 2.000E+05 0.000E+00 0.000E+00 7.540E+05
 4.13729078E+01   5613.8 1.307E+03 1.213E+12 2.867E-02 6.190E-02 2.000E+05 2.921E-07 0.000E+00 7.588E+05
 4.55156542E+01   5779.3 1.438E+03 1.804E+12 4.024E-02 8.525E-02 2.000E+05 7.948E-03 7.481E+00 7.631E+05
 4.93442008E+01   5974.4 1.559E+03 2.821E+12 5.971E-02 1.251E-01 2.000E+05 5.841E-01 2.175E+02 7.660E+05
 5.27008640E+01   6202.7 1.664E+03 4.619E+12 9.311E-02 1.936E-01 2.000E+05 3.139E+01 8.700E+02 7.670E+05
 5.54804461E+01   6471.7 1.751E+03 7.924E+12 1.548E-01 3.225E-01 2.000E+05 2.070E+03 3.131E+03 7.662E+05
 5.76344870E+01   6786.9 1.819E+03 1.412E+13 2.754E-01 5.782E-01 2.000E+05 1.967E+05 1.199E+04 7.652E+05
 5.91786255E+01   7159.2 1.866E+03 2.610E+13 5.338E-01 1.143E+00 2.000E+05 5.525E+06 5.129E+04 7.675E+05
 6.01719306E+01   7609.1 1.896E+03 5.016E+13 1.164E+00 2.498E+00 2.000E+05 1.252E+08 1.422E+05 7.788E+05
 6.07563576E+01   8097.6 1.912E+03 9.254E+13 2.633E+00 4.771E+00 2.000E+05 8.225E+08 3.782E+05 8.027E+05
 6.11467144E+01   8458.0 1.923E+03 1.370E+14 4.638E+00 5.309E+00 2.000E+05 2.115E+09 6.375E+05 8.284E+05
 6.14824468E+01   8693.3 1.932E+03 1.724E+14 6.560E+00 4.483E+00 2.000E+05 3.201E+09 7.098E+05 8.492E+05
 6.18148544E+01   8879.5 1.941E+03 2.039E+14 8.485E+00 3.801E+00 2.000E+05 3.808E+09 7.480E+05 8.678E+05
 6.21655297E+01   9045.5 1.951E+03 2.342E+14 1.053E+01 3.342E+00 2.000E+05 4.166E+09 7.738E+05 8.862E+05
 6.25476870E+01   9200.2 1.961E+03 2.642E+14 1.273E+01 2.994E+00 2.000E+05 4.365E+09 7.869E+05 9.048E+05
 6.29739311E+01   9349.9 1.974E+03 2.944E+14 1.509E+01 2.780E+00 2.000E+05 4.493E+09 8.023E+05 9.241E+05
 6.34560735E+01   9504.2 1.988E+03 3.263E+14 1.770E+01 2.619E+00 2.000E+05 4.578E+09 8.144E+05 9.453E+05
 6.40079092E+01   9660.5 2.004E+03 3.590E+14 2.051E+01 2.507E+00 2.000E+05 4.640E+09 8.274E+05 9.680E+05
 6.46440109E+01   9830.7 2.022E+03 3.942E+14 2.368E+01 2.473E+00 2.000E+05 4.686E+09 8.447E+05 9.940E+05
 6.53822589E+01  10013.4 2.044E+03 4.309E+14 2.707E+01 2.473E+00 2.000E+05 4.711E+09 8.590E+05 1.023E+06
 6.62522671E+01  10220.9 2.069E+03 4.699E+14 3.043E+01 2.626E+00 2.000E+05 4.728E+09 8.835E+05 1.057E+06
PRADK 1.4607E+00
BEGIN                    ITERATION  15 COMPLETED
