TEFF   6750.  GRAVITY 2.50000 LTE 
TITLE  [0.0] VTURB=2  L/H=1.25 NOVER NEW ODF                                    
 OPACITY IFOP 1 1 1 1 1 1 1 1 1 1 1 1 1 0 1 0 0 0 0 0
 CONVECTION ON   1.25 TURBULENCE OFF  0.00  0.00  0.00  0.00
ABUNDANCE SCALE   1.00000 ABUNDANCE CHANGE 1 0.92040 2 0.07834
 ABUNDANCE CHANGE  3 -10.94  4 -10.64  5  -9.49  6  -3.52  7  -4.12  8  -3.21
 ABUNDANCE CHANGE  9  -7.48 10  -3.96 11  -5.71 12  -4.46 13  -5.57 14  -4.49
 ABUNDANCE CHANGE 15  -6.59 16  -4.71 17  -6.54 18  -5.64 19  -6.92 20  -5.68
 ABUNDANCE CHANGE 21  -8.87 22  -7.02 23  -8.04 24  -6.37 25  -6.65 26  -4.54
 ABUNDANCE CHANGE 27  -7.12 28  -5.79 29  -7.83 30  -7.44 31  -9.16 32  -8.63
 ABUNDANCE CHANGE 33  -9.67 34  -8.63 35  -9.41 36  -8.73 37  -9.44 38  -9.07
 ABUNDANCE CHANGE 39  -9.80 40  -9.44 41 -10.62 42 -10.12 43 -20.00 44 -10.20
 ABUNDANCE CHANGE 45 -10.92 46 -10.35 47 -11.10 48 -10.27 49 -10.38 50 -10.04
 ABUNDANCE CHANGE 51 -11.04 52  -9.80 53 -10.53 54  -9.87 55 -10.91 56  -9.91
 ABUNDANCE CHANGE 57 -10.87 58 -10.46 59 -11.33 60 -10.54 61 -20.00 62 -11.03
 ABUNDANCE CHANGE 63 -11.53 64 -10.92 65 -11.69 66 -10.90 67 -11.78 68 -11.11
 ABUNDANCE CHANGE 69 -12.04 70 -10.96 71 -11.98 72 -11.16 73 -12.17 74 -10.93
 ABUNDANCE CHANGE 75 -11.76 76 -10.59 77 -10.69 78 -10.24 79 -11.03 80 -10.91
 ABUNDANCE CHANGE 81 -11.14 82 -10.09 83 -11.33 84 -20.00 85 -20.00 86 -20.00
 ABUNDANCE CHANGE 87 -20.00 88 -20.00 89 -20.00 90 -11.95 91 -20.00 92 -12.54
 ABUNDANCE CHANGE 93 -20.00 94 -20.00 95 -20.00 96 -20.00 97 -20.00 98 -20.00
 ABUNDANCE CHANGE 99 -20.00
READ DECK6 72 RHOX,T,P,XNE,ABROSS,ACCRAD,VTURB
 5.66983404E-04   4194.0 1.793E-01 1.217E+08 2.352E-04 5.929E-02 2.000E+05 0.000E+00 0.000E+00 0.000E+00
 7.59055607E-04   4208.9 2.400E-01 1.525E+08 2.279E-04 6.026E-02 2.000E+05 0.000E+00 0.000E+00 0.000E+00
 1.02182181E-03   4227.1 3.231E-01 1.939E+08 2.235E-04 6.034E-02 2.000E+05 0.000E+00 0.000E+00 0.000E+00
 1.37688091E-03   4248.5 4.353E-01 2.494E+08 2.220E-04 6.041E-02 2.000E+05 0.000E+00 0.000E+00 0.000E+00
 1.85087451E-03   4273.0 5.852E-01 3.235E+08 2.234E-04 6.024E-02 2.000E+05 0.000E+00 0.000E+00 0.000E+00
 2.47501386E-03   4300.1 7.825E-01 4.217E+08 2.275E-04 5.977E-02 2.000E+05 0.000E+00 0.000E+00 0.000E+00
 3.28712046E-03   4329.5 1.039E+00 5.507E+08 2.345E-04 5.903E-02 2.000E+05 0.000E+00 0.000E+00 0.000E+00
 4.33175197E-03   4360.8 1.370E+00 7.192E+08 2.445E-04 5.835E-02 2.000E+05 0.000E+00 0.000E+00 0.000E+00
 5.65703092E-03   4393.9 1.789E+00 9.382E+08 2.588E-04 5.840E-02 2.000E+05 0.000E+00 0.000E+00 0.000E+00
 7.31708995E-03   4428.2 2.313E+00 1.220E+09 2.770E-04 5.838E-02 2.000E+05 0.000E+00 0.000E+00 0.000E+00
 9.37633385E-03   4463.2 2.965E+00 1.577E+09 2.989E-04 5.816E-02 2.000E+05 0.000E+00 0.000E+00 0.000E+00
 1.19099487E-02   4498.4 3.766E+00 2.028E+09 3.252E-04 5.817E-02 2.000E+05 0.000E+00 0.000E+00 0.000E+00
 1.50044882E-02   4533.7 4.744E+00 2.591E+09 3.562E-04 5.816E-02 2.000E+05 0.000E+00 0.000E+00 0.000E+00
 1.87609711E-02   4568.8 5.932E+00 3.289E+09 3.922E-04 5.805E-02 2.000E+05 0.000E+00 0.000E+00 0.000E+00
 2.33126749E-02   4603.3 7.371E+00 4.148E+09 4.314E-04 5.638E-02 2.000E+05 0.000E+00 0.000E+00 0.000E+00
 2.88208156E-02   4637.3 9.112E+00 5.199E+09 4.764E-04 5.475E-02 2.000E+05 0.000E+00 0.000E+00 0.000E+00
 3.54549064E-02   4670.9 1.121E+01 6.484E+09 5.288E-04 5.344E-02 2.000E+05 0.000E+00 0.000E+00 0.000E+00
 4.34033063E-02   4704.5 1.372E+01 8.052E+09 5.901E-04 5.232E-02 2.000E+05 0.000E+00 0.000E+00 0.000E+00
 5.28801158E-02   4738.2 1.672E+01 9.962E+09 6.614E-04 5.117E-02 2.000E+05 0.000E+00 0.000E+00 0.000E+00
 6.41328142E-02   4771.9 2.028E+01 1.228E+10 7.443E-04 5.000E-02 2.000E+05 0.000E+00 0.000E+00 0.000E+00
 7.74225799E-02   4805.6 2.448E+01 1.507E+10 8.430E-04 4.948E-02 2.000E+05 0.000E+00 0.000E+00 0.000E+00
 9.30245839E-02   4839.5 2.941E+01 1.845E+10 9.600E-04 4.949E-02 2.000E+05 0.000E+00 0.000E+00 0.000E+00
 1.11258773E-01   4873.7 3.518E+01 2.251E+10 1.097E-03 4.971E-02 2.000E+05 0.000E+00 0.000E+00 0.000E+00
 1.32502325E-01   4908.3 4.189E+01 2.739E+10 1.257E-03 5.004E-02 2.000E+05 0.000E+00 0.000E+00 0.000E+00
 1.57191840E-01   4943.1 4.970E+01 3.325E+10 1.444E-03 5.041E-02 2.000E+05 0.000E+00 0.000E+00 0.000E+00
 1.85832986E-01   4978.2 5.876E+01 4.026E+10 1.662E-03 5.081E-02 2.000E+05 0.000E+00 0.000E+00 0.000E+00
 2.19012497E-01   5013.5 6.925E+01 4.864E+10 1.914E-03 5.125E-02 2.000E+05 0.000E+00 0.000E+00 0.000E+00
 2.57382152E-01   5049.0 8.138E+01 5.864E+10 2.209E-03 5.208E-02 2.000E+05 0.000E+00 0.000E+00 0.000E+00
 3.01674361E-01   5084.9 9.538E+01 7.057E+10 2.554E-03 5.302E-02 2.000E+05 0.000E+00 0.000E+00 0.000E+00
 3.52742944E-01   5121.0 1.115E+02 8.479E+10 2.955E-03 5.430E-02 2.000E+05 0.000E+00 0.000E+00 0.000E+00
 4.11557558E-01   5157.6 1.301E+02 1.018E+11 3.423E-03 5.581E-02 2.000E+05 0.000E+00 0.000E+00 0.000E+00
 4.79248430E-01   5194.5 1.515E+02 1.219E+11 3.967E-03 5.746E-02 2.000E+05 0.000E+00 0.000E+00 0.000E+00
 5.57138686E-01   5231.7 1.762E+02 1.459E+11 4.597E-03 5.931E-02 2.000E+05 0.000E+00 0.000E+00 0.000E+00
 6.46787177E-01   5269.0 2.045E+02 1.743E+11 5.325E-03 6.138E-02 2.000E+05 0.000E+00 0.000E+00 0.000E+00
 7.50017326E-01   5306.2 2.371E+02 2.079E+11 6.165E-03 6.376E-02 2.000E+05 0.000E+00 0.000E+00 0.000E+00
 8.68976797E-01   5343.4 2.747E+02 2.475E+11 7.132E-03 6.651E-02 2.000E+05 0.000E+00 0.000E+00 0.000E+00
 1.00613299E+00   5380.6 3.181E+02 2.942E+11 8.249E-03 6.984E-02 2.000E+05 0.000E+00 0.000E+00 0.000E+00
 1.16421229E+00   5417.8 3.681E+02 3.491E+11 9.548E-03 7.424E-02 2.000E+05 0.000E+00 0.000E+00 0.000E+00
 1.34624641E+00   5455.7 4.256E+02 4.145E+11 1.106E-02 7.941E-02 2.000E+05 0.000E+00 0.000E+00 0.000E+00
 1.55570971E+00   5494.3 4.919E+02 4.922E+11 1.282E-02 8.547E-02 2.000E+05 0.000E+00 0.000E+00 0.000E+00
 1.79646509E+00   5534.3 5.680E+02 5.854E+11 1.489E-02 9.264E-02 2.000E+05 0.000E+00 0.000E+00 0.000E+00
 2.07269891E+00   5575.7 6.553E+02 6.975E+11 1.732E-02 1.012E-01 2.000E+05 0.000E+00 0.000E+00 0.000E+00
 2.38883667E+00   5619.4 7.552E+02 8.340E+11 2.022E-02 1.114E-01 2.000E+05 0.000E+00 0.000E+00 0.000E+00
 2.74926394E+00   5666.2 8.692E+02 1.002E+12 2.370E-02 1.240E-01 2.000E+05 0.000E+00 0.000E+00 0.000E+00
 3.15815117E+00   5716.9 9.984E+02 1.212E+12 2.795E-02 1.394E-01 2.000E+05 0.000E+00 0.000E+00 0.000E+00
 3.61843491E+00   5773.3 1.144E+03 1.480E+12 3.328E-02 1.595E-01 2.000E+05 0.000E+00 0.000E+00 0.000E+00
 4.13073459E+00   5837.3 1.306E+03 1.830E+12 4.012E-02 1.859E-01 2.000E+05 0.000E+00 0.000E+00 0.000E+00
 4.69331587E+00   5910.8 1.484E+03 2.299E+12 4.908E-02 2.205E-01 2.000E+05 0.000E+00 0.000E+00 0.000E+00
 5.30134125E+00   5996.4 1.676E+03 2.945E+12 6.111E-02 2.673E-01 2.000E+05 0.000E+00 0.000E+00 0.000E+00
 5.94584031E+00   6096.8 1.879E+03 3.859E+12 7.772E-02 3.323E-01 2.000E+05 0.000E+00 0.000E+00 0.000E+00
 6.61279497E+00   6215.5 2.090E+03 5.193E+12 1.016E-01 4.263E-01 2.000E+05 0.000E+00 0.000E+00 0.000E+00
 7.28220884E+00   6357.2 2.301E+03 7.214E+12 1.373E-01 5.689E-01 2.000E+05 0.000E+00 0.000E+00 0.000E+00
 7.93048690E+00   6526.2 2.506E+03 1.037E+13 1.928E-01 7.920E-01 2.000E+05 1.355E-12 1.332E+02 0.000E+00
 8.53206685E+00   6728.8 2.696E+03 1.547E+13 2.839E-01 1.164E+00 2.000E+05 1.052E-10 5.427E+02 0.000E+00
 9.06178226E+00   6971.8 2.862E+03 2.401E+13 4.427E-01 1.826E+00 2.000E+05 4.966E-09 1.863E+03 0.000E+00
 9.49847458E+00   7265.5 2.999E+03 3.887E+13 7.425E-01 3.096E+00 2.000E+05 2.861E-07 6.788E+03 0.000E+00
 9.83338640E+00   7610.9 3.104E+03 6.467E+13 1.337E+00 5.680E+00 2.000E+05 2.574E-05 2.861E+04 0.000E+00
 1.00663215E+01   8039.4 3.176E+03 1.128E+14 2.706E+00 1.173E+01 2.000E+05 1.278E-03 9.880E+04 0.000E+00
 1.02109398E+01   8550.3 3.219E+03 1.989E+14 5.956E+00 2.406E+01 2.000E+05 1.771E-02 2.235E+05 0.000E+00
 1.03054537E+01   8995.4 3.246E+03 3.020E+14 1.107E+01 3.349E+01 2.000E+05 2.494E-01 5.427E+05 0.000E+00
 1.03825373E+01   9306.6 3.268E+03 3.883E+14 1.629E+01 3.194E+01 2.000E+05 4.912E-01 6.918E+05 0.000E+00
 1.04578510E+01   9540.9 3.289E+03 4.591E+14 2.106E+01 2.800E+01 2.000E+05 6.440E-01 7.622E+05 0.000E+00
 1.05373898E+01   9760.8 3.312E+03 5.280E+14 2.611E+01 2.488E+01 2.000E+05 7.454E-01 8.086E+05 0.000E+00
 1.06248530E+01   9960.1 3.338E+03 5.912E+14 3.102E+01 2.307E+01 2.000E+05 8.085E-01 8.475E+05 0.000E+00
 1.07238632E+01  10179.9 3.367E+03 6.590E+14 3.627E+01 2.189E+01 2.000E+05 8.448E-01 8.729E+05 0.000E+00
 1.08387082E+01  10393.3 3.401E+03 7.217E+14 4.107E+01 2.166E+01 2.000E+05 8.639E-01 8.966E+05 0.000E+00
 1.09744111E+01  10658.5 3.441E+03 7.913E+14 4.621E+01 2.407E+01 2.000E+05 8.746E-01 9.505E+05 0.000E+00
 1.11372943E+01  10977.8 3.488E+03 8.602E+14 5.054E+01 2.483E+01 2.000E+05 8.557E-01 9.190E+05 0.000E+00
 1.13404623E+01  11331.6 3.545E+03 9.169E+14 5.232E+01 5.309E+01 2.000E+05 8.133E-01 1.105E+06 0.000E+00
 1.16682858E+01  13053.6 3.624E+03 9.392E+14 3.350E+01 9.388E+01 2.000E+05 3.528E-02 4.327E+05 0.000E+00
 1.25429135E+01  15613.1 3.839E+03 8.580E+14 1.215E+01 4.742E+01 2.000E+05 2.485E-05 4.628E+04 0.000E+00
 1.50311345E+01  17700.6 4.527E+03 9.135E+14 7.941E+00 3.171E+01 2.000E+05 9.093E-07 1.553E+04 0.000E+00
PRADK 2.7756E+00
BEGIN                    ITERATION  15 COMPLETED
