TEFF   5500.  GRAVITY 3.00000 LTE 
TITLE  [0.0] VTURB=2  L/H=1.25 NOVER NEW ODF                                    
 OPACITY IFOP 1 1 1 1 1 1 1 1 1 1 1 1 1 0 1 0 0 0 0 0
 CONVECTION ON   1.25 TURBULENCE OFF  0.00  0.00  0.00  0.00
ABUNDANCE SCALE   1.00000 ABUNDANCE CHANGE 1 0.92040 2 0.07834
 ABUNDANCE CHANGE  3 -10.94  4 -10.64  5  -9.49  6  -3.52  7  -4.12  8  -3.21
 ABUNDANCE CHANGE  9  -7.48 10  -3.96 11  -5.71 12  -4.46 13  -5.57 14  -4.49
 ABUNDANCE CHANGE 15  -6.59 16  -4.71 17  -6.54 18  -5.64 19  -6.92 20  -5.68
 ABUNDANCE CHANGE 21  -8.87 22  -7.02 23  -8.04 24  -6.37 25  -6.65 26  -4.54
 ABUNDANCE CHANGE 27  -7.12 28  -5.79 29  -7.83 30  -7.44 31  -9.16 32  -8.63
 ABUNDANCE CHANGE 33  -9.67 34  -8.63 35  -9.41 36  -8.73 37  -9.44 38  -9.07
 ABUNDANCE CHANGE 39  -9.80 40  -9.44 41 -10.62 42 -10.12 43 -20.00 44 -10.20
 ABUNDANCE CHANGE 45 -10.92 46 -10.35 47 -11.10 48 -10.27 49 -10.38 50 -10.04
 ABUNDANCE CHANGE 51 -11.04 52  -9.80 53 -10.53 54  -9.87 55 -10.91 56  -9.91
 ABUNDANCE CHANGE 57 -10.87 58 -10.46 59 -11.33 60 -10.54 61 -20.00 62 -11.03
 ABUNDANCE CHANGE 63 -11.53 64 -10.92 65 -11.69 66 -10.90 67 -11.78 68 -11.11
 ABUNDANCE CHANGE 69 -12.04 70 -10.96 71 -11.98 72 -11.16 73 -12.17 74 -10.93
 ABUNDANCE CHANGE 75 -11.76 76 -10.59 77 -10.69 78 -10.24 79 -11.03 80 -10.91
 ABUNDANCE CHANGE 81 -11.14 82 -10.09 83 -11.33 84 -20.00 85 -20.00 86 -20.00
 ABUNDANCE CHANGE 87 -20.00 88 -20.00 89 -20.00 90 -11.95 91 -20.00 92 -12.54
 ABUNDANCE CHANGE 93 -20.00 94 -20.00 95 -20.00 96 -20.00 97 -20.00 98 -20.00
 ABUNDANCE CHANGE 99 -20.00
READ DECK6 72 RHOX,T,P,XNE,ABROSS,ACCRAD,VTURB
 1.20026598E-03   3349.3 1.200E+00 2.215E+08 1.111E-04 2.487E-02 2.000E+05 0.000E+00 0.000E+00 0.000E+00
 1.58818881E-03   3372.9 1.588E+00 2.886E+08 1.182E-04 2.565E-02 2.000E+05 0.000E+00 0.000E+00 0.000E+00
 2.07204069E-03   3397.7 2.072E+00 3.716E+08 1.270E-04 2.600E-02 2.000E+05 0.000E+00 0.000E+00 0.000E+00
 2.66990539E-03   3423.6 2.670E+00 4.735E+08 1.376E-04 2.622E-02 2.000E+05 0.000E+00 0.000E+00 0.000E+00
 3.40248809E-03   3450.4 3.402E+00 5.979E+08 1.501E-04 2.630E-02 2.000E+05 0.000E+00 0.000E+00 0.000E+00
 4.30682542E-03   3477.1 4.307E+00 7.501E+08 1.600E-04 2.451E-02 2.000E+05 0.000E+00 0.000E+00 0.000E+00
 5.45804962E-03   3502.1 5.458E+00 9.404E+08 1.658E-04 2.097E-02 2.000E+05 0.000E+00 0.000E+00 0.000E+00
 6.92772502E-03   3526.3 6.928E+00 1.179E+09 1.747E-04 1.834E-02 2.000E+05 0.000E+00 0.000E+00 0.000E+00
 8.77499666E-03   3550.1 8.775E+00 1.475E+09 1.864E-04 1.632E-02 2.000E+05 0.000E+00 0.000E+00 0.000E+00
 1.10719083E-02   3574.5 1.107E+01 1.839E+09 2.008E-04 1.454E-02 2.000E+05 0.000E+00 0.000E+00 0.000E+00
 1.39058770E-02   3600.3 1.391E+01 2.286E+09 2.178E-04 1.284E-02 2.000E+05 0.000E+00 0.000E+00 0.000E+00
 1.73731610E-02   3626.9 1.737E+01 2.829E+09 2.384E-04 1.148E-02 2.000E+05 0.000E+00 0.000E+00 0.000E+00
 2.14798964E-02   3657.8 2.148E+01 3.481E+09 2.760E-04 1.252E-02 2.000E+05 0.000E+00 0.000E+00 0.000E+00
 2.61815103E-02   3687.9 2.618E+01 4.226E+09 3.229E-04 1.417E-02 2.000E+05 0.000E+00 0.000E+00 0.000E+00
 3.15185627E-02   3719.5 3.152E+01 5.079E+09 3.808E-04 1.646E-02 2.000E+05 0.000E+00 0.000E+00 0.000E+00
 3.75315833E-02   3753.7 3.753E+01 6.055E+09 4.523E-04 1.934E-02 2.000E+05 0.000E+00 0.000E+00 0.000E+00
 4.42451108E-02   3788.6 4.424E+01 7.153E+09 5.413E-04 2.327E-02 2.000E+05 0.000E+00 0.000E+00 0.000E+00
 5.18898866E-02   3825.6 5.189E+01 8.416E+09 6.189E-04 2.423E-02 2.000E+05 0.000E+00 0.000E+00 0.000E+00
 6.09542580E-02   3862.0 6.095E+01 9.903E+09 6.895E-04 2.306E-02 2.000E+05 0.000E+00 0.000E+00 0.000E+00
 7.17695662E-02   3896.6 7.177E+01 1.166E+10 7.729E-04 2.223E-02 2.000E+05 0.000E+00 0.000E+00 0.000E+00
 8.45999456E-02   3930.1 8.460E+01 1.372E+10 8.710E-04 2.165E-02 2.000E+05 0.000E+00 0.000E+00 0.000E+00
 9.97476199E-02   3962.8 9.975E+01 1.614E+10 9.857E-04 2.130E-02 2.000E+05 0.000E+00 0.000E+00 0.000E+00
 1.17627254E-01   3995.4 1.176E+02 1.898E+10 1.111E-03 2.083E-02 2.000E+05 0.000E+00 0.000E+00 0.000E+00
 1.38797226E-01   4027.5 1.388E+02 2.232E+10 1.251E-03 2.037E-02 2.000E+05 0.000E+00 0.000E+00 0.000E+00
 1.63809040E-01   4058.9 1.638E+02 2.624E+10 1.415E-03 2.009E-02 2.000E+05 0.000E+00 0.000E+00 0.000E+00
 1.93254765E-01   4089.6 1.933E+02 3.082E+10 1.605E-03 1.997E-02 2.000E+05 0.000E+00 0.000E+00 0.000E+00
 2.27824512E-01   4119.8 2.278E+02 3.617E+10 1.826E-03 2.000E-02 2.000E+05 0.000E+00 0.000E+00 0.000E+00
 2.68318231E-01   4149.6 2.683E+02 4.238E+10 2.080E-03 2.018E-02 2.000E+05 0.000E+00 0.000E+00 0.000E+00
 3.15701134E-01   4179.0 3.157E+02 4.961E+10 2.370E-03 2.047E-02 2.000E+05 0.000E+00 0.000E+00 0.000E+00
 3.71293529E-01   4208.6 3.713E+02 5.805E+10 2.689E-03 2.070E-02 2.000E+05 0.000E+00 0.000E+00 0.000E+00
 4.36567930E-01   4238.0 4.366E+02 6.789E+10 3.057E-03 2.106E-02 2.000E+05 0.000E+00 0.000E+00 0.000E+00
 5.13061138E-01   4267.2 5.131E+02 7.934E+10 3.481E-03 2.159E-02 2.000E+05 0.000E+00 0.000E+00 0.000E+00
 6.02571135E-01   4296.2 6.026E+02 9.267E+10 3.970E-03 2.226E-02 2.000E+05 0.000E+00 0.000E+00 0.000E+00
 7.07192662E-01   4325.3 7.072E+02 1.081E+11 4.531E-03 2.311E-02 2.000E+05 0.000E+00 0.000E+00 0.000E+00
 8.29383716E-01   4354.5 8.294E+02 1.261E+11 5.176E-03 2.411E-02 2.000E+05 0.000E+00 0.000E+00 0.000E+00
 9.71826610E-01   4383.4 9.718E+02 1.470E+11 5.928E-03 2.554E-02 2.000E+05 0.000E+00 0.000E+00 0.000E+00
 1.13771505E+00   4413.1 1.138E+03 1.711E+11 6.785E-03 2.724E-02 2.000E+05 0.000E+00 0.000E+00 0.000E+00
 1.33102319E+00   4444.0 1.331E+03 1.992E+11 7.764E-03 2.915E-02 2.000E+05 0.000E+00 0.000E+00 0.000E+00
 1.55623640E+00   4476.1 1.556E+03 2.319E+11 8.889E-03 3.132E-02 2.000E+05 0.000E+00 0.000E+00 0.000E+00
 1.81851522E+00   4510.0 1.818E+03 2.700E+11 1.018E-02 3.379E-02 2.000E+05 0.000E+00 0.000E+00 0.000E+00
 2.12380182E+00   4545.8 2.124E+03 3.144E+11 1.166E-02 3.661E-02 2.000E+05 0.000E+00 0.000E+00 0.000E+00
 2.47975213E+00   4584.4 2.480E+03 3.665E+11 1.331E-02 3.926E-02 2.000E+05 0.000E+00 0.000E+00 0.000E+00
 2.89783475E+00   4625.1 2.898E+03 4.279E+11 1.505E-02 4.117E-02 2.000E+05 0.000E+00 0.000E+00 0.000E+00
 3.39044730E+00   4666.7 3.390E+03 5.004E+11 1.705E-02 4.357E-02 2.000E+05 0.000E+00 0.000E+00 0.000E+00
 3.97015711E+00   4710.7 3.970E+03 5.865E+11 1.933E-02 4.655E-02 2.000E+05 0.000E+00 0.000E+00 0.000E+00
 4.65149770E+00   4758.4 4.651E+03 6.890E+11 2.196E-02 5.016E-02 2.000E+05 0.000E+00 0.000E+00 0.000E+00
 5.44947436E+00   4811.7 5.449E+03 8.123E+11 2.506E-02 5.490E-02 2.000E+05 0.000E+00 0.000E+00 0.000E+00
 6.37922376E+00   4873.5 6.379E+03 9.624E+11 2.875E-02 6.090E-02 2.000E+05 0.000E+00 0.000E+00 0.000E+00
 7.45848568E+00   4945.6 7.458E+03 1.149E+12 3.307E-02 6.774E-02 2.000E+05 0.000E+00 0.000E+00 0.000E+00
 8.70600759E+00   5029.7 8.706E+03 1.388E+12 3.830E-02 7.600E-02 2.000E+05 0.000E+00 0.000E+00 0.000E+00
 1.01318589E+01   5129.2 1.013E+04 1.712E+12 4.507E-02 8.713E-02 2.000E+05 0.000E+00 0.000E+00 0.000E+00
 1.17301767E+01   5246.6 1.173E+04 2.177E+12 5.425E-02 1.021E-01 2.000E+05 0.000E+00 0.000E+00 0.000E+00
 1.34732584E+01   5382.7 1.347E+04 2.890E+12 6.754E-02 1.237E-01 2.000E+05 0.000E+00 0.000E+00 0.000E+00
 1.52878471E+01   5544.0 1.529E+04 4.074E+12 8.915E-02 1.605E-01 2.000E+05 0.000E+00 0.000E+00 0.000E+00
 1.70760222E+01   5731.9 1.707E+04 6.127E+12 1.237E-01 2.183E-01 2.000E+05 0.000E+00 0.000E+00 0.000E+00
 1.87414203E+01   5950.9 1.874E+04 9.835E+12 1.828E-01 3.197E-01 2.000E+05 3.881E-08 1.707E+03 0.000E+00
 2.01996961E+01   6208.9 2.020E+04 1.684E+13 2.863E-01 4.964E-01 2.000E+05 4.061E-06 7.871E+03 0.000E+00
 2.14097830E+01   6504.5 2.141E+04 3.007E+13 4.718E-01 8.164E-01 2.000E+05 1.644E-04 2.644E+04 0.000E+00
 2.23603036E+01   6851.4 2.236E+04 5.616E+13 8.246E-01 1.429E+00 2.000E+05 3.180E-03 6.902E+04 0.000E+00
 2.30583385E+01   7259.9 2.305E+04 1.088E+14 1.542E+00 2.586E+00 2.000E+05 1.517E-02 1.106E+05 0.000E+00
 2.35532274E+01   7680.3 2.355E+04 2.000E+14 2.862E+00 4.045E+00 2.000E+05 1.622E-01 2.313E+05 0.000E+00
 2.39319564E+01   8020.7 2.392E+04 3.124E+14 4.658E+00 4.554E+00 2.000E+05 4.436E-01 3.163E+05 0.000E+00
 2.42656827E+01   8273.1 2.426E+04 4.250E+14 6.634E+00 4.180E+00 2.000E+05 6.353E-01 3.447E+05 0.000E+00
 2.45898976E+01   8480.6 2.458E+04 5.399E+14 8.825E+00 3.707E+00 2.000E+05 7.545E-01 3.538E+05 0.000E+00
 2.49230880E+01   8658.7 2.491E+04 6.572E+14 1.122E+01 3.341E+00 2.000E+05 8.283E-01 3.578E+05 0.000E+00
 2.52760034E+01   8825.7 2.526E+04 7.844E+14 1.399E+01 3.039E+00 2.000E+05 8.745E-01 3.567E+05 0.000E+00
 2.56585345E+01   8977.7 2.564E+04 9.164E+14 1.703E+01 2.783E+00 2.000E+05 9.054E-01 3.547E+05 0.000E+00
 2.60784635E+01   9130.2 2.606E+04 1.065E+15 2.064E+01 2.601E+00 2.000E+05 9.277E-01 3.534E+05 0.000E+00
 2.65439748E+01   9275.2 2.653E+04 1.224E+15 2.468E+01 2.403E+00 2.000E+05 9.435E-01 3.494E+05 0.000E+00
 2.70639563E+01   9423.0 2.705E+04 1.404E+15 2.942E+01 2.259E+00 2.000E+05 9.557E-01 3.474E+05 0.000E+00
 2.76480228E+01   9568.7 2.763E+04 1.600E+15 3.480E+01 2.059E+00 2.000E+05 9.660E-01 3.404E+05 0.000E+00
 2.83099870E+01   9711.0 2.829E+04 1.813E+15 4.077E+01 2.092E+00 2.000E+05 9.703E-01 3.416E+05 0.000E+00
PRADK 1.2220E+00
BEGIN                    ITERATION  15 COMPLETED
