TEFF   8250.  GRAVITY 2.50000 LTE 
TITLE  [0.0a] VTURB=2  L/H=1.25 NOVER NEW ODF                                   
 OPACITY IFOP 1 1 1 1 1 1 1 1 1 1 1 1 1 0 1 0 0 0 0 0
 CONVECTION ON   1.25 TURBULENCE OFF  0.00  0.00  0.00  0.00
ABUNDANCE SCALE   1.00000 ABUNDANCE CHANGE 1 0.91930 2 0.07824
 ABUNDANCE CHANGE  3 -10.94  4 -10.64  5  -9.49  6  -3.52  7  -4.12  8  -2.81
 ABUNDANCE CHANGE  9  -7.48 10  -3.56 11  -5.71 12  -4.06 13  -5.57 14  -4.09
 ABUNDANCE CHANGE 15  -6.59 16  -4.31 17  -6.54 18  -5.24 19  -6.92 20  -5.28
 ABUNDANCE CHANGE 21  -8.87 22  -6.62 23  -8.04 24  -6.37 25  -6.65 26  -4.54
 ABUNDANCE CHANGE 27  -7.12 28  -5.79 29  -7.83 30  -7.44 31  -9.16 32  -8.63
 ABUNDANCE CHANGE 33  -9.67 34  -8.63 35  -9.41 36  -8.73 37  -9.44 38  -9.07
 ABUNDANCE CHANGE 39  -9.80 40  -9.44 41 -10.62 42 -10.12 43 -20.00 44 -10.20
 ABUNDANCE CHANGE 45 -10.92 46 -10.35 47 -11.10 48 -10.27 49 -10.38 50 -10.04
 ABUNDANCE CHANGE 51 -11.04 52  -9.80 53 -10.53 54  -9.87 55 -10.91 56  -9.91
 ABUNDANCE CHANGE 57 -10.87 58 -10.46 59 -11.33 60 -10.54 61 -20.00 62 -11.03
 ABUNDANCE CHANGE 63 -11.53 64 -10.92 65 -11.69 66 -10.90 67 -11.78 68 -11.11
 ABUNDANCE CHANGE 69 -12.04 70 -10.96 71 -11.98 72 -11.16 73 -12.17 74 -10.93
 ABUNDANCE CHANGE 75 -11.76 76 -10.59 77 -10.69 78 -10.24 79 -11.03 80 -10.91
 ABUNDANCE CHANGE 81 -11.14 82 -10.09 83 -11.33 84 -20.00 85 -20.00 86 -20.00
 ABUNDANCE CHANGE 87 -20.00 88 -20.00 89 -20.00 90 -11.95 91 -20.00 92 -12.54
 ABUNDANCE CHANGE 93 -20.00 94 -20.00 95 -20.00 96 -20.00 97 -20.00 98 -20.00
 ABUNDANCE CHANGE 99 -20.00
READ DECK6 72 RHOX,T,P,XNE,ABROSS,ACCRAD,VTURB, FLXCNV,VCONV,VELSND
 1.81117866E-05   4789.5 5.701E-03 1.751E+08 7.363E-03 1.475E+00 2.000E+05 0.000E+00 0.000E+00 1.181E+07
 2.42757724E-05   4816.1 7.641E-03 2.226E+08 7.068E-03 1.437E+00 2.000E+05 0.000E+00 0.000E+00 1.042E+07
 3.28675775E-05   4842.0 1.035E-02 2.837E+08 6.738E-03 1.387E+00 2.000E+05 0.000E+00 0.000E+00 9.176E+06
 4.48241550E-05   4872.2 1.411E-02 3.676E+08 6.492E-03 1.334E+00 2.000E+05 0.000E+00 1.771E+07 8.036E+06
 6.13391715E-05   4905.0 1.931E-02 4.806E+08 6.297E-03 1.279E+00 2.000E+05 0.000E+00 1.323E+07 7.017E+06
 8.39797945E-05   4939.6 2.644E-02 6.313E+08 6.140E-03 1.222E+00 2.000E+05 0.000E+00 9.768E+06 6.123E+06
 1.14881572E-04   4975.4 3.618E-02 8.307E+08 6.008E-03 1.166E+00 2.000E+05 0.000E+00 7.142E+06 5.342E+06
 1.56941390E-04   5011.9 4.943E-02 1.093E+09 5.891E-03 1.112E+00 2.000E+05 0.000E+00 5.162E+06 4.666E+06
 2.14130784E-04   5048.3 6.745E-02 1.434E+09 5.778E-03 1.062E+00 2.000E+05 0.000E+00 3.687E+06 4.082E+06
 2.91896389E-04   5084.7 9.196E-02 1.878E+09 5.667E-03 1.021E+00 2.000E+05 0.000E+00 2.617E+06 3.577E+06
 3.97559530E-04   5121.4 1.253E-01 2.456E+09 5.568E-03 9.888E-01 2.000E+05 0.000E+00 1.857E+06 3.140E+06
 5.40626512E-04   5159.5 1.704E-01 3.218E+09 5.498E-03 9.646E-01 2.000E+05 0.000E+00 1.320E+06 2.760E+06
 7.32996682E-04   5199.7 2.310E-01 4.229E+09 5.477E-03 9.454E-01 2.000E+05 0.000E+00 9.369E+05 2.431E+06
 9.89064903E-04   5242.7 3.118E-01 5.578E+09 5.517E-03 9.290E-01 2.000E+05 0.000E+00 6.590E+05 2.146E+06
 1.32568222E-03   5288.9 4.179E-01 7.381E+09 5.633E-03 9.132E-01 2.000E+05 0.000E+00 4.507E+05 1.902E+06
 1.76255538E-03   5337.7 5.556E-01 9.775E+09 5.821E-03 8.968E-01 2.000E+05 0.000E+00 1.009E+05 1.694E+06
 2.32276324E-03   5388.7 7.323E-01 1.293E+10 6.087E-03 8.791E-01 2.000E+05 0.000E+00 4.688E+04 1.520E+06
 3.03332860E-03   5441.4 9.564E-01 1.706E+10 6.431E-03 8.604E-01 2.000E+05 0.000E+00 1.815E+04 1.373E+06
 3.92614582E-03   5494.9 1.238E+00 2.238E+10 6.852E-03 8.416E-01 2.000E+05 0.000E+00 3.285E+03 1.252E+06
 5.03987621E-03   5548.5 1.589E+00 2.918E+10 7.346E-03 8.234E-01 2.000E+05 0.000E+00 0.000E+00 1.151E+06
 6.42135460E-03   5601.9 2.025E+00 3.778E+10 7.917E-03 8.071E-01 2.000E+05 0.000E+00 0.000E+00 1.069E+06
 8.12632409E-03   5654.9 2.563E+00 4.857E+10 8.575E-03 7.936E-01 2.000E+05 0.000E+00 0.000E+00 1.001E+06
 1.02199739E-02   5707.6 3.223E+00 6.205E+10 9.335E-03 7.836E-01 2.000E+05 0.000E+00 0.000E+00 9.455E+05
 1.27768378E-02   5760.1 4.030E+00 7.883E+10 1.022E-02 7.783E-01 2.000E+05 0.000E+00 0.000E+00 9.002E+05
 1.58802378E-02   5812.8 5.009E+00 9.963E+10 1.127E-02 7.772E-01 2.000E+05 0.000E+00 0.000E+00 8.634E+05
 1.96224508E-02   5865.8 6.189E+00 1.254E+11 1.250E-02 7.796E-01 2.000E+05 0.000E+00 0.000E+00 8.336E+05
 2.41049683E-02   5919.2 7.603E+00 1.571E+11 1.396E-02 7.848E-01 2.000E+05 0.000E+00 0.000E+00 8.096E+05
 2.94404239E-02   5972.9 9.286E+00 1.960E+11 1.568E-02 7.924E-01 2.000E+05 0.000E+00 0.000E+00 7.905E+05
 3.57564076E-02   6026.9 1.128E+01 2.434E+11 1.771E-02 8.031E-01 2.000E+05 0.000E+00 0.000E+00 7.753E+05
 4.32013812E-02   6080.7 1.363E+01 3.007E+11 2.007E-02 8.166E-01 2.000E+05 0.000E+00 0.000E+00 7.634E+05
 5.19514247E-02   6134.0 1.639E+01 3.696E+11 2.279E-02 8.332E-01 2.000E+05 0.000E+00 0.000E+00 7.541E+05
 6.22151382E-02   6186.7 1.962E+01 4.518E+11 2.593E-02 8.540E-01 2.000E+05 0.000E+00 0.000E+00 7.470E+05
 7.42380705E-02   6238.6 2.341E+01 5.495E+11 2.954E-02 8.802E-01 2.000E+05 0.000E+00 0.000E+00 7.416E+05
 8.83061706E-02   6290.0 2.785E+01 6.653E+11 3.368E-02 9.119E-01 2.000E+05 0.000E+00 0.000E+00 7.376E+05
 1.04751782E-01   6341.0 3.304E+01 8.024E+11 3.844E-02 9.500E-01 2.000E+05 0.000E+00 0.000E+00 7.347E+05
 1.23960667E-01   6391.6 3.909E+01 9.644E+11 4.390E-02 9.960E-01 2.000E+05 0.000E+00 0.000E+00 7.328E+05
 1.46377553E-01   6442.0 4.616E+01 1.156E+12 5.019E-02 1.050E+00 2.000E+05 0.000E+00 0.000E+00 7.317E+05
 1.72510317E-01   6492.5 5.439E+01 1.382E+12 5.745E-02 1.115E+00 2.000E+05 0.000E+00 0.000E+00 7.312E+05
 2.02930310E-01   6543.4 6.398E+01 1.649E+12 6.586E-02 1.192E+00 2.000E+05 0.000E+00 0.000E+00 7.313E+05
 2.38267550E-01   6595.2 7.511E+01 1.966E+12 7.571E-02 1.285E+00 2.000E+05 0.000E+00 0.000E+00 7.318E+05
 2.79183185E-01   6648.6 8.799E+01 2.346E+12 8.738E-02 1.399E+00 2.000E+05 0.000E+00 0.000E+00 7.328E+05
 3.26328841E-01   6704.6 1.028E+02 2.803E+12 1.014E-01 1.541E+00 2.000E+05 0.000E+00 0.000E+00 7.341E+05
 3.80292155E-01   6764.6 1.198E+02 3.361E+12 1.186E-01 1.720E+00 2.000E+05 0.000E+00 0.000E+00 7.359E+05
 4.41505179E-01   6830.0 1.391E+02 4.051E+12 1.402E-01 1.950E+00 2.000E+05 0.000E+00 0.000E+00 7.381E+05
 5.10129827E-01   6902.8 1.606E+02 4.920E+12 1.679E-01 2.251E+00 2.000E+05 0.000E+00 0.000E+00 7.409E+05
 5.85891547E-01   6985.6 1.844E+02 6.034E+12 2.046E-01 2.656E+00 2.000E+05 4.993E-07 0.000E+00 7.442E+05
 6.67933969E-01   7080.9 2.101E+02 7.492E+12 2.548E-01 3.213E+00 2.000E+05 5.976E-05 1.254E+01 7.485E+05
 7.54556886E-01   7192.6 2.372E+02 9.445E+12 3.266E-01 4.014E+00 2.000E+05 5.581E-04 5.854E+01 7.539E+05
 8.43288366E-01   7323.6 2.648E+02 1.210E+13 4.320E-01 5.192E+00 2.000E+05 3.121E-03 1.093E+02 7.609E+05
 9.31151149E-01   7478.2 2.921E+02 1.577E+13 5.927E-01 6.987E+00 2.000E+05 1.699E-02 1.785E+02 7.702E+05
 1.01481172E+00   7660.6 3.178E+02 2.091E+13 8.476E-01 9.802E+00 2.000E+05 1.358E-01 3.048E+02 7.830E+05
 1.09119142E+00   7874.4 3.411E+02 2.812E+13 1.264E+00 1.430E+01 2.000E+05 2.009E+00 6.144E+02 8.004E+05
 1.15824314E+00   8122.2 3.611E+02 3.808E+13 1.952E+00 2.152E+01 2.000E+05 4.371E+01 1.528E+03 8.245E+05
 1.21541336E+00   8406.6 3.777E+02 5.144E+13 3.079E+00 3.271E+01 2.000E+05 8.682E+02 4.298E+03 8.578E+05
 1.26381618E+00   8723.2 3.910E+02 6.803E+13 4.813E+00 4.900E+01 2.000E+05 1.004E+04 1.175E+04 9.023E+05
 1.30589562E+00   9075.5 4.019E+02 8.691E+13 7.187E+00 6.986E+01 2.000E+05 4.474E+04 2.679E+04 9.604E+05
 1.34492289E+00   9472.4 4.110E+02 1.058E+14 9.905E+00 9.257E+01 2.000E+05 7.597E+04 4.173E+04 1.033E+06
 1.38527503E+00   9918.7 4.197E+02 1.209E+14 1.197E+01 1.087E+02 2.000E+05 5.464E+04 3.560E+04 1.116E+06
 1.43369642E+00  10421.2 4.297E+02 1.301E+14 1.230E+01 1.093E+02 2.000E+05 1.505E+04 1.568E+04 1.203E+06
 1.50108204E+00  10988.3 4.440E+02 1.343E+14 1.115E+01 9.846E+01 2.000E+05 8.672E+02 4.573E+03 1.300E+06
 1.60448847E+00  11625.9 4.674E+02 1.369E+14 9.249E+00 8.153E+01 2.000E+05 1.459E+01 1.232E+03 1.415E+06
 1.77517348E+00  12343.6 5.090E+02 1.419E+14 7.402E+00 6.533E+01 2.000E+05 2.024E-01 3.784E+02 1.531E+06
 2.05850955E+00  13143.4 5.820E+02 1.532E+14 5.998E+00 5.292E+01 2.000E+05 5.311E-03 1.498E+02 1.603E+06
 2.51580486E+00  14019.7 7.046E+02 1.749E+14 5.065E+00 4.447E+01 2.000E+05 1.172E-03 1.120E+02 1.622E+06
 3.21289209E+00  14978.9 8.958E+02 2.100E+14 4.571E+00 4.006E+01 2.000E+05 1.781E-03 1.561E+02 1.643E+06
 4.22140867E+00  16020.4 1.176E+03 2.608E+14 4.287E+00 3.743E+01 2.000E+05 1.541E-03 1.392E+02 1.713E+06
 5.63313444E+00  17155.6 1.570E+03 3.282E+14 4.134E+00 3.614E+01 2.000E+05 4.853E-04 0.000E+00 1.831E+06
 7.57369204E+00  18381.8 2.115E+03 4.145E+14 4.041E+00 3.540E+01 2.000E+05 0.000E+00 0.000E+00 1.963E+06
 1.01463637E+01  19709.9 2.837E+03 5.196E+14 4.158E+00 3.602E+01 2.000E+05 0.000E+00 0.000E+00 2.077E+06
 1.35717635E+01  21145.3 3.798E+03 6.490E+14 4.054E+00 3.533E+01 2.000E+05 0.000E+00 0.000E+00 2.170E+06
 1.82290006E+01  22699.7 5.107E+03 8.135E+14 4.000E+00 3.479E+01 2.000E+05 0.000E+00 0.000E+00 2.255E+06
 2.45941688E+01  24368.1 6.905E+03 1.025E+15 3.858E+00 3.261E+01 2.000E+05 0.000E+00 0.000E+00 2.339E+06
PRADK 6.1906E+00
BEGIN                    ITERATION  15 COMPLETED
