TEFF   6000.  GRAVITY 3.50000 LTE 
TITLE  [0.0a] VTURB=2  L/H=1.25 NOVER NEW ODF                                   
 OPACITY IFOP 1 1 1 1 1 1 1 1 1 1 1 1 1 0 1 0 0 0 0 0
 CONVECTION ON   1.25 TURBULENCE OFF  0.00  0.00  0.00  0.00
ABUNDANCE SCALE   1.00000 ABUNDANCE CHANGE 1 0.91930 2 0.07824
 ABUNDANCE CHANGE  3 -10.94  4 -10.64  5  -9.49  6  -3.52  7  -4.12  8  -2.81
 ABUNDANCE CHANGE  9  -7.48 10  -3.56 11  -5.71 12  -4.06 13  -5.57 14  -4.09
 ABUNDANCE CHANGE 15  -6.59 16  -4.31 17  -6.54 18  -5.24 19  -6.92 20  -5.28
 ABUNDANCE CHANGE 21  -8.87 22  -6.62 23  -8.04 24  -6.37 25  -6.65 26  -4.54
 ABUNDANCE CHANGE 27  -7.12 28  -5.79 29  -7.83 30  -7.44 31  -9.16 32  -8.63
 ABUNDANCE CHANGE 33  -9.67 34  -8.63 35  -9.41 36  -8.73 37  -9.44 38  -9.07
 ABUNDANCE CHANGE 39  -9.80 40  -9.44 41 -10.62 42 -10.12 43 -20.00 44 -10.20
 ABUNDANCE CHANGE 45 -10.92 46 -10.35 47 -11.10 48 -10.27 49 -10.38 50 -10.04
 ABUNDANCE CHANGE 51 -11.04 52  -9.80 53 -10.53 54  -9.87 55 -10.91 56  -9.91
 ABUNDANCE CHANGE 57 -10.87 58 -10.46 59 -11.33 60 -10.54 61 -20.00 62 -11.03
 ABUNDANCE CHANGE 63 -11.53 64 -10.92 65 -11.69 66 -10.90 67 -11.78 68 -11.11
 ABUNDANCE CHANGE 69 -12.04 70 -10.96 71 -11.98 72 -11.16 73 -12.17 74 -10.93
 ABUNDANCE CHANGE 75 -11.76 76 -10.59 77 -10.69 78 -10.24 79 -11.03 80 -10.91
 ABUNDANCE CHANGE 81 -11.14 82 -10.09 83 -11.33 84 -20.00 85 -20.00 86 -20.00
 ABUNDANCE CHANGE 87 -20.00 88 -20.00 89 -20.00 90 -11.95 91 -20.00 92 -12.54
 ABUNDANCE CHANGE 93 -20.00 94 -20.00 95 -20.00 96 -20.00 97 -20.00 98 -20.00
 ABUNDANCE CHANGE 99 -20.00
READ DECK6 72 RHOX,T,P,XNE,ABROSS,ACCRAD,VTURB, FLXCNV,VCONV,VELSND
 6.52347360E-04   3761.2 2.063E+00 7.957E+08 2.044E-04 5.260E-02 2.000E+05 0.000E+00 0.000E+00 9.645E+05
 8.57959167E-04   3785.9 2.713E+00 1.036E+09 2.282E-04 5.933E-02 2.000E+05 0.000E+00 0.000E+00 8.991E+05
 1.10419291E-03   3810.0 3.492E+00 1.320E+09 2.535E-04 6.411E-02 2.000E+05 0.000E+00 0.000E+00 8.501E+05
 1.40255708E-03   3835.6 4.435E+00 1.662E+09 2.766E-04 6.498E-02 2.000E+05 0.000E+00 0.000E+00 8.123E+05
 1.76627353E-03   3862.9 5.585E+00 2.075E+09 3.031E-04 6.479E-02 2.000E+05 0.000E+00 0.000E+00 7.828E+05
 2.20800794E-03   3891.0 6.982E+00 2.572E+09 3.335E-04 6.381E-02 2.000E+05 0.000E+00 0.000E+00 7.596E+05
 2.74220647E-03   3919.1 8.671E+00 3.169E+09 3.684E-04 6.235E-02 2.000E+05 0.000E+00 0.000E+00 7.414E+05
 3.38571703E-03   3947.0 1.071E+01 3.882E+09 4.086E-04 6.078E-02 2.000E+05 0.000E+00 0.000E+00 7.271E+05
 4.15807758E-03   3974.4 1.315E+01 4.730E+09 4.547E-04 5.951E-02 2.000E+05 0.000E+00 0.000E+00 7.158E+05
 5.08245549E-03   4001.4 1.607E+01 5.738E+09 5.072E-04 5.864E-02 2.000E+05 0.000E+00 0.000E+00 7.071E+05
 6.18618565E-03   4027.8 1.956E+01 6.931E+09 5.672E-04 5.787E-02 2.000E+05 0.000E+00 0.000E+00 7.002E+05
 7.50043018E-03   4053.6 2.372E+01 8.340E+09 6.360E-04 5.719E-02 2.000E+05 0.000E+00 0.000E+00 6.950E+05
 9.06105311E-03   4078.8 2.865E+01 1.000E+10 7.151E-04 5.669E-02 2.000E+05 0.000E+00 0.000E+00 6.910E+05
 1.09102050E-02   4103.9 3.450E+01 1.195E+10 8.056E-04 5.650E-02 2.000E+05 0.000E+00 0.000E+00 6.880E+05
 1.30969795E-02   4129.0 4.142E+01 1.424E+10 9.093E-04 5.665E-02 2.000E+05 0.000E+00 0.000E+00 6.859E+05
 1.56774298E-02   4154.6 4.958E+01 1.693E+10 1.029E-03 5.691E-02 2.000E+05 0.000E+00 0.000E+00 6.846E+05
 1.87174277E-02   4180.7 5.919E+01 2.007E+10 1.165E-03 5.734E-02 2.000E+05 0.000E+00 0.000E+00 6.839E+05
 2.22969841E-02   4207.7 7.051E+01 2.375E+10 1.319E-03 5.775E-02 2.000E+05 0.000E+00 0.000E+00 6.837E+05
 2.65099095E-02   4235.5 8.383E+01 2.805E+10 1.495E-03 5.790E-02 2.000E+05 0.000E+00 0.000E+00 6.840E+05
 3.14645681E-02   4264.1 9.950E+01 3.309E+10 1.696E-03 5.786E-02 2.000E+05 0.000E+00 0.000E+00 6.847E+05
 3.72875630E-02   4293.6 1.179E+02 3.898E+10 1.925E-03 5.790E-02 2.000E+05 0.000E+00 0.000E+00 6.857E+05
 4.41238439E-02   4323.6 1.395E+02 4.585E+10 2.188E-03 5.787E-02 2.000E+05 0.000E+00 0.000E+00 6.870E+05
 5.21416543E-02   4354.1 1.649E+02 5.388E+10 2.490E-03 5.781E-02 2.000E+05 0.000E+00 0.000E+00 6.885E+05
 6.15177906E-02   4384.7 1.945E+02 6.321E+10 2.845E-03 5.873E-02 2.000E+05 0.000E+00 0.000E+00 6.901E+05
 7.24517259E-02   4415.6 2.291E+02 7.405E+10 3.255E-03 6.014E-02 2.000E+05 0.000E+00 0.000E+00 6.919E+05
 8.51981844E-02   4446.8 2.694E+02 8.663E+10 3.722E-03 6.151E-02 2.000E+05 0.000E+00 0.000E+00 6.938E+05
 1.00066969E-01   4478.2 3.164E+02 1.012E+11 4.254E-03 6.295E-02 2.000E+05 0.000E+00 0.000E+00 6.957E+05
 1.17412845E-01   4509.8 3.713E+02 1.182E+11 4.863E-03 6.488E-02 2.000E+05 0.000E+00 0.000E+00 6.978E+05
 1.37641839E-01   4541.6 4.353E+02 1.379E+11 5.562E-03 6.711E-02 2.000E+05 0.000E+00 0.000E+00 6.999E+05
 1.61232109E-01   4573.7 5.099E+02 1.609E+11 6.357E-03 6.960E-02 2.000E+05 0.000E+00 0.000E+00 7.021E+05
 1.88888568E-01   4607.2 5.973E+02 1.877E+11 7.201E-03 6.967E-02 2.000E+05 0.000E+00 0.000E+00 7.044E+05
 2.21424934E-01   4640.3 7.002E+02 2.191E+11 8.169E-03 6.988E-02 2.000E+05 0.000E+00 0.000E+00 7.067E+05
 2.59649362E-01   4673.1 8.211E+02 2.558E+11 9.277E-03 7.040E-02 2.000E+05 0.000E+00 0.000E+00 7.090E+05
 3.04514116E-01   4705.4 9.629E+02 2.987E+11 1.054E-02 7.124E-02 2.000E+05 0.000E+00 0.000E+00 7.113E+05
 3.57153187E-01   4737.4 1.129E+03 3.488E+11 1.198E-02 7.273E-02 2.000E+05 0.000E+00 0.000E+00 7.135E+05
 4.18896836E-01   4769.1 1.325E+03 4.073E+11 1.363E-02 7.483E-02 2.000E+05 0.000E+00 0.000E+00 7.157E+05
 4.91170805E-01   4800.3 1.553E+03 4.753E+11 1.555E-02 7.830E-02 2.000E+05 0.000E+00 0.000E+00 7.179E+05
 5.75549888E-01   4831.4 1.820E+03 5.544E+11 1.778E-02 8.332E-02 2.000E+05 0.000E+00 0.000E+00 7.201E+05
 6.73981958E-01   4863.7 2.131E+03 6.465E+11 2.032E-02 8.888E-02 2.000E+05 0.000E+00 0.000E+00 7.224E+05
 7.88902988E-01   4897.0 2.495E+03 7.540E+11 2.320E-02 9.504E-02 2.000E+05 0.000E+00 0.000E+00 7.248E+05
 9.23133752E-01   4931.5 2.919E+03 8.796E+11 2.648E-02 1.020E-01 2.000E+05 0.000E+00 0.000E+00 7.272E+05
 1.08006549E+00   4967.9 3.415E+03 1.027E+12 3.018E-02 1.099E-01 2.000E+05 0.000E+00 0.000E+00 7.298E+05
 1.26371340E+00   5006.7 3.996E+03 1.200E+12 3.440E-02 1.192E-01 2.000E+05 0.000E+00 0.000E+00 7.325E+05
 1.47831361E+00   5049.0 4.675E+03 1.406E+12 3.930E-02 1.307E-01 2.000E+05 0.000E+00 0.000E+00 7.355E+05
 1.72864528E+00   5095.8 5.466E+03 1.650E+12 4.495E-02 1.438E-01 2.000E+05 0.000E+00 0.000E+00 7.388E+05
 2.02036367E+00   5148.4 6.389E+03 1.945E+12 5.147E-02 1.587E-01 2.000E+05 0.000E+00 0.000E+00 7.424E+05
 2.35970696E+00   5207.9 7.462E+03 2.303E+12 5.907E-02 1.757E-01 2.000E+05 0.000E+00 0.000E+00 7.465E+05
 2.75342551E+00   5276.0 8.707E+03 2.749E+12 6.802E-02 1.957E-01 2.000E+05 0.000E+00 0.000E+00 7.511E+05
 3.20813267E+00   5353.8 1.014E+04 3.316E+12 7.880E-02 2.196E-01 2.000E+05 0.000E+00 0.000E+00 7.562E+05
 3.72684593E+00   5446.7 1.178E+04 4.072E+12 9.306E-02 2.541E-01 2.000E+05 0.000E+00 0.000E+00 7.620E+05
 4.30733011E+00   5556.4 1.362E+04 5.125E+12 1.119E-01 2.991E-01 2.000E+05 0.000E+00 0.000E+00 7.686E+05
 4.94385859E+00   5684.8 1.563E+04 6.669E+12 1.378E-01 3.603E-01 2.000E+05 0.000E+00 0.000E+00 7.758E+05
 5.62033927E+00   5835.9 1.777E+04 9.067E+12 1.765E-01 4.534E-01 2.000E+05 0.000E+00 0.000E+00 7.837E+05
 6.30832245E+00   6014.1 1.995E+04 1.299E+13 2.370E-01 6.005E-01 2.000E+05 6.280E-01 0.000E+00 7.919E+05
 6.97558161E+00   6222.9 2.206E+04 1.967E+13 3.338E-01 8.352E-01 2.000E+05 4.979E+02 4.044E+02 8.001E+05
 7.58947146E+00   6467.5 2.400E+04 3.144E+13 4.981E-01 1.237E+00 2.000E+05 2.714E+04 3.633E+03 8.074E+05
 8.12308677E+00   6754.0 2.568E+04 5.282E+13 7.847E-01 1.942E+00 2.000E+05 1.045E+06 1.322E+04 8.129E+05
 8.56394537E+00   7083.5 2.708E+04 9.182E+13 1.299E+00 3.220E+00 2.000E+05 1.330E+07 4.291E+04 8.161E+05
 8.90379175E+00   7483.4 2.815E+04 1.687E+14 2.342E+00 5.788E+00 2.000E+05 1.118E+08 9.223E+04 8.180E+05
 9.14580199E+00   7937.2 2.891E+04 3.121E+14 4.460E+00 1.002E+01 2.000E+05 6.639E+08 1.730E+05 8.217E+05
 9.32273998E+00   8333.4 2.947E+04 5.051E+14 7.688E+00 1.291E+01 2.000E+05 1.868E+09 2.888E+05 8.292E+05
 9.47097537E+00   8627.2 2.994E+04 7.014E+14 1.138E+01 1.245E+01 2.000E+05 3.169E+09 3.353E+05 8.379E+05
 9.61201250E+00   8853.8 3.038E+04 8.900E+14 1.528E+01 1.100E+01 2.000E+05 4.074E+09 3.528E+05 8.466E+05
 9.75541229E+00   9052.2 3.083E+04 1.085E+15 1.963E+01 9.736E+00 2.000E+05 4.635E+09 3.601E+05 8.555E+05
 9.90724296E+00   9226.9 3.131E+04 1.283E+15 2.433E+01 8.749E+00 2.000E+05 4.986E+09 3.631E+05 8.645E+05
 1.00716081E+01   9396.3 3.183E+04 1.500E+15 2.975E+01 7.970E+00 2.000E+05 5.201E+09 3.625E+05 8.741E+05
 1.02531367E+01   9552.7 3.240E+04 1.725E+15 3.560E+01 7.318E+00 2.000E+05 5.361E+09 3.619E+05 8.837E+05
 1.04554898E+01   9714.4 3.304E+04 1.982E+15 4.257E+01 6.851E+00 2.000E+05 5.463E+09 3.615E+05 8.945E+05
 1.06829730E+01   9868.1 3.376E+04 2.252E+15 5.016E+01 6.294E+00 2.000E+05 5.544E+09 3.573E+05 9.054E+05
 1.09404968E+01  10028.2 3.457E+04 2.560E+15 5.906E+01 6.027E+00 2.000E+05 5.615E+09 3.602E+05 9.176E+05
 1.12330263E+01  10192.2 3.550E+04 2.906E+15 6.916E+01 5.549E+00 2.000E+05 5.640E+09 3.533E+05 9.308E+05
 1.15681024E+01  10351.4 3.655E+04 3.276E+15 8.011E+01 5.573E+00 2.000E+05 5.701E+09 3.561E+05 9.443E+05
PRADK 1.7327E+00
BEGIN                    ITERATION  15 COMPLETED
