TEFF   5750.  GRAVITY 1.00000 LTE 
TITLE  [0.0a] VTURB=2  L/H=1.25 NOVER NEW ODF                                   
 OPACITY IFOP 1 1 1 1 1 1 1 1 1 1 1 1 1 0 1 0 0 0 0 0
 CONVECTION ON   1.25 TURBULENCE OFF  0.00  0.00  0.00  0.00
ABUNDANCE SCALE   1.00000 ABUNDANCE CHANGE 1 0.91930 2 0.07824
 ABUNDANCE CHANGE  3 -10.94  4 -10.64  5  -9.49  6  -3.52  7  -4.12  8  -2.81
 ABUNDANCE CHANGE  9  -7.48 10  -3.56 11  -5.71 12  -4.06 13  -5.57 14  -4.09
 ABUNDANCE CHANGE 15  -6.59 16  -4.31 17  -6.54 18  -5.24 19  -6.92 20  -5.28
 ABUNDANCE CHANGE 21  -8.87 22  -6.62 23  -8.04 24  -6.37 25  -6.65 26  -4.54
 ABUNDANCE CHANGE 27  -7.12 28  -5.79 29  -7.83 30  -7.44 31  -9.16 32  -8.63
 ABUNDANCE CHANGE 33  -9.67 34  -8.63 35  -9.41 36  -8.73 37  -9.44 38  -9.07
 ABUNDANCE CHANGE 39  -9.80 40  -9.44 41 -10.62 42 -10.12 43 -20.00 44 -10.20
 ABUNDANCE CHANGE 45 -10.92 46 -10.35 47 -11.10 48 -10.27 49 -10.38 50 -10.04
 ABUNDANCE CHANGE 51 -11.04 52  -9.80 53 -10.53 54  -9.87 55 -10.91 56  -9.91
 ABUNDANCE CHANGE 57 -10.87 58 -10.46 59 -11.33 60 -10.54 61 -20.00 62 -11.03
 ABUNDANCE CHANGE 63 -11.53 64 -10.92 65 -11.69 66 -10.90 67 -11.78 68 -11.11
 ABUNDANCE CHANGE 69 -12.04 70 -10.96 71 -11.98 72 -11.16 73 -12.17 74 -10.93
 ABUNDANCE CHANGE 75 -11.76 76 -10.59 77 -10.69 78 -10.24 79 -11.03 80 -10.91
 ABUNDANCE CHANGE 81 -11.14 82 -10.09 83 -11.33 84 -20.00 85 -20.00 86 -20.00
 ABUNDANCE CHANGE 87 -20.00 88 -20.00 89 -20.00 90 -11.95 91 -20.00 92 -12.54
 ABUNDANCE CHANGE 93 -20.00 94 -20.00 95 -20.00 96 -20.00 97 -20.00 98 -20.00
 ABUNDANCE CHANGE 99 -20.00
READ DECK6 72 RHOX,T,P,XNE,ABROSS,ACCRAD,VTURB, FLXCNV,VCONV,VELSND
 1.12367080E-03   3381.7 1.123E-02 5.027E+06 1.187E-04 8.267E-03 2.000E+05 0.000E+00 0.000E+00 8.673E+06
 1.49629980E-03   3399.5 1.495E-02 6.648E+06 1.200E-04 8.458E-03 2.000E+05 0.000E+00 0.000E+00 7.539E+06
 1.98744191E-03   3416.0 1.986E-02 8.772E+06 1.215E-04 8.557E-03 2.000E+05 0.000E+00 0.000E+00 6.561E+06
 2.63429004E-03   3435.2 2.632E-02 1.155E+07 1.231E-04 8.551E-03 2.000E+05 0.000E+00 1.386E+06 5.721E+06
 3.48500191E-03   3456.2 3.482E-02 1.517E+07 1.248E-04 8.494E-03 2.000E+05 0.000E+00 1.036E+06 4.997E+06
 4.60561887E-03   3478.4 4.602E-02 1.990E+07 1.261E-04 8.126E-03 2.000E+05 0.000E+00 7.400E+05 4.370E+06
 6.09027107E-03   3501.4 6.085E-02 2.611E+07 1.266E-04 7.400E-03 2.000E+05 0.000E+00 4.940E+05 3.824E+06
 8.06112967E-03   3524.7 8.055E-02 3.430E+07 1.272E-04 6.711E-03 2.000E+05 0.000E+00 2.906E+05 3.349E+06
 1.06748701E-02   3548.1 1.067E-01 4.508E+07 1.280E-04 6.098E-03 2.000E+05 0.000E+00 1.405E+05 2.935E+06
 1.41356040E-02   3572.0 1.413E-01 5.922E+07 1.290E-04 5.569E-03 2.000E+05 0.000E+00 2.239E+04 2.577E+06
 1.87075991E-02   3596.1 1.870E-01 7.776E+07 1.304E-04 5.080E-03 2.000E+05 0.000E+00 0.000E+00 2.268E+06
 2.47312826E-02   3620.3 2.472E-01 1.020E+08 1.322E-04 4.637E-03 2.000E+05 0.000E+00 0.000E+00 2.003E+06
 3.26018582E-02   3645.8 3.258E-01 1.334E+08 1.360E-04 4.660E-03 2.000E+05 0.000E+00 0.000E+00 1.777E+06
 4.27181313E-02   3674.8 4.269E-01 1.733E+08 1.421E-04 5.096E-03 2.000E+05 0.000E+00 0.000E+00 1.589E+06
 5.55783694E-02   3707.6 5.555E-01 2.236E+08 1.496E-04 5.635E-03 2.000E+05 0.000E+00 0.000E+00 1.432E+06
 7.17865630E-02   3744.1 7.175E-01 2.864E+08 1.590E-04 6.358E-03 2.000E+05 0.000E+00 0.000E+00 1.302E+06
 9.20043628E-02   3785.0 9.195E-01 3.641E+08 1.709E-04 7.376E-03 2.000E+05 0.000E+00 0.000E+00 1.195E+06
 1.17203704E-01   3833.9 1.171E+00 4.604E+08 1.815E-04 7.623E-03 2.000E+05 0.000E+00 0.000E+00 1.107E+06
 1.49033924E-01   3882.9 1.489E+00 5.815E+08 1.910E-04 7.190E-03 2.000E+05 0.000E+00 0.000E+00 1.033E+06
 1.89273656E-01   3928.6 1.891E+00 7.340E+08 2.020E-04 6.767E-03 2.000E+05 0.000E+00 0.000E+00 9.696E+05
 2.39870672E-01   3971.5 2.397E+00 9.252E+08 2.148E-04 6.383E-03 2.000E+05 0.000E+00 0.000E+00 9.498E+05
 3.03093609E-01   4012.2 3.029E+00 1.163E+09 2.300E-04 6.125E-03 2.000E+05 0.000E+00 0.000E+00 8.728E+05
 3.81559232E-01   4051.8 3.813E+00 1.458E+09 2.479E-04 5.978E-03 2.000E+05 0.000E+00 0.000E+00 8.370E+05
 4.78376372E-01   4090.4 4.781E+00 1.821E+09 2.686E-04 5.838E-03 2.000E+05 0.000E+00 0.000E+00 8.081E+05
 5.97235008E-01   4128.2 5.969E+00 2.265E+09 2.924E-04 5.693E-03 2.000E+05 0.000E+00 0.000E+00 7.849E+05
 7.42462530E-01   4164.9 7.420E+00 2.807E+09 3.199E-04 5.549E-03 2.000E+05 0.000E+00 0.000E+00 7.664E+05
 9.18856936E-01   4200.7 9.183E+00 3.464E+09 3.524E-04 5.502E-03 2.000E+05 0.000E+00 0.000E+00 7.518E+05
 1.13185118E+00   4236.4 1.131E+01 4.258E+09 3.900E-04 5.510E-03 2.000E+05 0.000E+00 0.000E+00 7.405E+05
 1.38786016E+00   4272.2 1.387E+01 5.214E+09 4.336E-04 5.544E-03 2.000E+05 0.000E+00 0.000E+00 7.317E+05
 1.69440584E+00   4308.4 1.693E+01 6.362E+09 4.837E-04 5.566E-03 2.000E+05 0.000E+00 0.000E+00 7.251E+05
 2.06039712E+00   4344.7 2.059E+01 7.739E+09 5.412E-04 5.573E-03 2.000E+05 0.000E+00 0.000E+00 7.202E+05
 2.49504970E+00   4380.6 2.494E+01 9.380E+09 6.096E-04 5.667E-03 2.000E+05 0.000E+00 0.000E+00 7.166E+05
 3.00778705E+00   4416.7 3.006E+01 1.133E+10 6.913E-04 5.894E-03 2.000E+05 0.000E+00 0.000E+00 7.142E+05
 3.60965544E+00   4454.2 3.608E+01 1.365E+10 7.865E-04 6.188E-03 2.000E+05 0.000E+00 0.000E+00 7.128E+05
 4.31424413E+00   4493.5 4.312E+01 1.642E+10 8.969E-04 6.504E-03 2.000E+05 0.000E+00 0.000E+00 7.121E+05
 5.13723846E+00   4534.5 5.134E+01 1.973E+10 1.025E-03 6.820E-03 2.000E+05 0.000E+00 0.000E+00 7.122E+05
 6.09717140E+00   4576.9 6.093E+01 2.370E+10 1.172E-03 7.115E-03 2.000E+05 0.000E+00 0.000E+00 7.127E+05
 7.21972362E+00   4621.5 7.215E+01 2.851E+10 1.333E-03 7.174E-03 2.000E+05 0.000E+00 0.000E+00 7.138E+05
 8.53431538E+00   4664.6 8.529E+01 3.426E+10 1.520E-03 7.254E-03 2.000E+05 0.000E+00 0.000E+00 7.150E+05
 1.00712113E+01   4706.6 1.006E+02 4.112E+10 1.735E-03 7.390E-03 2.000E+05 0.000E+00 0.000E+00 7.164E+05
 1.18632913E+01   4747.9 1.186E+02 4.929E+10 1.987E-03 7.662E-03 2.000E+05 0.000E+00 0.000E+00 7.179E+05
 1.39475527E+01   4789.3 1.394E+02 5.905E+10 2.281E-03 8.009E-03 2.000E+05 0.000E+00 0.000E+00 7.197E+05
 1.63597058E+01   4830.4 1.635E+02 7.066E+10 2.639E-03 8.679E-03 2.000E+05 0.000E+00 0.000E+00 7.215E+05
 1.91350291E+01   4874.8 1.912E+02 8.483E+10 3.063E-03 9.464E-03 2.000E+05 0.000E+00 0.000E+00 7.236E+05
 2.23189217E+01   4922.4 2.230E+02 1.022E+11 3.566E-03 1.038E-02 2.000E+05 0.000E+00 0.000E+00 7.259E+05
 2.59570862E+01   4974.3 2.594E+02 1.240E+11 4.172E-03 1.148E-02 2.000E+05 0.000E+00 0.000E+00 7.285E+05
 3.00891123E+01   5031.6 3.006E+02 1.517E+11 4.919E-03 1.288E-02 2.000E+05 0.000E+00 0.000E+00 7.313E+05
 3.47284401E+01   5096.9 3.470E+02 1.881E+11 5.888E-03 1.483E-02 2.000E+05 0.000E+00 0.000E+00 7.344E+05
 3.98569149E+01   5172.3 3.982E+02 2.377E+11 7.159E-03 1.737E-02 2.000E+05 0.000E+00 0.000E+00 7.379E+05
 4.54308119E+01   5259.5 4.538E+02 3.075E+11 8.867E-03 2.076E-02 2.000E+05 0.000E+00 0.000E+00 7.416E+05
 5.13678017E+01   5360.3 5.130E+02 4.090E+11 1.123E-02 2.540E-02 2.000E+05 0.000E+00 0.000E+00 7.454E+05
 5.75067354E+01   5478.7 5.742E+02 5.638E+11 1.476E-02 3.255E-02 2.000E+05 0.000E+00 0.000E+00 7.491E+05
 6.36209909E+01   5618.3 6.352E+02 8.098E+11 2.014E-02 4.341E-02 2.000E+05 8.172E-06 0.000E+00 7.524E+05
 6.94771173E+01   5782.0 6.934E+02 1.214E+12 2.866E-02 6.061E-02 2.000E+05 2.144E-03 2.845E+01 7.546E+05
 7.48200859E+01   5975.4 7.464E+02 1.907E+12 4.305E-02 9.011E-02 2.000E+05 1.302E-01 1.750E+02 7.554E+05
 7.94413473E+01   6202.3 7.921E+02 3.131E+12 6.815E-02 1.419E-01 2.000E+05 7.841E+00 6.533E+02 7.545E+05
 8.32019223E+01   6471.1 8.291E+02 5.381E+12 1.156E-01 2.416E-01 2.000E+05 6.856E+02 2.431E+03 7.528E+05
 8.60427459E+01   6788.5 8.565E+02 9.624E+12 2.119E-01 4.480E-01 2.000E+05 1.008E+05 1.016E+04 7.528E+05
 8.80074997E+01   7164.5 8.749E+02 1.782E+13 4.272E-01 9.241E-01 2.000E+05 4.001E+06 5.000E+04 7.588E+05
 8.92141823E+01   7620.1 8.852E+02 3.422E+13 9.771E-01 2.129E+00 2.000E+05 1.123E+08 1.570E+05 7.764E+05
 8.98921527E+01   8116.4 8.899E+02 6.260E+13 2.302E+00 4.220E+00 2.000E+05 8.021E+08 4.544E+05 8.094E+05
 9.03369659E+01   8475.8 8.923E+02 9.069E+13 4.067E+00 4.681E+00 2.000E+05 2.102E+09 8.032E+05 8.429E+05
 9.07201902E+01   8711.0 8.945E+02 1.122E+14 5.719E+00 3.931E+00 2.000E+05 3.188E+09 9.021E+05 8.697E+05
 9.11042006E+01   8896.9 8.969E+02 1.305E+14 7.308E+00 3.356E+00 2.000E+05 3.771E+09 9.601E+05 8.935E+05
 9.15130697E+01   9069.6 8.997E+02 1.482E+14 9.006E+00 2.974E+00 2.000E+05 4.126E+09 9.962E+05 9.178E+05
 9.19636080E+01   9228.9 9.029E+02 1.647E+14 1.074E+01 2.767E+00 2.000E+05 4.314E+09 1.033E+06 9.419E+05
 9.24700989E+01   9400.2 9.067E+02 1.822E+14 1.268E+01 2.595E+00 2.000E+05 4.432E+09 1.044E+06 9.694E+05
 9.30508145E+01   9561.0 9.110E+02 1.981E+14 1.451E+01 2.342E+00 2.000E+05 4.559E+09 1.047E+06 9.799E+05
 9.37328514E+01   9735.2 9.162E+02 2.142E+14 1.642E+01 2.597E+00 2.000E+05 4.553E+09 1.106E+06 1.027E+06
 9.45322603E+01   9979.6 9.220E+02 2.338E+14 1.877E+01 2.840E+00 2.000E+05 4.556E+09 1.141E+06 1.070E+06
 9.54877642E+01  10222.9 9.285E+02 2.496E+14 2.032E+01 3.471E+00 2.000E+05 4.546E+09 1.214E+06 1.113E+06
 9.66936881E+01  10691.6 9.358E+02 2.676E+14 2.116E+01 4.560E+00 2.000E+05 4.395E+09 1.265E+06 1.190E+06
PRADK 1.4603E+00
BEGIN                    ITERATION  15 COMPLETED
