TEFF   5750.  GRAVITY 0.00000 LTE 
TITLE  [0.0a] VTURB=2  L/H=1.25 NOVER NEW ODF                                   
 OPACITY IFOP 1 1 1 1 1 1 1 1 1 1 1 1 1 0 1 0 0 0 0 0
 CONVECTION ON   1.25 TURBULENCE OFF  0.00  0.00  0.00  0.00
ABUNDANCE SCALE   1.00000 ABUNDANCE CHANGE 1 0.91930 2 0.07824
 ABUNDANCE CHANGE  3 -10.94  4 -10.64  5  -9.49  6  -3.52  7  -4.12  8  -2.81
 ABUNDANCE CHANGE  9  -7.48 10  -3.56 11  -5.71 12  -4.06 13  -5.57 14  -4.09
 ABUNDANCE CHANGE 15  -6.59 16  -4.31 17  -6.54 18  -5.24 19  -6.92 20  -5.28
 ABUNDANCE CHANGE 21  -8.87 22  -6.62 23  -8.04 24  -6.37 25  -6.65 26  -4.54
 ABUNDANCE CHANGE 27  -7.12 28  -5.79 29  -7.83 30  -7.44 31  -9.16 32  -8.63
 ABUNDANCE CHANGE 33  -9.67 34  -8.63 35  -9.41 36  -8.73 37  -9.44 38  -9.07
 ABUNDANCE CHANGE 39  -9.80 40  -9.44 41 -10.62 42 -10.12 43 -20.00 44 -10.20
 ABUNDANCE CHANGE 45 -10.92 46 -10.35 47 -11.10 48 -10.27 49 -10.38 50 -10.04
 ABUNDANCE CHANGE 51 -11.04 52  -9.80 53 -10.53 54  -9.87 55 -10.91 56  -9.91
 ABUNDANCE CHANGE 57 -10.87 58 -10.46 59 -11.33 60 -10.54 61 -20.00 62 -11.03
 ABUNDANCE CHANGE 63 -11.53 64 -10.92 65 -11.69 66 -10.90 67 -11.78 68 -11.11
 ABUNDANCE CHANGE 69 -12.04 70 -10.96 71 -11.98 72 -11.16 73 -12.17 74 -10.93
 ABUNDANCE CHANGE 75 -11.76 76 -10.59 77 -10.69 78 -10.24 79 -11.03 80 -10.91
 ABUNDANCE CHANGE 81 -11.14 82 -10.09 83 -11.33 84 -20.00 85 -20.00 86 -20.00
 ABUNDANCE CHANGE 87 -20.00 88 -20.00 89 -20.00 90 -11.95 91 -20.00 92 -12.54
 ABUNDANCE CHANGE 93 -20.00 94 -20.00 95 -20.00 96 -20.00 97 -20.00 98 -20.00
 ABUNDANCE CHANGE 99 -20.00
READ DECK6 72 RHOX,T,P,XNE,ABROSS,ACCRAD,VTURB, FLXCNV,VCONV,VELSND
 1.14013602E-03   3354.9 1.134E-03 5.466E+05 1.170E-04 5.558E-03 2.000E+05 0.000E+00 0.000E+00 2.717E+07
 1.51933359E-03   3373.9 1.511E-03 7.220E+05 1.176E-04 5.547E-03 2.000E+05 0.000E+00 0.000E+00 2.359E+07
 2.02246068E-03   3391.1 2.011E-03 9.520E+05 1.181E-04 5.455E-03 2.000E+05 0.000E+00 0.000E+00 2.050E+07
 2.68981962E-03   3410.7 2.675E-03 1.255E+06 1.189E-04 5.325E-03 2.000E+05 0.000E+00 1.478E+07 1.783E+07
 3.57372782E-03   3431.6 3.554E-03 1.655E+06 1.197E-04 5.177E-03 2.000E+05 0.000E+00 1.105E+07 1.551E+07
 4.74333995E-03   3453.3 4.718E-03 2.179E+06 1.207E-04 5.031E-03 2.000E+05 0.000E+00 8.028E+06 1.351E+07
 6.28968533E-03   3475.3 6.257E-03 2.868E+06 1.218E-04 4.977E-03 2.000E+05 0.000E+00 5.737E+06 1.177E+07
 8.33801854E-03   3498.4 8.295E-03 3.774E+06 1.223E-04 4.577E-03 2.000E+05 0.000E+00 4.027E+06 1.026E+07
 1.10653368E-02   3522.1 1.101E-02 4.973E+06 1.223E-04 3.792E-03 2.000E+05 0.000E+00 2.554E+06 8.941E+06
 1.46981044E-02   3541.8 1.463E-02 6.551E+06 1.226E-04 3.488E-03 2.000E+05 0.000E+00 1.490E+06 7.785E+06
 1.95294875E-02   3561.4 1.945E-02 8.631E+06 1.229E-04 3.236E-03 2.000E+05 0.000E+00 9.026E+05 6.779E+06
 2.59541460E-02   3581.0 2.585E-02 1.137E+07 1.233E-04 3.009E-03 2.000E+05 0.000E+00 5.204E+05 5.905E+06
 3.44930819E-02   3601.1 3.436E-02 1.499E+07 1.237E-04 2.805E-03 2.000E+05 0.000E+00 3.303E+05 5.146E+06
 4.58307106E-02   3622.1 4.567E-02 1.976E+07 1.244E-04 2.618E-03 2.000E+05 0.000E+00 1.864E+05 4.488E+06
 6.08295631E-02   3642.8 6.063E-02 2.602E+07 1.258E-04 2.609E-03 2.000E+05 0.000E+00 9.469E+04 3.919E+06
 8.05273966E-02   3665.1 8.028E-02 3.417E+07 1.281E-04 2.751E-03 2.000E+05 0.000E+00 5.191E+04 3.430E+06
 1.06244791E-01   3691.4 1.059E-01 4.476E+07 1.312E-04 2.947E-03 2.000E+05 0.000E+00 3.114E+04 3.013E+06
 1.39611994E-01   3722.9 1.392E-01 5.845E+07 1.354E-04 3.237E-03 2.000E+05 0.000E+00 1.943E+04 2.657E+06
 1.82543547E-01   3761.4 1.820E-01 7.606E+07 1.409E-04 3.631E-03 2.000E+05 0.000E+00 1.279E+04 2.356E+06
 2.37278294E-01   3808.8 2.365E-01 9.873E+07 1.481E-04 4.047E-03 2.000E+05 0.000E+00 7.199E+03 2.101E+06
 3.07124619E-01   3861.3 3.061E-01 1.282E+08 1.537E-04 3.791E-03 2.000E+05 0.000E+00 1.318E+03 1.883E+06
 3.96810788E-01   3908.1 3.954E-01 1.661E+08 1.598E-04 3.590E-03 2.000E+05 0.000E+00 0.000E+00 1.693E+06
 5.11804059E-01   3952.0 5.100E-01 2.150E+08 1.663E-04 3.417E-03 2.000E+05 0.000E+00 0.000E+00 1.530E+06
 6.58941209E-01   3993.8 6.567E-01 2.777E+08 1.735E-04 3.269E-03 2.000E+05 0.000E+00 0.000E+00 1.389E+06
 8.46545261E-01   4034.2 8.437E-01 3.581E+08 1.819E-04 3.167E-03 2.000E+05 0.000E+00 0.000E+00 1.269E+06
 1.08485091E+00   4073.7 1.081E+00 4.608E+08 1.912E-04 3.082E-03 2.000E+05 0.000E+00 0.000E+00 1.168E+06
 1.38629564E+00   4112.8 1.382E+00 5.915E+08 2.021E-04 3.030E-03 2.000E+05 0.000E+00 0.000E+00 1.082E+06
 1.76585475E+00   4151.9 1.760E+00 7.575E+08 2.145E-04 2.975E-03 2.000E+05 0.000E+00 0.000E+00 1.011E+06
 2.24106488E+00   4191.1 2.234E+00 9.677E+08 2.292E-04 2.945E-03 2.000E+05 0.000E+00 0.000E+00 9.525E+05
 2.83197224E+00   4230.9 2.823E+00 1.233E+09 2.467E-04 2.933E-03 2.000E+05 0.000E+00 0.000E+00 9.045E+05
 3.56163375E+00   4271.8 3.551E+00 1.568E+09 2.673E-04 2.937E-03 2.000E+05 0.000E+00 0.000E+00 8.656E+05
 4.45617471E+00   4313.9 4.443E+00 1.989E+09 2.918E-04 2.950E-03 2.000E+05 0.000E+00 0.000E+00 8.343E+05
 5.54558647E+00   4357.1 5.529E+00 2.519E+09 3.205E-04 2.946E-03 2.000E+05 0.000E+00 0.000E+00 8.094E+05
 6.85941034E+00   4400.0 6.839E+00 3.176E+09 3.566E-04 3.032E-03 2.000E+05 0.000E+00 0.000E+00 7.897E+05
 8.42685812E+00   4444.5 8.401E+00 3.997E+09 4.002E-04 3.150E-03 2.000E+05 0.000E+00 0.000E+00 7.743E+05
 1.02822160E+01   4491.0 1.025E+01 5.026E+09 4.525E-04 3.278E-03 2.000E+05 0.000E+00 0.000E+00 7.625E+05
 1.24614339E+01   4539.1 1.242E+01 6.314E+09 5.156E-04 3.447E-03 2.000E+05 0.000E+00 0.000E+00 7.534E+05
 1.50059295E+01   4589.5 1.496E+01 7.942E+09 5.899E-04 3.574E-03 2.000E+05 0.000E+00 0.000E+00 7.466E+05
 1.79715802E+01   4641.0 1.791E+01 9.991E+09 6.748E-04 3.609E-03 2.000E+05 0.000E+00 0.000E+00 7.415E+05
 2.14261249E+01   4690.6 2.136E+01 1.250E+10 7.731E-04 3.659E-03 2.000E+05 0.000E+00 0.000E+00 7.377E+05
 2.54439990E+01   4738.8 2.536E+01 1.557E+10 8.871E-04 3.738E-03 2.000E+05 0.000E+00 0.000E+00 7.349E+05
 3.01091604E+01   4786.1 3.001E+01 1.932E+10 1.020E-03 3.847E-03 2.000E+05 0.000E+00 0.000E+00 7.329E+05
 3.54982189E+01   4832.1 3.537E+01 2.386E+10 1.183E-03 4.131E-03 2.000E+05 0.000E+00 0.000E+00 7.316E+05
 4.16707060E+01   4880.8 4.152E+01 2.955E+10 1.382E-03 4.490E-03 2.000E+05 0.000E+00 0.000E+00 7.309E+05
 4.86956576E+01   4932.2 4.851E+01 3.674E+10 1.624E-03 4.927E-03 2.000E+05 0.000E+00 0.000E+00 7.308E+05
 5.66372659E+01   4987.2 5.641E+01 4.591E+10 1.923E-03 5.468E-03 2.000E+05 0.000E+00 0.000E+00 7.311E+05
 6.55358059E+01   5047.0 6.526E+01 5.785E+10 2.301E-03 6.183E-03 2.000E+05 0.000E+00 0.000E+00 7.318E+05
 7.53822063E+01   5113.5 7.504E+01 7.381E+10 2.794E-03 7.143E-03 2.000E+05 0.000E+00 0.000E+00 7.327E+05
 8.61075029E+01   5188.6 8.568E+01 9.575E+10 3.450E-03 8.429E-03 2.000E+05 0.000E+00 0.000E+00 7.338E+05
 9.75757739E+01   5274.4 9.704E+01 1.268E+11 4.348E-03 1.020E-02 2.000E+05 0.000E+00 0.000E+00 7.349E+05
 1.09561049E+02   5373.5 1.089E+02 1.722E+11 5.623E-03 1.273E-02 2.000E+05 0.000E+00 0.000E+00 7.358E+05
 1.21706024E+02   5489.5 1.209E+02 2.415E+11 7.535E-03 1.659E-02 2.000E+05 1.152E-10 0.000E+00 7.361E+05
 1.33570313E+02   5625.7 1.325E+02 3.507E+11 1.048E-02 2.255E-02 2.000E+05 1.073E-06 1.144E+00 7.357E+05
 1.44695762E+02   5786.0 1.433E+02 5.294E+11 1.525E-02 3.225E-02 2.000E+05 8.226E-05 2.304E+01 7.343E+05
 1.54615640E+02   5975.9 1.528E+02 8.336E+11 2.348E-02 4.923E-02 2.000E+05 5.363E-03 9.239E+01 7.323E+05
 1.62938493E+02   6201.6 1.606E+02 1.372E+12 3.855E-02 8.074E-02 2.000E+05 5.043E-01 3.511E+02 7.306E+05
 1.69437929E+02   6468.5 1.664E+02 2.349E+12 6.843E-02 1.445E-01 2.000E+05 9.430E+01 1.503E+03 7.315E+05
 1.74062626E+02   6790.2 1.701E+02 4.206E+12 1.346E-01 2.889E-01 2.000E+05 3.482E+04 8.052E+03 7.385E+05
 1.77002103E+02   7175.5 1.718E+02 7.774E+12 2.966E-01 6.533E-01 2.000E+05 2.414E+06 5.443E+04 7.564E+05
 1.78662481E+02   7636.8 1.717E+02 1.450E+13 7.285E-01 1.623E+00 2.000E+05 7.183E+07 2.144E+05 7.925E+05
 1.79561116E+02   8138.6 1.703E+02 2.490E+13 1.741E+00 3.354E+00 2.000E+05 6.208E+08 6.641E+05 8.527E+05
 1.80151136E+02   8529.0 1.687E+02 3.416E+13 3.028E+00 3.967E+00 2.000E+05 1.736E+09 1.339E+06 9.168E+05
 1.80674773E+02   8809.5 1.673E+02 4.038E+13 4.123E+00 3.679E+00 2.000E+05 2.693E+09 1.587E+06 9.715E+05
 1.81217246E+02   9065.7 1.658E+02 4.510E+13 5.066E+00 3.658E+00 2.000E+05 3.131E+09 1.750E+06 1.025E+06
 1.81824165E+02   9352.4 1.641E+02 4.881E+13 5.869E+00 4.214E+00 2.000E+05 3.200E+09 1.875E+06 1.087E+06
 1.82551686E+02   9730.8 1.609E+02 5.094E+13 6.230E+00 6.555E+00 2.000E+05 2.397E+09 2.034E+06 1.168E+06
 1.83597138E+02  10596.7 1.538E+02 4.895E+13 5.116E+00 8.732E+00 2.000E+05 8.773E+08 1.103E+06 1.365E+06
 1.85523837E+02  11720.6 1.412E+02 4.161E+13 3.114E+00 6.300E+00 2.000E+05 5.846E+07 3.105E+05 1.637E+06
 1.89959159E+02  12896.8 1.241E+02 3.350E+13 1.827E+00 3.743E+00 2.000E+05 9.319E+05 1.639E+05 1.816E+06
 1.99519032E+02  14076.6 1.049E+02 2.640E+13 1.209E+00 2.472E+00 2.000E+05 1.771E+05 1.280E+05 2.060E+06
 2.17777111E+02  15298.0 8.474E+01 1.995E+13 8.906E-01 1.825E+00 2.000E+05 2.461E+05 1.210E+05 2.619E+06
 2.49213713E+02  16565.2 6.517E+01 1.423E+13 7.006E-01 1.421E+00 2.000E+05 3.995E+05 2.821E+05 3.363E+06
PRADK 1.4596E+00
BEGIN                    ITERATION  15 COMPLETED
