TEFF   5750.  GRAVITY 4.00000 LTE 
TITLE  [0.0a] VTURB=2  L/H=1.25 NOVER NEW ODF                                   
 OPACITY IFOP 1 1 1 1 1 1 1 1 1 1 1 1 1 0 1 0 0 0 0 0
 CONVECTION ON   1.25 TURBULENCE OFF  0.00  0.00  0.00  0.00
ABUNDANCE SCALE   1.00000 ABUNDANCE CHANGE 1 0.91930 2 0.07824
 ABUNDANCE CHANGE  3 -10.94  4 -10.64  5  -9.49  6  -3.52  7  -4.12  8  -2.81
 ABUNDANCE CHANGE  9  -7.48 10  -3.56 11  -5.71 12  -4.06 13  -5.57 14  -4.09
 ABUNDANCE CHANGE 15  -6.59 16  -4.31 17  -6.54 18  -5.24 19  -6.92 20  -5.28
 ABUNDANCE CHANGE 21  -8.87 22  -6.62 23  -8.04 24  -6.37 25  -6.65 26  -4.54
 ABUNDANCE CHANGE 27  -7.12 28  -5.79 29  -7.83 30  -7.44 31  -9.16 32  -8.63
 ABUNDANCE CHANGE 33  -9.67 34  -8.63 35  -9.41 36  -8.73 37  -9.44 38  -9.07
 ABUNDANCE CHANGE 39  -9.80 40  -9.44 41 -10.62 42 -10.12 43 -20.00 44 -10.20
 ABUNDANCE CHANGE 45 -10.92 46 -10.35 47 -11.10 48 -10.27 49 -10.38 50 -10.04
 ABUNDANCE CHANGE 51 -11.04 52  -9.80 53 -10.53 54  -9.87 55 -10.91 56  -9.91
 ABUNDANCE CHANGE 57 -10.87 58 -10.46 59 -11.33 60 -10.54 61 -20.00 62 -11.03
 ABUNDANCE CHANGE 63 -11.53 64 -10.92 65 -11.69 66 -10.90 67 -11.78 68 -11.11
 ABUNDANCE CHANGE 69 -12.04 70 -10.96 71 -11.98 72 -11.16 73 -12.17 74 -10.93
 ABUNDANCE CHANGE 75 -11.76 76 -10.59 77 -10.69 78 -10.24 79 -11.03 80 -10.91
 ABUNDANCE CHANGE 81 -11.14 82 -10.09 83 -11.33 84 -20.00 85 -20.00 86 -20.00
 ABUNDANCE CHANGE 87 -20.00 88 -20.00 89 -20.00 90 -11.95 91 -20.00 92 -12.54
 ABUNDANCE CHANGE 93 -20.00 94 -20.00 95 -20.00 96 -20.00 97 -20.00 98 -20.00
 ABUNDANCE CHANGE 99 -20.00
READ DECK6 72 RHOX,T,P,XNE,ABROSS,ACCRAD,VTURB, FLXCNV,VCONV,VELSND
 5.31188521E-04   3581.3 5.312E+00 1.758E+09 2.510E-04 5.590E-02 2.000E+05 0.000E+00 0.000E+00 7.337E+05
 6.99823123E-04   3603.3 6.998E+00 2.269E+09 2.764E-04 5.389E-02 2.000E+05 0.000E+00 0.000E+00 7.093E+05
 9.03654747E-04   3625.6 9.036E+00 2.876E+09 3.055E-04 5.146E-02 2.000E+05 0.000E+00 0.000E+00 6.918E+05
 1.14516496E-03   3653.0 1.145E+01 3.604E+09 3.495E-04 5.401E-02 2.000E+05 0.000E+00 0.000E+00 6.797E+05
 1.42499258E-03   3682.2 1.425E+01 4.451E+09 4.049E-04 5.814E-02 2.000E+05 0.000E+00 0.000E+00 6.712E+05
 1.74625273E-03   3712.2 1.746E+01 5.428E+09 4.712E-04 6.301E-02 2.000E+05 0.000E+00 0.000E+00 6.653E+05
 2.11358352E-03   3742.2 2.114E+01 6.547E+09 5.506E-04 6.899E-02 2.000E+05 0.000E+00 0.000E+00 6.613E+05
 2.53215831E-03   3771.9 2.532E+01 7.823E+09 6.452E-04 7.656E-02 2.000E+05 0.000E+00 0.000E+00 6.586E+05
 3.00780408E-03   3800.6 3.008E+01 9.268E+09 7.572E-04 8.626E-02 2.000E+05 0.000E+00 0.000E+00 6.568E+05
 3.56223666E-03   3827.4 3.562E+01 1.093E+10 8.459E-04 8.366E-02 2.000E+05 0.000E+00 0.000E+00 6.555E+05
 4.22394779E-03   3853.0 4.224E+01 1.289E+10 9.462E-04 8.146E-02 2.000E+05 0.000E+00 0.000E+00 6.546E+05
 5.01104505E-03   3877.7 5.011E+01 1.519E+10 1.063E-03 8.031E-02 2.000E+05 0.000E+00 0.000E+00 6.542E+05
 5.94350471E-03   3902.1 5.943E+01 1.790E+10 1.199E-03 7.993E-02 2.000E+05 0.000E+00 0.000E+00 6.540E+05
 7.04430243E-03   3926.6 7.044E+01 2.106E+10 1.356E-03 8.011E-02 2.000E+05 0.000E+00 0.000E+00 6.542E+05
 8.33980113E-03   3951.5 8.340E+01 2.477E+10 1.539E-03 8.069E-02 2.000E+05 0.000E+00 0.000E+00 6.548E+05
 9.86003921E-03   3977.0 9.860E+01 2.909E+10 1.751E-03 8.181E-02 2.000E+05 0.000E+00 0.000E+00 6.556E+05
 1.16473701E-02   4004.4 1.165E+02 3.419E+10 1.980E-03 8.120E-02 2.000E+05 0.000E+00 0.000E+00 6.568E+05
 1.37534991E-02   4032.2 1.375E+02 4.016E+10 2.243E-03 8.053E-02 2.000E+05 0.000E+00 0.000E+00 6.581E+05
 1.62295425E-02   4060.4 1.623E+02 4.715E+10 2.547E-03 8.014E-02 2.000E+05 0.000E+00 0.000E+00 6.597E+05
 1.91334821E-02   4088.9 1.913E+02 5.531E+10 2.899E-03 8.001E-02 2.000E+05 0.000E+00 0.000E+00 6.614E+05
 2.25324707E-02   4117.8 2.253E+02 6.481E+10 3.306E-03 8.015E-02 2.000E+05 0.000E+00 0.000E+00 6.632E+05
 2.65038949E-02   4147.2 2.650E+02 7.588E+10 3.776E-03 8.054E-02 2.000E+05 0.000E+00 0.000E+00 6.652E+05
 3.11404507E-02   4176.8 3.114E+02 8.873E+10 4.311E-03 8.108E-02 2.000E+05 0.000E+00 0.000E+00 6.672E+05
 3.65718774E-02   4207.4 3.657E+02 1.038E+11 4.896E-03 8.046E-02 2.000E+05 0.000E+00 0.000E+00 6.694E+05
 4.29448199E-02   4237.7 4.294E+02 1.213E+11 5.569E-03 8.017E-02 2.000E+05 0.000E+00 0.000E+00 6.716E+05
 5.04091478E-02   4267.9 5.041E+02 1.416E+11 6.346E-03 8.036E-02 2.000E+05 0.000E+00 0.000E+00 6.739E+05
 5.91389674E-02   4297.7 5.914E+02 1.652E+11 7.240E-03 8.105E-02 2.000E+05 0.000E+00 0.000E+00 6.761E+05
 6.93367307E-02   4327.3 6.934E+02 1.926E+11 8.269E-03 8.226E-02 2.000E+05 0.000E+00 0.000E+00 6.783E+05
 8.12380355E-02   4356.7 8.124E+02 2.243E+11 9.453E-03 8.398E-02 2.000E+05 0.000E+00 0.000E+00 6.805E+05
 9.51094879E-02   4385.7 9.511E+02 2.610E+11 1.082E-02 8.711E-02 2.000E+05 0.000E+00 0.000E+00 6.827E+05
 1.11285686E-01   4414.7 1.113E+03 3.034E+11 1.236E-02 9.069E-02 2.000E+05 0.000E+00 0.000E+00 6.849E+05
 1.30184519E-01   4443.9 1.302E+03 3.526E+11 1.410E-02 9.476E-02 2.000E+05 0.000E+00 0.000E+00 6.872E+05
 1.52259743E-01   4473.3 1.523E+03 4.097E+11 1.611E-02 9.965E-02 2.000E+05 0.000E+00 0.000E+00 6.894E+05
 1.78024662E-01   4503.2 1.780E+03 4.759E+11 1.841E-02 1.054E-01 2.000E+05 0.000E+00 0.000E+00 6.917E+05
 2.08074397E-01   4533.9 2.081E+03 5.528E+11 2.106E-02 1.121E-01 2.000E+05 0.000E+00 0.000E+00 6.940E+05
 2.43093387E-01   4565.3 2.431E+03 6.420E+11 2.410E-02 1.202E-01 2.000E+05 0.000E+00 0.000E+00 6.964E+05
 2.84096970E-01   4599.4 2.841E+03 7.467E+11 2.730E-02 1.240E-01 2.000E+05 0.000E+00 0.000E+00 6.990E+05
 3.32454253E-01   4633.4 3.325E+03 8.692E+11 3.083E-02 1.275E-01 2.000E+05 0.000E+00 0.000E+00 7.016E+05
 3.89660363E-01   4667.1 3.897E+03 1.013E+12 3.473E-02 1.319E-01 2.000E+05 0.000E+00 0.000E+00 7.042E+05
 4.57256498E-01   4700.7 4.573E+03 1.181E+12 3.926E-02 1.381E-01 2.000E+05 0.000E+00 0.000E+00 7.067E+05
 5.36878557E-01   4734.6 5.369E+03 1.378E+12 4.450E-02 1.460E-01 2.000E+05 0.000E+00 0.000E+00 7.093E+05
 6.30479561E-01   4769.5 6.305E+03 1.608E+12 5.052E-02 1.558E-01 2.000E+05 0.000E+00 0.000E+00 7.119E+05
 7.40234456E-01   4805.8 7.402E+03 1.877E+12 5.754E-02 1.686E-01 2.000E+05 0.000E+00 0.000E+00 7.146E+05
 8.68585732E-01   4845.2 8.686E+03 2.193E+12 6.568E-02 1.844E-01 2.000E+05 0.000E+00 0.000E+00 7.175E+05
 1.01849840E+00   4888.9 1.018E+04 2.567E+12 7.501E-02 2.025E-01 2.000E+05 0.000E+00 0.000E+00 7.208E+05
 1.19336720E+00   4938.6 1.193E+04 3.010E+12 8.583E-02 2.235E-01 2.000E+05 0.000E+00 0.000E+00 7.247E+05
 1.39712698E+00   4995.1 1.397E+04 3.539E+12 9.822E-02 2.474E-01 2.000E+05 0.000E+00 0.000E+00 7.290E+05
 1.63465554E+00   5060.4 1.635E+04 4.176E+12 1.123E-01 2.747E-01 2.000E+05 0.000E+00 0.000E+00 7.340E+05
 1.91165474E+00   5136.5 1.912E+04 4.952E+12 1.285E-01 3.056E-01 2.000E+05 0.000E+00 0.000E+00 7.399E+05
 2.23448857E+00   5225.7 2.234E+04 5.915E+12 1.471E-01 3.410E-01 2.000E+05 0.000E+00 0.000E+00 7.466E+05
 2.60988698E+00   5330.0 2.610E+04 7.140E+12 1.690E-01 3.822E-01 2.000E+05 0.000E+00 0.000E+00 7.542E+05
 3.04318993E+00   5453.4 3.043E+04 8.775E+12 1.966E-01 4.361E-01 2.000E+05 0.000E+00 0.000E+00 7.628E+05
 3.53463181E+00   5599.6 3.535E+04 1.112E+13 2.339E-01 5.099E-01 2.000E+05 0.000E+00 0.000E+00 7.725E+05
 4.07658525E+00   5770.3 4.076E+04 1.474E+13 2.883E-01 6.171E-01 2.000E+05 0.000E+00 0.000E+00 7.829E+05
 4.64516393E+00   5971.8 4.645E+04 2.089E+13 3.788E-01 8.034E-01 2.000E+05 6.042E+00 0.000E+00 7.940E+05
 5.20540537E+00   6206.5 5.205E+04 3.184E+13 5.281E-01 1.108E+00 2.000E+05 1.620E+04 6.518E+02 8.054E+05
 5.72167383E+00   6480.3 5.721E+04 5.216E+13 7.929E-01 1.655E+00 2.000E+05 1.006E+06 8.810E+03 8.163E+05
 6.16639639E+00   6796.6 6.166E+04 9.040E+13 1.263E+00 2.623E+00 2.000E+05 1.650E+07 3.364E+04 8.256E+05
 6.52669987E+00   7166.7 6.526E+04 1.647E+14 2.144E+00 4.396E+00 2.000E+05 9.620E+07 8.042E+04 8.321E+05
 6.80077134E+00   7588.9 6.800E+04 3.070E+14 3.832E+00 7.277E+00 2.000E+05 4.734E+08 1.284E+05 8.360E+05
 7.00969686E+00   7982.9 7.009E+04 5.200E+14 6.478E+00 9.788E+00 2.000E+05 1.347E+09 2.097E+05 8.391E+05
 7.18433740E+00   8299.4 7.183E+04 7.680E+14 9.762E+00 1.023E+01 2.000E+05 2.403E+09 2.512E+05 8.430E+05
 7.34671261E+00   8550.1 7.346E+04 1.027E+15 1.343E+01 9.449E+00 2.000E+05 3.220E+09 2.664E+05 8.477E+05
 7.50852236E+00   8765.4 7.507E+04 1.302E+15 1.755E+01 8.584E+00 2.000E+05 3.750E+09 2.726E+05 8.530E+05
 7.67655065E+00   8957.4 7.675E+04 1.596E+15 2.220E+01 7.821E+00 2.000E+05 4.086E+09 2.732E+05 8.587E+05
 7.85585904E+00   9135.4 7.854E+04 1.915E+15 2.746E+01 7.214E+00 2.000E+05 4.304E+09 2.722E+05 8.649E+05
 8.05053530E+00   9305.4 8.049E+04 2.266E+15 3.351E+01 6.685E+00 2.000E+05 4.457E+09 2.696E+05 8.716E+05
 8.26474752E+00   9469.3 8.263E+04 2.652E+15 4.038E+01 6.242E+00 2.000E+05 4.563E+09 2.673E+05 8.788E+05
 8.50235328E+00   9632.9 8.500E+04 3.089E+15 4.840E+01 5.813E+00 2.000E+05 4.644E+09 2.632E+05 8.867E+05
 8.76819457E+00   9791.3 8.766E+04 3.568E+15 5.742E+01 5.464E+00 2.000E+05 4.708E+09 2.615E+05 8.949E+05
 9.06653041E+00   9958.0 9.064E+04 4.132E+15 6.832E+01 5.111E+00 2.000E+05 4.750E+09 2.564E+05 9.041E+05
 9.40398220E+00  10114.0 9.402E+04 4.731E+15 7.992E+01 5.074E+00 2.000E+05 4.785E+09 2.549E+05 9.133E+05
PRADK 1.4613E+00
BEGIN                    ITERATION  15 COMPLETED
