TEFF   4500.  GRAVITY 3.50000 LTE 
TITLE  [0.0a] VTURB=2  L/H=1.25 NOVER NEW ODF                                   
 OPACITY IFOP 1 1 1 1 1 1 1 1 1 1 1 1 1 0 1 0 0 0 0 0
 CONVECTION ON   1.25 TURBULENCE OFF  0.00  0.00  0.00  0.00
ABUNDANCE SCALE   1.00000 ABUNDANCE CHANGE 1 0.91930 2 0.07824
 ABUNDANCE CHANGE  3 -10.94  4 -10.64  5  -9.49  6  -3.52  7  -4.12  8  -2.81
 ABUNDANCE CHANGE  9  -7.48 10  -3.56 11  -5.71 12  -4.06 13  -5.57 14  -4.09
 ABUNDANCE CHANGE 15  -6.59 16  -4.31 17  -6.54 18  -5.24 19  -6.92 20  -5.28
 ABUNDANCE CHANGE 21  -8.87 22  -6.62 23  -8.04 24  -6.37 25  -6.65 26  -4.54
 ABUNDANCE CHANGE 27  -7.12 28  -5.79 29  -7.83 30  -7.44 31  -9.16 32  -8.63
 ABUNDANCE CHANGE 33  -9.67 34  -8.63 35  -9.41 36  -8.73 37  -9.44 38  -9.07
 ABUNDANCE CHANGE 39  -9.80 40  -9.44 41 -10.62 42 -10.12 43 -20.00 44 -10.20
 ABUNDANCE CHANGE 45 -10.92 46 -10.35 47 -11.10 48 -10.27 49 -10.38 50 -10.04
 ABUNDANCE CHANGE 51 -11.04 52  -9.80 53 -10.53 54  -9.87 55 -10.91 56  -9.91
 ABUNDANCE CHANGE 57 -10.87 58 -10.46 59 -11.33 60 -10.54 61 -20.00 62 -11.03
 ABUNDANCE CHANGE 63 -11.53 64 -10.92 65 -11.69 66 -10.90 67 -11.78 68 -11.11
 ABUNDANCE CHANGE 69 -12.04 70 -10.96 71 -11.98 72 -11.16 73 -12.17 74 -10.93
 ABUNDANCE CHANGE 75 -11.76 76 -10.59 77 -10.69 78 -10.24 79 -11.03 80 -10.91
 ABUNDANCE CHANGE 81 -11.14 82 -10.09 83 -11.33 84 -20.00 85 -20.00 86 -20.00
 ABUNDANCE CHANGE 87 -20.00 88 -20.00 89 -20.00 90 -11.95 91 -20.00 92 -12.54
 ABUNDANCE CHANGE 93 -20.00 94 -20.00 95 -20.00 96 -20.00 97 -20.00 98 -20.00
 ABUNDANCE CHANGE 99 -20.00
READ DECK6 72 RHOX,T,P,XNE,ABROSS,ACCRAD,VTURB, FLXCNV,VCONV,VELSND
 1.67985353E-03   2772.7 5.312E+00 2.312E+08 7.938E-05 1.712E-02 2.000E+05 0.000E+00 0.000E+00 5.676E+05
 2.20229879E-03   2800.2 6.964E+00 3.060E+08 9.088E-05 1.729E-02 2.000E+05 0.000E+00 0.000E+00 5.608E+05
 2.81897402E-03   2825.2 8.914E+00 3.945E+08 1.015E-04 1.716E-02 2.000E+05 0.000E+00 0.000E+00 5.535E+05
 3.55525084E-03   2849.7 1.124E+01 5.021E+08 1.134E-04 1.695E-02 2.000E+05 0.000E+00 0.000E+00 5.532E+05
 4.43179913E-03   2874.5 1.401E+01 6.337E+08 1.273E-04 1.669E-02 2.000E+05 0.000E+00 0.000E+00 5.516E+05
 5.46664599E-03   2900.2 1.729E+01 7.956E+08 1.445E-04 1.640E-02 2.000E+05 0.000E+00 0.000E+00 5.510E+05
 6.68233751E-03   2926.0 2.113E+01 9.918E+08 1.637E-04 1.606E-02 2.000E+05 0.000E+00 0.000E+00 5.511E+05
 8.12333867E-03   2951.5 2.569E+01 1.230E+09 1.828E-04 1.570E-02 2.000E+05 0.000E+00 0.000E+00 5.516E+05
 9.85676456E-03   2977.3 3.117E+01 1.523E+09 2.020E-04 1.532E-02 2.000E+05 0.000E+00 0.000E+00 5.524E+05
 1.19273891E-02   3003.7 3.772E+01 1.883E+09 2.279E-04 1.493E-02 2.000E+05 0.000E+00 0.000E+00 5.536E+05
 1.43598331E-02   3030.4 4.541E+01 2.322E+09 2.601E-04 1.458E-02 2.000E+05 0.000E+00 0.000E+00 5.551E+05
 1.71816475E-02   3057.3 5.433E+01 2.849E+09 3.005E-04 1.426E-02 2.000E+05 0.000E+00 0.000E+00 5.568E+05
 2.04576976E-02   3083.5 6.469E+01 3.473E+09 3.427E-04 1.394E-02 2.000E+05 0.000E+00 0.000E+00 5.586E+05
 2.43078781E-02   3109.3 7.687E+01 4.220E+09 3.872E-04 1.365E-02 2.000E+05 0.000E+00 0.000E+00 5.604E+05
 2.88722298E-02   3135.3 9.130E+01 5.121E+09 4.347E-04 1.338E-02 2.000E+05 0.000E+00 0.000E+00 5.622E+05
 3.42747396E-02   3161.4 1.084E+02 6.209E+09 4.914E-04 1.317E-02 2.000E+05 0.000E+00 0.000E+00 5.641E+05
 4.05111898E-02   3188.6 1.281E+02 7.524E+09 5.782E-04 1.306E-02 2.000E+05 0.000E+00 0.000E+00 5.662E+05
 4.76221339E-02   3214.7 1.506E+02 9.043E+09 6.718E-04 1.295E-02 2.000E+05 0.000E+00 0.000E+00 5.683E+05
 5.58256310E-02   3240.5 1.765E+02 1.083E+10 7.730E-04 1.287E-02 2.000E+05 0.000E+00 0.000E+00 5.703E+05
 6.53693361E-02   3266.2 2.067E+02 1.294E+10 8.832E-04 1.280E-02 2.000E+05 0.000E+00 0.000E+00 5.723E+05
 7.65461259E-02   3292.3 2.421E+02 1.547E+10 1.004E-03 1.277E-02 2.000E+05 0.000E+00 0.000E+00 5.744E+05
 8.96249938E-02   3319.1 2.834E+02 1.850E+10 1.147E-03 1.280E-02 2.000E+05 0.000E+00 0.000E+00 5.766E+05
 1.04727626E-01   3347.0 3.312E+02 2.214E+10 1.339E-03 1.294E-02 2.000E+05 0.000E+00 0.000E+00 5.789E+05
 1.21948800E-01   3374.8 3.856E+02 2.641E+10 1.566E-03 1.310E-02 2.000E+05 0.000E+00 0.000E+00 5.813E+05
 1.41655025E-01   3402.5 4.480E+02 3.140E+10 1.817E-03 1.329E-02 2.000E+05 0.000E+00 0.000E+00 5.837E+05
 1.64364854E-01   3430.9 5.198E+02 3.733E+10 2.098E-03 1.352E-02 2.000E+05 0.000E+00 0.000E+00 5.862E+05
 1.90656494E-01   3459.6 6.029E+02 4.436E+10 2.411E-03 1.390E-02 2.000E+05 0.000E+00 0.000E+00 5.887E+05
 2.21397604E-01   3491.3 7.002E+02 5.311E+10 2.728E-03 1.214E-02 2.000E+05 0.000E+00 0.000E+00 5.916E+05
 2.57703741E-01   3521.1 8.151E+02 6.327E+10 3.073E-03 1.053E-02 2.000E+05 0.000E+00 0.000E+00 5.941E+05
 3.00685516E-01   3547.8 9.511E+02 7.479E+10 3.465E-03 9.619E-03 2.000E+05 0.000E+00 0.000E+00 5.961E+05
 3.51430342E-01   3571.5 1.112E+03 8.772E+10 3.919E-03 9.192E-03 2.000E+05 0.000E+00 0.000E+00 5.974E+05
 4.11283437E-01   3592.4 1.301E+03 1.022E+11 4.429E-03 9.092E-03 2.000E+05 0.000E+00 0.000E+00 5.982E+05
 4.81991370E-01   3610.9 1.525E+03 1.183E+11 4.993E-03 9.232E-03 2.000E+05 0.000E+00 0.000E+00 5.984E+05
 5.65766621E-01   3626.4 1.790E+03 1.361E+11 5.615E-03 9.574E-03 2.000E+05 0.000E+00 0.000E+00 5.981E+05
 6.64450917E-01   3639.2 2.102E+03 1.555E+11 6.390E-03 1.049E-02 2.000E+05 0.000E+00 0.000E+00 5.971E+05
 7.80092557E-01   3650.5 2.468E+03 1.769E+11 7.289E-03 1.169E-02 2.000E+05 0.000E+00 0.000E+00 5.957E+05
 9.15498643E-01   3661.7 2.896E+03 2.010E+11 8.305E-03 1.307E-02 2.000E+05 0.000E+00 0.000E+00 5.942E+05
 1.07323707E+00   3674.6 3.395E+03 2.293E+11 9.527E-03 1.472E-02 2.000E+05 0.000E+00 0.000E+00 5.930E+05
 1.25631101E+00   3689.0 3.973E+03 2.621E+11 1.098E-02 1.666E-02 2.000E+05 0.000E+00 0.000E+00 5.920E+05
 1.46753601E+00   3705.5 4.641E+03 3.007E+11 1.271E-02 1.895E-02 2.000E+05 0.000E+00 0.000E+00 5.914E+05
 1.71023729E+00   3724.8 5.409E+03 3.467E+11 1.480E-02 2.170E-02 2.000E+05 0.000E+00 0.000E+00 5.913E+05
 1.98730103E+00   3747.9 6.285E+03 4.023E+11 1.734E-02 2.506E-02 2.000E+05 0.000E+00 0.000E+00 5.920E+05
 2.30096660E+00   3776.5 7.277E+03 4.714E+11 2.054E-02 2.939E-02 2.000E+05 0.000E+00 0.000E+00 5.939E+05
 2.65170178E+00   3814.8 8.386E+03 5.625E+11 2.457E-02 3.440E-02 2.000E+05 0.000E+00 0.000E+00 5.977E+05
 3.04480405E+00   3860.8 9.629E+03 6.799E+11 2.910E-02 3.799E-02 2.000E+05 0.000E+00 0.000E+00 6.030E+05
 3.48842850E+00   3907.5 1.103E+04 8.198E+11 3.434E-02 4.225E-02 2.000E+05 0.000E+00 0.000E+00 6.083E+05
 3.98970927E+00   3959.5 1.262E+04 9.958E+11 4.056E-02 4.739E-02 2.000E+05 0.000E+00 0.000E+00 6.084E+05
 4.55365471E+00   4017.9 1.440E+04 1.220E+12 4.828E-02 5.371E-02 2.000E+05 0.000E+00 0.000E+00 6.217E+05
 5.18247544E+00   4084.5 1.639E+04 1.507E+12 5.799E-02 6.149E-02 2.000E+05 0.000E+00 0.000E+00 6.300E+05
 5.87836227E+00   4161.0 1.859E+04 1.881E+12 7.010E-02 7.097E-02 2.000E+05 0.000E+00 0.000E+00 6.396E+05
 6.64236721E+00   4249.2 2.100E+04 2.368E+12 8.550E-02 8.253E-02 2.000E+05 0.000E+00 0.000E+00 6.505E+05
 7.47686930E+00   4350.4 2.364E+04 2.997E+12 1.045E-01 9.629E-02 2.000E+05 0.000E+00 0.000E+00 6.623E+05
 8.38026629E+00   4468.9 2.650E+04 3.809E+12 1.294E-01 1.151E-01 2.000E+05 0.000E+00 0.000E+00 6.752E+05
 9.35836753E+00   4607.1 2.959E+04 4.840E+12 1.582E-01 1.360E-01 2.000E+05 0.000E+00 0.000E+00 6.889E+05
 1.04537435E+01   4762.2 3.306E+04 6.100E+12 1.842E-01 1.509E-01 2.000E+05 0.000E+00 0.000E+00 7.032E+05
 1.17091468E+01   4939.4 3.703E+04 7.642E+12 2.142E-01 1.706E-01 2.000E+05 0.000E+00 0.000E+00 7.192E+05
 1.31617923E+01   5143.0 4.162E+04 9.532E+12 2.445E-01 1.910E-01 2.000E+05 0.000E+00 0.000E+00 7.372E+05
 1.48677429E+01   5377.4 4.701E+04 1.200E+13 2.770E-01 2.136E-01 2.000E+05 3.717E+02 0.000E+00 7.564E+05
 1.68394240E+01   5645.7 5.325E+04 1.596E+13 3.285E-01 2.523E-01 2.000E+05 8.209E+04 2.501E+03 7.754E+05
 1.89339356E+01   5954.5 5.987E+04 2.425E+13 4.411E-01 3.381E-01 2.000E+05 3.789E+06 1.470E+04 7.938E+05
 2.08636384E+01   6305.5 6.597E+04 4.289E+13 6.854E-01 5.177E-01 2.000E+05 3.367E+07 5.100E+04 8.109E+05
 2.24307410E+01   6689.4 7.093E+04 8.230E+13 1.171E+00 8.268E-01 2.000E+05 1.546E+08 9.672E+04 8.246E+05
 2.36483992E+01   7067.4 7.478E+04 1.525E+14 1.993E+00 1.176E+00 2.000E+05 4.332E+08 1.465E+05 8.330E+05
 2.46312293E+01   7402.4 7.788E+04 2.543E+14 3.173E+00 1.374E+00 2.000E+05 8.100E+08 1.836E+05 8.374E+05
 2.54966017E+01   7675.1 8.062E+04 3.763E+14 4.593E+00 1.371E+00 2.000E+05 1.135E+09 1.991E+05 8.399E+05
 2.63197969E+01   7905.9 8.322E+04 5.158E+14 6.257E+00 1.315E+00 2.000E+05 1.348E+09 2.044E+05 8.420E+05
 2.71447327E+01   8108.0 8.583E+04 6.720E+14 8.163E+00 1.248E+00 2.000E+05 1.485E+09 2.049E+05 8.442E+05
 2.79989004E+01   8293.4 8.853E+04 8.490E+14 1.040E+01 1.185E+00 2.000E+05 1.578E+09 2.042E+05 8.468E+05
 2.89014321E+01   8467.5 9.138E+04 1.050E+15 1.301E+01 1.112E+00 2.000E+05 1.646E+09 2.009E+05 8.499E+05
 2.98717764E+01   8631.4 9.445E+04 1.275E+15 1.602E+01 1.056E+00 2.000E+05 1.694E+09 1.994E+05 8.534E+05
 3.09226306E+01   8795.9 9.777E+04 1.540E+15 1.968E+01 9.888E-01 2.000E+05 1.728E+09 1.939E+05 8.575E+05
 3.20756795E+01   8946.4 1.014E+05 1.824E+15 2.370E+01 1.001E+00 2.000E+05 1.751E+09 1.928E+05 8.619E+05
PRADK 5.4703E-01
BEGIN                    ITERATION  15 COMPLETED
