TEFF   6000.  GRAVITY 0.00000 LTE 
TITLE  [0.0] VTURB=2  L/H=1.25 NOVER NEW ODF                                    
 OPACITY IFOP 1 1 1 1 1 1 1 1 1 1 1 1 1 0 1 0 0 0 0 0
 CONVECTION ON   1.25 TURBULENCE OFF  0.00  0.00  0.00  0.00
ABUNDANCE SCALE   1.00000 ABUNDANCE CHANGE 1 0.92040 2 0.07834
 ABUNDANCE CHANGE  3 -10.94  4 -10.64  5  -9.49  6  -3.52  7  -4.12  8  -3.21
 ABUNDANCE CHANGE  9  -7.48 10  -3.96 11  -5.71 12  -4.46 13  -5.57 14  -4.49
 ABUNDANCE CHANGE 15  -6.59 16  -4.71 17  -6.54 18  -5.64 19  -6.92 20  -5.68
 ABUNDANCE CHANGE 21  -8.87 22  -7.02 23  -8.04 24  -6.37 25  -6.65 26  -4.54
 ABUNDANCE CHANGE 27  -7.12 28  -5.79 29  -7.83 30  -7.44 31  -9.16 32  -8.63
 ABUNDANCE CHANGE 33  -9.67 34  -8.63 35  -9.41 36  -8.73 37  -9.44 38  -9.07
 ABUNDANCE CHANGE 39  -9.80 40  -9.44 41 -10.62 42 -10.12 43 -20.00 44 -10.20
 ABUNDANCE CHANGE 45 -10.92 46 -10.35 47 -11.10 48 -10.27 49 -10.38 50 -10.04
 ABUNDANCE CHANGE 51 -11.04 52  -9.80 53 -10.53 54  -9.87 55 -10.91 56  -9.91
 ABUNDANCE CHANGE 57 -10.87 58 -10.46 59 -11.33 60 -10.54 61 -20.00 62 -11.03
 ABUNDANCE CHANGE 63 -11.53 64 -10.92 65 -11.69 66 -10.90 67 -11.78 68 -11.11
 ABUNDANCE CHANGE 69 -12.04 70 -10.96 71 -11.98 72 -11.16 73 -12.17 74 -10.93
 ABUNDANCE CHANGE 75 -11.76 76 -10.59 77 -10.69 78 -10.24 79 -11.03 80 -10.91
 ABUNDANCE CHANGE 81 -11.14 82 -10.09 83 -11.33 84 -20.00 85 -20.00 86 -20.00
 ABUNDANCE CHANGE 87 -20.00 88 -20.00 89 -20.00 90 -11.95 91 -20.00 92 -12.54
 ABUNDANCE CHANGE 93 -20.00 94 -20.00 95 -20.00 96 -20.00 97 -20.00 98 -20.00
 ABUNDANCE CHANGE 99 -20.00
READ DECK6 72 RHOX,T,P,XNE,ABROSS,ACCRAD,VTURB
 1.15909575E-03   3551.5 1.152E-03 4.796E+05 1.150E-04 6.216E-03 2.000E+05 0.000E+00 0.000E+00 0.000E+00
 1.55140794E-03   3564.2 1.542E-03 6.138E+05 1.117E-04 5.923E-03 2.000E+05 0.000E+00 0.000E+00 0.000E+00
 2.08930096E-03   3578.1 2.077E-03 7.934E+05 1.088E-04 5.571E-03 2.000E+05 0.000E+00 0.000E+00 0.000E+00
 2.82312419E-03   3594.7 2.806E-03 1.037E+06 1.067E-04 5.189E-03 2.000E+05 0.000E+00 0.000E+00 0.000E+00
 3.81847173E-03   3613.7 3.797E-03 1.366E+06 1.054E-04 4.788E-03 2.000E+05 0.000E+00 0.000E+00 0.000E+00
 5.15737309E-03   3635.5 5.129E-03 1.812E+06 1.049E-04 4.459E-03 2.000E+05 0.000E+00 0.000E+00 0.000E+00
 6.93894653E-03   3660.1 6.903E-03 2.414E+06 1.057E-04 4.462E-03 2.000E+05 0.000E+00 0.000E+00 0.000E+00
 9.29203213E-03   3685.9 9.245E-03 3.214E+06 1.069E-04 4.465E-03 2.000E+05 0.000E+00 0.000E+00 0.000E+00
 1.23854990E-02   3712.5 1.232E-02 4.271E+06 1.087E-04 4.555E-03 2.000E+05 0.000E+00 0.000E+00 0.000E+00
 1.64389410E-02   3739.3 1.636E-02 5.656E+06 1.107E-04 4.698E-03 2.000E+05 0.000E+00 0.000E+00 0.000E+00
 2.17422179E-02   3766.2 2.164E-02 7.465E+06 1.129E-04 4.887E-03 2.000E+05 0.000E+00 0.000E+00 0.000E+00
 2.86739969E-02   3793.2 2.853E-02 9.827E+06 1.152E-04 5.160E-03 2.000E+05 0.000E+00 0.000E+00 0.000E+00
 3.77198355E-02   3822.1 3.753E-02 1.297E+07 1.179E-04 5.212E-03 2.000E+05 0.000E+00 0.000E+00 0.000E+00
 4.95010198E-02   3852.4 4.925E-02 1.714E+07 1.208E-04 5.130E-03 2.000E+05 0.000E+00 0.000E+00 0.000E+00
 6.48113258E-02   3883.6 6.449E-02 2.265E+07 1.241E-04 5.036E-03 2.000E+05 0.000E+00 0.000E+00 0.000E+00
 8.46510578E-02   3916.2 8.423E-02 2.997E+07 1.279E-04 4.924E-03 2.000E+05 0.000E+00 0.000E+00 0.000E+00
 1.10275904E-01   3949.8 1.097E-01 3.969E+07 1.323E-04 4.804E-03 2.000E+05 0.000E+00 0.000E+00 0.000E+00
 1.43257978E-01   3984.6 1.426E-01 5.257E+07 1.373E-04 4.685E-03 2.000E+05 0.000E+00 0.000E+00 0.000E+00
 1.85546619E-01   4020.1 1.846E-01 6.958E+07 1.431E-04 4.585E-03 2.000E+05 0.000E+00 0.000E+00 0.000E+00
 2.39579441E-01   4056.5 2.384E-01 9.205E+07 1.495E-04 4.473E-03 2.000E+05 0.000E+00 0.000E+00 0.000E+00
 3.08444943E-01   4093.3 3.070E-01 1.216E+08 1.566E-04 4.351E-03 2.000E+05 0.000E+00 0.000E+00 0.000E+00
 3.96006902E-01   4130.3 3.942E-01 1.603E+08 1.645E-04 4.250E-03 2.000E+05 0.000E+00 0.000E+00 0.000E+00
 5.07062954E-01   4167.7 5.048E-01 2.109E+08 1.731E-04 4.141E-03 2.000E+05 0.000E+00 0.000E+00 0.000E+00
 6.47447391E-01   4205.2 6.446E-01 2.768E+08 1.830E-04 4.061E-03 2.000E+05 0.000E+00 0.000E+00 0.000E+00
 8.24226019E-01   4243.1 8.207E-01 3.626E+08 1.941E-04 3.983E-03 2.000E+05 0.000E+00 0.000E+00 0.000E+00
 1.04607773E+00   4281.3 1.042E+00 4.738E+08 2.066E-04 3.911E-03 2.000E+05 0.000E+00 0.000E+00 0.000E+00
 1.32346331E+00   4319.5 1.318E+00 6.173E+08 2.208E-04 3.863E-03 2.000E+05 0.000E+00 0.000E+00 0.000E+00
 1.66889678E+00   4358.0 1.662E+00 8.025E+08 2.370E-04 3.815E-03 2.000E+05 0.000E+00 0.000E+00 0.000E+00
 2.09611912E+00   4396.6 2.088E+00 1.039E+09 2.567E-04 3.856E-03 2.000E+05 0.000E+00 0.000E+00 0.000E+00
 2.61989873E+00   4436.2 2.609E+00 1.344E+09 2.804E-04 3.937E-03 2.000E+05 0.000E+00 0.000E+00 0.000E+00
 3.25631712E+00   4477.4 3.243E+00 1.739E+09 3.090E-04 4.043E-03 2.000E+05 0.000E+00 0.000E+00 0.000E+00
 4.02223883E+00   4520.3 4.006E+00 2.250E+09 3.442E-04 4.189E-03 2.000E+05 0.000E+00 0.000E+00 0.000E+00
 4.93447713E+00   4565.3 4.914E+00 2.913E+09 3.871E-04 4.363E-03 2.000E+05 0.000E+00 0.000E+00 0.000E+00
 6.01300582E+00   4613.2 5.988E+00 3.785E+09 4.377E-04 4.374E-03 2.000E+05 0.000E+00 0.000E+00 0.000E+00
 7.28379702E+00   4660.4 7.253E+00 4.881E+09 4.955E-04 4.363E-03 2.000E+05 0.000E+00 0.000E+00 0.000E+00
 8.77894433E+00   4706.7 8.742E+00 6.252E+09 5.622E-04 4.371E-03 2.000E+05 0.000E+00 0.000E+00 0.000E+00
 1.05343755E+01   4752.3 1.049E+01 7.956E+09 6.394E-04 4.403E-03 2.000E+05 0.000E+00 0.000E+00 0.000E+00
 1.25891596E+01   4797.2 1.254E+01 1.006E+10 7.296E-04 4.492E-03 2.000E+05 0.000E+00 0.000E+00 0.000E+00
 1.49839154E+01   4841.4 1.492E+01 1.265E+10 8.372E-04 4.690E-03 2.000E+05 0.000E+00 0.000E+00 0.000E+00
 1.77596270E+01   4886.5 1.768E+01 1.587E+10 9.654E-04 4.931E-03 2.000E+05 0.000E+00 0.000E+00 0.000E+00
 2.09632579E+01   4932.2 2.087E+01 1.988E+10 1.117E-03 5.218E-03 2.000E+05 0.000E+00 0.000E+00 0.000E+00
 2.46475770E+01   4978.6 2.453E+01 2.484E+10 1.298E-03 5.564E-03 2.000E+05 0.000E+00 0.000E+00 0.000E+00
 2.88683699E+01   5026.1 2.873E+01 3.102E+10 1.514E-03 5.994E-03 2.000E+05 0.000E+00 0.000E+00 0.000E+00
 3.36788955E+01   5075.2 3.351E+01 3.875E+10 1.777E-03 6.548E-03 2.000E+05 0.000E+00 0.000E+00 0.000E+00
 3.91250853E+01   5127.0 3.892E+01 4.856E+10 2.101E-03 7.254E-03 2.000E+05 0.000E+00 0.000E+00 0.000E+00
 4.52419038E+01   5182.4 4.499E+01 6.118E+10 2.506E-03 8.152E-03 2.000E+05 0.000E+00 0.000E+00 0.000E+00
 5.20453793E+01   5242.8 5.173E+01 7.770E+10 3.021E-03 9.316E-03 2.000E+05 0.000E+00 0.000E+00 0.000E+00
 5.95191794E+01   5309.9 5.913E+01 9.985E+10 3.694E-03 1.086E-02 2.000E+05 0.000E+00 0.000E+00 0.000E+00
 6.76001267E+01   5385.6 6.712E+01 1.303E+11 4.598E-03 1.296E-02 2.000E+05 0.000E+00 0.000E+00 0.000E+00
 7.61571106E+01   5472.7 7.555E+01 1.735E+11 5.862E-03 1.596E-02 2.000E+05 0.000E+00 0.000E+00 0.000E+00
 8.49859635E+01   5574.1 8.422E+01 2.370E+11 7.685E-03 2.031E-02 2.000E+05 0.000E+00 0.000E+00 0.000E+00
 9.38190753E+01   5693.4 9.285E+01 3.332E+11 1.042E-02 2.689E-02 2.000E+05 0.000E+00 0.000E+00 0.000E+00
 1.02328930E+02   5834.5 1.011E+02 4.845E+11 1.474E-02 3.738E-02 2.000E+05 3.410E-17 9.123E+00 0.000E+00
 1.10152585E+02   6002.7 1.086E+02 7.318E+11 2.196E-02 5.514E-02 2.000E+05 3.197E-15 3.939E+01 0.000E+00
 1.16948564E+02   6204.1 1.149E+02 1.152E+12 3.479E-02 8.717E-02 2.000E+05 1.940E-13 1.464E+02 0.000E+00
 1.22452095E+02   6445.7 1.198E+02 1.892E+12 5.955E-02 1.503E-01 2.000E+05 1.647E-11 6.051E+02 0.000E+00
 1.26531883E+02   6737.7 1.230E+02 3.245E+12 1.122E-01 2.870E-01 2.000E+05 2.531E-09 3.042E+03 0.000E+00
 1.29253383E+02   7088.9 1.246E+02 5.757E+12 2.352E-01 6.132E-01 2.000E+05 8.032E-07 1.962E+04 0.000E+00
 1.30888257E+02   7503.8 1.246E+02 1.028E+13 5.417E-01 1.438E+00 2.000E+05 1.535E-04 1.095E+05 0.000E+00
 1.31809756E+02   7982.6 1.235E+02 1.763E+13 1.287E+00 3.320E+00 2.000E+05 1.722E-03 2.461E+05 0.000E+00
 1.32363312E+02   8468.1 1.215E+02 2.624E+13 2.600E+00 5.722E+00 2.000E+05 1.006E-01 1.011E+06 0.000E+00
 1.32797824E+02   8871.3 1.192E+02 3.234E+13 3.873E+00 6.747E+00 2.000E+05 2.934E-01 1.598E+06 0.000E+00
 1.33229759E+02   9249.9 1.165E+02 3.575E+13 4.726E+00 8.183E+00 2.000E+05 3.280E-01 1.847E+06 0.000E+00
 1.33744165E+02   9802.5 1.122E+02 3.677E+13 4.867E+00 1.031E+01 2.000E+05 1.074E-01 1.450E+06 0.000E+00
 1.34511315E+02  10554.0 1.055E+02 3.396E+13 3.828E+00 9.139E+00 2.000E+05 2.210E-03 4.999E+05 0.000E+00
 1.35918104E+02  11365.9 9.602E+01 2.915E+13 2.602E+00 6.351E+00 2.000E+05 1.379E-04 2.286E+05 0.000E+00
 1.38782650E+02  12256.2 8.442E+01 2.391E+13 1.662E+00 4.042E+00 2.000E+05 1.709E-05 1.221E+05 0.000E+00
 1.44607252E+02  13184.7 7.100E+01 1.887E+13 1.130E+00 2.751E+00 2.000E+05 8.650E-06 1.035E+05 0.000E+00
 1.55611896E+02  14198.4 5.636E+01 1.418E+13 8.287E-01 2.012E+00 2.000E+05 8.054E-06 1.135E+05 0.000E+00
 1.74962512E+02  15258.4 4.149E+01 9.816E+12 6.488E-01 1.581E+00 2.000E+05 2.341E-05 1.866E+05 0.000E+00
 2.06960858E+02  16423.9 2.790E+01 6.148E+12 5.387E-01 1.300E+00 2.000E+05 3.434E-04 5.332E+05 0.000E+00
 2.56024050E+02  17621.5 1.821E+01 3.742E+12 4.808E-01 1.095E+00 2.000E+05 3.060E-02 2.820E+06 0.000E+00
PRADK 1.7321E+00
BEGIN                    ITERATION  15 COMPLETED
