TEFF   7500.  GRAVITY 0.50000 LTE 
TITLE  [0.0] VTURB=2  L/H=1.25 NOVER NEW ODF                                    
 OPACITY IFOP 1 1 1 1 1 1 1 1 1 1 1 1 1 0 1 0 0 0 0 0
 CONVECTION ON   1.25 TURBULENCE OFF  0.00  0.00  0.00  0.00
ABUNDANCE SCALE   1.00000 ABUNDANCE CHANGE 1 0.92040 2 0.07834
 ABUNDANCE CHANGE  3 -10.94  4 -10.64  5  -9.49  6  -3.52  7  -4.12  8  -3.21
 ABUNDANCE CHANGE  9  -7.48 10  -3.96 11  -5.71 12  -4.46 13  -5.57 14  -4.49
 ABUNDANCE CHANGE 15  -6.59 16  -4.71 17  -6.54 18  -5.64 19  -6.92 20  -5.68
 ABUNDANCE CHANGE 21  -8.87 22  -7.02 23  -8.04 24  -6.37 25  -6.65 26  -4.54
 ABUNDANCE CHANGE 27  -7.12 28  -5.79 29  -7.83 30  -7.44 31  -9.16 32  -8.63
 ABUNDANCE CHANGE 33  -9.67 34  -8.63 35  -9.41 36  -8.73 37  -9.44 38  -9.07
 ABUNDANCE CHANGE 39  -9.80 40  -9.44 41 -10.62 42 -10.12 43 -20.00 44 -10.20
 ABUNDANCE CHANGE 45 -10.92 46 -10.35 47 -11.10 48 -10.27 49 -10.38 50 -10.04
 ABUNDANCE CHANGE 51 -11.04 52  -9.80 53 -10.53 54  -9.87 55 -10.91 56  -9.91
 ABUNDANCE CHANGE 57 -10.87 58 -10.46 59 -11.33 60 -10.54 61 -20.00 62 -11.03
 ABUNDANCE CHANGE 63 -11.53 64 -10.92 65 -11.69 66 -10.90 67 -11.78 68 -11.11
 ABUNDANCE CHANGE 69 -12.04 70 -10.96 71 -11.98 72 -11.16 73 -12.17 74 -10.93
 ABUNDANCE CHANGE 75 -11.76 76 -10.59 77 -10.69 78 -10.24 79 -11.03 80 -10.91
 ABUNDANCE CHANGE 81 -11.14 82 -10.09 83 -11.33 84 -20.00 85 -20.00 86 -20.00
 ABUNDANCE CHANGE 87 -20.00 88 -20.00 89 -20.00 90 -11.95 91 -20.00 92 -12.54
 ABUNDANCE CHANGE 93 -20.00 94 -20.00 95 -20.00 96 -20.00 97 -20.00 98 -20.00
 ABUNDANCE CHANGE 99 -20.00
READ DECK6 72 RHOX,T,P,XNE,ABROSS,ACCRAD,VTURB
 1.46535656E-05   4257.8 4.117E-05 1.825E+06 9.101E-03 3.529E-01 2.000E+05 0.000E+00 0.000E+00 0.000E+00
 1.96618495E-05   4278.1 5.527E-05 2.316E+06 8.661E-03 3.395E-01 2.000E+05 0.000E+00 0.000E+00 0.000E+00
 2.67020181E-05   4298.5 7.520E-05 2.958E+06 8.188E-03 3.236E-01 2.000E+05 0.000E+00 0.000E+00 0.000E+00
 3.66045174E-05   4321.5 1.034E-04 3.837E+06 7.785E-03 3.076E-01 2.000E+05 0.000E+00 0.000E+00 0.000E+00
 5.04887581E-05   4346.4 1.431E-04 5.028E+06 7.432E-03 2.922E-01 2.000E+05 0.000E+00 0.000E+00 0.000E+00
 6.98443396E-05   4372.9 1.988E-04 6.632E+06 7.123E-03 2.780E-01 2.000E+05 0.000E+00 0.000E+00 0.000E+00
 9.66969280E-05   4400.9 2.765E-04 8.798E+06 6.865E-03 2.659E-01 2.000E+05 0.000E+00 0.000E+00 0.000E+00
 1.33759293E-04   4430.2 3.840E-04 1.171E+07 6.646E-03 2.536E-01 2.000E+05 0.000E+00 0.000E+00 0.000E+00
 1.84754672E-04   4460.1 5.327E-04 1.558E+07 6.446E-03 2.410E-01 2.000E+05 0.000E+00 0.000E+00 0.000E+00
 2.54914623E-04   4489.8 7.381E-04 2.068E+07 6.241E-03 2.286E-01 2.000E+05 0.000E+00 0.000E+00 0.000E+00
 3.51765924E-04   4518.7 1.023E-03 2.731E+07 6.015E-03 2.174E-01 2.000E+05 0.000E+00 0.000E+00 0.000E+00
 4.86188443E-04   4546.5 1.419E-03 3.590E+07 5.764E-03 2.081E-01 2.000E+05 0.000E+00 0.000E+00 0.000E+00
 6.73603510E-04   4574.1 1.974E-03 4.715E+07 5.506E-03 2.004E-01 2.000E+05 0.000E+00 0.000E+00 0.000E+00
 9.35348911E-04   4602.4 2.750E-03 6.205E+07 5.258E-03 1.907E-01 2.000E+05 0.000E+00 0.000E+00 0.000E+00
 1.29980731E-03   4632.7 3.835E-03 8.219E+07 5.053E-03 1.820E-01 2.000E+05 0.000E+00 0.000E+00 0.000E+00
 1.80304032E-03   4665.7 5.337E-03 1.097E+08 4.904E-03 1.738E-01 2.000E+05 0.000E+00 0.000E+00 0.000E+00
 2.49061479E-03   4701.5 7.394E-03 1.472E+08 4.811E-03 1.658E-01 2.000E+05 0.000E+00 0.000E+00 0.000E+00
 3.41993161E-03   4740.1 1.018E-02 1.985E+08 4.771E-03 1.581E-01 2.000E+05 0.000E+00 0.000E+00 0.000E+00
 4.66187675E-03   4781.1 1.392E-02 2.683E+08 4.787E-03 1.521E-01 2.000E+05 0.000E+00 0.000E+00 0.000E+00
 6.30297332E-03   4824.4 1.886E-02 3.629E+08 4.855E-03 1.481E-01 2.000E+05 0.000E+00 0.000E+00 0.000E+00
 8.45215514E-03   4869.4 2.534E-02 4.901E+08 4.960E-03 1.443E-01 2.000E+05 0.000E+00 0.000E+00 0.000E+00
 1.12501270E-02   4915.3 3.379E-02 6.597E+08 5.092E-03 1.407E-01 2.000E+05 0.000E+00 0.000E+00 0.000E+00
 1.48793350E-02   4961.7 4.476E-02 8.838E+08 5.240E-03 1.372E-01 2.000E+05 0.000E+00 0.000E+00 0.000E+00
 1.95776351E-02   5008.5 5.898E-02 1.179E+09 5.402E-03 1.343E-01 2.000E+05 0.000E+00 0.000E+00 0.000E+00
 2.56495629E-02   5055.7 7.738E-02 1.567E+09 5.579E-03 1.317E-01 2.000E+05 0.000E+00 0.000E+00 0.000E+00
 3.34803857E-02   5103.6 1.011E-01 2.077E+09 5.776E-03 1.298E-01 2.000E+05 0.000E+00 0.000E+00 0.000E+00
 4.35486567E-02   5152.5 1.317E-01 2.749E+09 6.002E-03 1.285E-01 2.000E+05 0.000E+00 0.000E+00 0.000E+00
 5.64357272E-02   5203.0 1.708E-01 3.638E+09 6.269E-03 1.277E-01 2.000E+05 0.000E+00 0.000E+00 0.000E+00
 7.28378984E-02   5255.2 2.205E-01 4.814E+09 6.588E-03 1.275E-01 2.000E+05 0.000E+00 0.000E+00 0.000E+00
 9.35816355E-02   5309.2 2.835E-01 6.367E+09 6.969E-03 1.276E-01 2.000E+05 0.000E+00 0.000E+00 0.000E+00
 1.19643772E-01   5364.8 3.626E-01 8.412E+09 7.420E-03 1.282E-01 2.000E+05 0.000E+00 0.000E+00 0.000E+00
 1.52176142E-01   5422.0 4.612E-01 1.109E+10 7.951E-03 1.293E-01 2.000E+05 0.000E+00 0.000E+00 0.000E+00
 1.92538678E-01   5480.4 5.836E-01 1.459E+10 8.569E-03 1.309E-01 2.000E+05 0.000E+00 0.000E+00 0.000E+00
 2.42338020E-01   5539.8 7.345E-01 1.912E+10 9.285E-03 1.330E-01 2.000E+05 0.000E+00 0.000E+00 0.000E+00
 3.03497827E-01   5599.7 9.197E-01 2.494E+10 1.010E-02 1.356E-01 2.000E+05 0.000E+00 0.000E+00 0.000E+00
 3.78335892E-01   5659.7 1.146E+00 3.237E+10 1.103E-02 1.389E-01 2.000E+05 0.000E+00 0.000E+00 0.000E+00
 4.69617447E-01   5719.8 1.422E+00 4.178E+10 1.207E-02 1.431E-01 2.000E+05 0.000E+00 0.000E+00 0.000E+00
 5.80592885E-01   5779.8 1.757E+00 5.364E+10 1.326E-02 1.482E-01 2.000E+05 0.000E+00 0.000E+00 0.000E+00
 7.15063972E-01   5839.7 2.161E+00 6.851E+10 1.462E-02 1.546E-01 2.000E+05 0.000E+00 0.000E+00 0.000E+00
 8.77449407E-01   5899.5 2.649E+00 8.705E+10 1.617E-02 1.623E-01 2.000E+05 0.000E+00 0.000E+00 0.000E+00
 1.07281480E+00   5959.4 3.234E+00 1.101E+11 1.797E-02 1.720E-01 2.000E+05 0.000E+00 0.000E+00 0.000E+00
 1.30663671E+00   6020.1 3.932E+00 1.389E+11 2.008E-02 1.844E-01 2.000E+05 0.000E+00 0.000E+00 0.000E+00
 1.58442549E+00   6082.7 4.757E+00 1.749E+11 2.264E-02 2.003E-01 2.000E+05 0.000E+00 0.000E+00 0.000E+00
 1.91103928E+00   6148.6 5.721E+00 2.205E+11 2.584E-02 2.211E-01 2.000E+05 0.000E+00 0.000E+00 0.000E+00
 2.28961978E+00   6219.6 6.829E+00 2.789E+11 2.998E-02 2.492E-01 2.000E+05 0.000E+00 0.000E+00 0.000E+00
 2.72031058E+00   6297.7 8.076E+00 3.547E+11 3.551E-02 2.878E-01 2.000E+05 0.000E+00 0.000E+00 0.000E+00
 3.19898309E+00   6385.6 9.439E+00 4.548E+11 4.317E-02 3.423E-01 2.000E+05 3.254E-19 4.632E+00 0.000E+00
 3.71583995E+00   6486.6 1.088E+01 5.896E+11 5.420E-02 4.220E-01 2.000E+05 6.373E-18 1.180E+01 0.000E+00
 4.25472277E+00   6604.1 1.232E+01 7.744E+11 7.069E-02 5.425E-01 2.000E+05 4.301E-17 2.121E+01 0.000E+00
 4.79329228E+00   6743.1 1.369E+01 1.033E+12 9.656E-02 7.326E-01 2.000E+05 2.424E-16 3.622E+01 0.000E+00
 5.30618217E+00   6907.5 1.486E+01 1.395E+12 1.386E-01 1.043E+00 2.000E+05 1.742E-15 6.792E+01 0.000E+00
 5.77063063E+00   7102.3 1.574E+01 1.902E+12 2.094E-01 1.563E+00 2.000E+05 2.268E-14 1.579E+02 0.000E+00
 6.17121333E+00   7332.2 1.622E+01 2.587E+12 3.302E-01 2.435E+00 2.000E+05 5.635E-13 4.663E+02 0.000E+00
 6.50592839E+00   7598.9 1.625E+01 3.431E+12 5.292E-01 3.841E+00 2.000E+05 1.747E-11 1.529E+03 0.000E+00
 6.78721253E+00   7903.5 1.580E+01 4.291E+12 8.154E-01 5.757E+00 2.000E+05 2.958E-10 4.266E+03 0.000E+00
 7.04564975E+00   8247.7 1.488E+01 4.870E+12 1.120E+00 7.668E+00 2.000E+05 1.050E-09 7.410E+03 0.000E+00
 7.32091548E+00   8635.7 1.350E+01 4.876E+12 1.273E+00 8.432E+00 2.000E+05 5.012E-10 6.914E+03 0.000E+00
 7.68045832E+00   9065.0 1.175E+01 4.328E+12 1.189E+00 7.608E+00 2.000E+05 1.272E-10 5.238E+03 0.000E+00
 8.22733656E+00   9536.2 9.737E+00 3.500E+12 9.800E-01 6.075E+00 2.000E+05 8.647E-11 5.250E+03 0.000E+00
 9.14331292E+00  10052.2 7.811E+00 2.687E+12 7.665E-01 4.603E+00 2.000E+05 1.199E-10 6.483E+03 0.000E+00
 1.06961489E+01  10617.0 6.446E+00 2.106E+12 6.118E-01 3.614E+00 2.000E+05 1.600E-10 7.761E+03 0.000E+00
 1.31965250E+01  11244.7 6.062E+00 1.875E+12 5.267E-01 3.104E+00 2.000E+05 9.832E-11 6.864E+03 0.000E+00
 1.68897125E+01  11945.7 6.637E+00 1.947E+12 4.949E-01 2.939E+00 2.000E+05 4.252E-11 5.143E+03 0.000E+00
 2.20011995E+01  12730.5 7.940E+00 2.216E+12 4.859E-01 2.888E+00 2.000E+05 5.314E-11 5.350E+03 0.000E+00
 2.88633078E+01  13596.1 9.775E+00 2.584E+12 4.861E-01 2.900E+00 2.000E+05 9.258E-11 6.174E+03 0.000E+00
 3.80114655E+01  14543.8 1.217E+01 3.022E+12 4.862E-01 2.898E+00 2.000E+05 2.674E-10 8.383E+03 0.000E+00
 5.01500586E+01  15574.8 1.507E+01 3.501E+12 4.910E-01 2.940E+00 2.000E+05 1.658E-09 1.469E+04 0.000E+00
 6.62368746E+01  16694.5 1.861E+01 4.035E+12 4.922E-01 2.931E+00 2.000E+05 1.175E-08 2.694E+04 0.000E+00
 8.75925353E+01  17906.5 2.289E+01 4.625E+12 4.954E-01 2.966E+00 2.000E+05 4.724E-08 4.099E+04 0.000E+00
 1.16195834E+02  19216.8 2.900E+01 5.460E+12 4.878E-01 2.883E+00 2.000E+05 5.479E-08 4.084E+04 0.000E+00
 1.54615194E+02  20630.6 3.807E+01 6.673E+12 4.889E-01 2.894E+00 2.000E+05 1.364E-07 5.190E+04 0.000E+00
 2.05455452E+02  22151.0 5.119E+01 8.355E+12 4.948E-01 2.816E+00 2.000E+05 4.275E-04 7.069E+05 0.000E+00
PRADK 4.2242E+00
BEGIN                    ITERATION  15 COMPLETED
