TEFF   5750.  GRAVITY 3.50000 LTE 
TITLE  [0.0a] VTURB=2  L/H=1.25 NOVER NEW ODF                                   
 OPACITY IFOP 1 1 1 1 1 1 1 1 1 1 1 1 1 0 1 0 0 0 0 0
 CONVECTION ON   1.25 TURBULENCE OFF  0.00  0.00  0.00  0.00
ABUNDANCE SCALE   1.00000 ABUNDANCE CHANGE 1 0.91930 2 0.07824
 ABUNDANCE CHANGE  3 -10.94  4 -10.64  5  -9.49  6  -3.52  7  -4.12  8  -2.81
 ABUNDANCE CHANGE  9  -7.48 10  -3.56 11  -5.71 12  -4.06 13  -5.57 14  -4.09
 ABUNDANCE CHANGE 15  -6.59 16  -4.31 17  -6.54 18  -5.24 19  -6.92 20  -5.28
 ABUNDANCE CHANGE 21  -8.87 22  -6.62 23  -8.04 24  -6.37 25  -6.65 26  -4.54
 ABUNDANCE CHANGE 27  -7.12 28  -5.79 29  -7.83 30  -7.44 31  -9.16 32  -8.63
 ABUNDANCE CHANGE 33  -9.67 34  -8.63 35  -9.41 36  -8.73 37  -9.44 38  -9.07
 ABUNDANCE CHANGE 39  -9.80 40  -9.44 41 -10.62 42 -10.12 43 -20.00 44 -10.20
 ABUNDANCE CHANGE 45 -10.92 46 -10.35 47 -11.10 48 -10.27 49 -10.38 50 -10.04
 ABUNDANCE CHANGE 51 -11.04 52  -9.80 53 -10.53 54  -9.87 55 -10.91 56  -9.91
 ABUNDANCE CHANGE 57 -10.87 58 -10.46 59 -11.33 60 -10.54 61 -20.00 62 -11.03
 ABUNDANCE CHANGE 63 -11.53 64 -10.92 65 -11.69 66 -10.90 67 -11.78 68 -11.11
 ABUNDANCE CHANGE 69 -12.04 70 -10.96 71 -11.98 72 -11.16 73 -12.17 74 -10.93
 ABUNDANCE CHANGE 75 -11.76 76 -10.59 77 -10.69 78 -10.24 79 -11.03 80 -10.91
 ABUNDANCE CHANGE 81 -11.14 82 -10.09 83 -11.33 84 -20.00 85 -20.00 86 -20.00
 ABUNDANCE CHANGE 87 -20.00 88 -20.00 89 -20.00 90 -11.95 91 -20.00 92 -12.54
 ABUNDANCE CHANGE 93 -20.00 94 -20.00 95 -20.00 96 -20.00 97 -20.00 98 -20.00
 ABUNDANCE CHANGE 99 -20.00
READ DECK6 72 RHOX,T,P,XNE,ABROSS,ACCRAD,VTURB, FLXCNV,VCONV,VELSND
 6.86150867E-04   3548.2 2.170E+00 7.851E+08 1.943E-04 4.194E-02 2.000E+05 0.000E+00 0.000E+00 8.719E+05
 9.07480655E-04   3569.4 2.870E+00 1.020E+09 2.075E-04 4.042E-02 2.000E+05 0.000E+00 0.000E+00 8.187E+05
 1.18308971E-03   3591.4 3.741E+00 1.307E+09 2.228E-04 3.797E-02 2.000E+05 0.000E+00 0.000E+00 7.783E+05
 1.52437776E-03   3615.5 4.820E+00 1.660E+09 2.406E-04 3.509E-02 2.000E+05 0.000E+00 0.000E+00 7.475E+05
 1.94160775E-03   3642.3 6.140E+00 2.090E+09 2.656E-04 3.447E-02 2.000E+05 0.000E+00 0.000E+00 7.243E+05
 2.43706260E-03   3672.3 7.707E+00 2.603E+09 3.024E-04 3.742E-02 2.000E+05 0.000E+00 0.000E+00 7.073E+05
 3.01512546E-03   3703.2 9.535E+00 3.202E+09 3.467E-04 4.080E-02 2.000E+05 0.000E+00 0.000E+00 6.948E+05
 3.68546049E-03   3734.9 1.165E+01 3.897E+09 3.998E-04 4.463E-02 2.000E+05 0.000E+00 0.000E+00 6.856E+05
 4.45881402E-03   3766.2 1.410E+01 4.697E+09 4.631E-04 4.947E-02 2.000E+05 0.000E+00 0.000E+00 6.789E+05
 5.34687083E-03   3796.4 1.691E+01 5.613E+09 5.385E-04 5.582E-02 2.000E+05 0.000E+00 0.000E+00 6.739E+05
 6.38547979E-03   3824.9 2.019E+01 6.673E+09 6.019E-04 5.578E-02 2.000E+05 0.000E+00 0.000E+00 6.701E+05
 7.62909238E-03   3852.3 2.412E+01 7.929E+09 6.696E-04 5.464E-02 2.000E+05 0.000E+00 0.000E+00 6.671E+05
 9.11585095E-03   3878.9 2.883E+01 9.416E+09 7.488E-04 5.408E-02 2.000E+05 0.000E+00 0.000E+00 6.648E+05
 1.08860224E-02   3905.8 3.442E+01 1.117E+10 8.398E-04 5.369E-02 2.000E+05 0.000E+00 0.000E+00 6.633E+05
 1.29879151E-02   3933.2 4.107E+01 1.325E+10 9.444E-04 5.334E-02 2.000E+05 0.000E+00 0.000E+00 6.624E+05
 1.54753564E-02   3960.9 4.894E+01 1.570E+10 1.066E-03 5.321E-02 2.000E+05 0.000E+00 0.000E+00 6.503E+05
 1.84112254E-02   3989.2 5.822E+01 1.857E+10 1.205E-03 5.317E-02 2.000E+05 0.000E+00 0.000E+00 6.623E+05
 2.18786242E-02   4018.6 6.919E+01 2.195E+10 1.360E-03 5.275E-02 2.000E+05 0.000E+00 0.000E+00 6.629E+05
 2.59712534E-02   4048.4 8.213E+01 2.592E+10 1.538E-03 5.231E-02 2.000E+05 0.000E+00 0.000E+00 6.639E+05
 3.07892098E-02   4078.4 9.736E+01 3.058E+10 1.744E-03 5.197E-02 2.000E+05 0.000E+00 0.000E+00 6.651E+05
 3.64547298E-02   4109.2 1.153E+02 3.603E+10 1.978E-03 5.145E-02 2.000E+05 0.000E+00 0.000E+00 6.666E+05
 4.31092770E-02   4140.0 1.363E+02 4.239E+10 2.248E-03 5.107E-02 2.000E+05 0.000E+00 0.000E+00 6.683E+05
 5.09101582E-02   4170.7 1.610E+02 4.981E+10 2.559E-03 5.092E-02 2.000E+05 0.000E+00 0.000E+00 6.701E+05
 6.00622064E-02   4201.9 1.899E+02 5.848E+10 2.905E-03 5.065E-02 2.000E+05 0.000E+00 0.000E+00 6.721E+05
 7.08051530E-02   4232.7 2.239E+02 6.858E+10 3.303E-03 5.051E-02 2.000E+05 0.000E+00 0.000E+00 6.741E+05
 8.33965949E-02   4263.3 2.637E+02 8.034E+10 3.760E-03 5.056E-02 2.000E+05 0.000E+00 0.000E+00 6.762E+05
 9.81371274E-02   4293.6 3.103E+02 9.400E+10 4.285E-03 5.086E-02 2.000E+05 0.000E+00 0.000E+00 6.783E+05
 1.15391010E-01   4323.9 3.649E+02 1.099E+11 4.881E-03 5.126E-02 2.000E+05 0.000E+00 0.000E+00 6.804E+05
 1.35581882E-01   4353.8 4.287E+02 1.284E+11 5.566E-03 5.198E-02 2.000E+05 0.000E+00 0.000E+00 6.826E+05
 1.59158961E-01   4383.2 5.033E+02 1.498E+11 6.364E-03 5.364E-02 2.000E+05 0.000E+00 0.000E+00 6.847E+05
 1.86637241E-01   4412.6 5.902E+02 1.745E+11 7.285E-03 5.602E-02 2.000E+05 0.000E+00 0.000E+00 6.869E+05
 2.18648339E-01   4442.2 6.914E+02 2.032E+11 8.338E-03 5.875E-02 2.000E+05 0.000E+00 0.000E+00 6.891E+05
 2.55942717E-01   4472.2 8.093E+02 2.364E+11 9.544E-03 6.186E-02 2.000E+05 0.000E+00 0.000E+00 6.913E+05
 2.99388362E-01   4502.7 9.467E+02 2.749E+11 1.092E-02 6.539E-02 2.000E+05 0.000E+00 0.000E+00 6.936E+05
 3.50050376E-01   4534.1 1.107E+03 3.197E+11 1.248E-02 6.921E-02 2.000E+05 0.000E+00 0.000E+00 6.960E+05
 4.09183167E-01   4566.3 1.294E+03 3.717E+11 1.426E-02 7.370E-02 2.000E+05 0.000E+00 0.000E+00 6.984E+05
 4.78587835E-01   4601.3 1.513E+03 4.328E+11 1.612E-02 7.554E-02 2.000E+05 0.000E+00 0.000E+00 7.011E+05
 5.60432423E-01   4635.8 1.772E+03 5.043E+11 1.824E-02 7.747E-02 2.000E+05 0.000E+00 0.000E+00 7.038E+05
 6.56804106E-01   4669.9 2.077E+03 5.879E+11 2.067E-02 8.022E-02 2.000E+05 0.000E+00 0.000E+00 7.064E+05
 7.70096012E-01   4703.8 2.435E+03 6.855E+11 2.347E-02 8.385E-02 2.000E+05 0.000E+00 0.000E+00 7.089E+05
 9.03119797E-01   4737.8 2.856E+03 7.995E+11 2.666E-02 8.843E-02 2.000E+05 0.000E+00 0.000E+00 7.115E+05
 1.05938316E+00   4772.7 3.350E+03 9.328E+11 3.024E-02 9.388E-02 2.000E+05 0.000E+00 0.000E+00 7.141E+05
 1.24309065E+00   4809.0 3.931E+03 1.089E+12 3.432E-02 1.012E-01 2.000E+05 0.000E+00 0.000E+00 7.168E+05
 1.45860489E+00   4848.5 4.612E+03 1.273E+12 3.907E-02 1.104E-01 2.000E+05 0.000E+00 0.000E+00 7.197E+05
 1.71091542E+00   4892.3 5.410E+03 1.491E+12 4.452E-02 1.208E-01 2.000E+05 0.000E+00 0.000E+00 7.230E+05
 2.00608815E+00   4941.6 6.344E+03 1.750E+12 5.076E-02 1.326E-01 2.000E+05 0.000E+00 0.000E+00 7.267E+05
 2.35115532E+00   4997.7 7.435E+03 2.059E+12 5.792E-02 1.462E-01 2.000E+05 0.000E+00 0.000E+00 7.309E+05
 2.75424811E+00   5062.7 8.709E+03 2.432E+12 6.616E-02 1.620E-01 2.000E+05 0.000E+00 0.000E+00 7.358E+05
 3.22450229E+00   5138.4 1.020E+04 2.891E+12 7.569E-02 1.802E-01 2.000E+05 0.000E+00 0.000E+00 7.413E+05
 3.77125931E+00   5227.8 1.193E+04 3.471E+12 8.707E-02 2.020E-01 2.000E+05 0.000E+00 0.000E+00 7.477E+05
 4.40293517E+00   5332.0 1.392E+04 4.227E+12 1.009E-01 2.283E-01 2.000E+05 0.000E+00 0.000E+00 7.549E+05
 5.12266040E+00   5455.9 1.620E+04 5.278E+12 1.195E-01 2.653E-01 2.000E+05 0.000E+00 0.000E+00 7.630E+05
 5.92161935E+00   5601.9 1.872E+04 6.848E+12 1.458E-01 3.178E-01 2.000E+05 0.000E+00 0.000E+00 7.718E+05
 6.77824837E+00   5771.8 2.143E+04 9.361E+12 1.853E-01 3.960E-01 2.000E+05 0.000E+00 0.000E+00 7.813E+05
 7.64842900E+00   5972.2 2.418E+04 1.368E+13 2.516E-01 5.322E-01 2.000E+05 2.692E+01 0.000E+00 7.913E+05
 8.47881107E+00   6205.6 2.681E+04 2.138E+13 3.617E-01 7.565E-01 2.000E+05 5.380E+03 1.329E+03 8.011E+05
 9.22279994E+00   6477.9 2.916E+04 3.563E+13 5.569E-01 1.159E+00 2.000E+05 2.776E+05 7.534E+03 8.098E+05
 9.84931515E+00   6791.7 3.114E+04 6.222E+13 9.057E-01 1.881E+00 2.000E+05 6.321E+06 2.700E+04 8.162E+05
 1.03469322E+01   7159.1 3.271E+04 1.137E+14 1.569E+00 3.259E+00 2.000E+05 3.976E+07 7.267E+04 8.199E+05
 1.07135601E+01   7593.1 3.387E+04 2.158E+14 2.930E+00 5.801E+00 2.000E+05 3.164E+08 1.172E+05 8.221E+05
 1.09776226E+01   8016.1 3.471E+04 3.779E+14 5.283E+00 8.498E+00 2.000E+05 1.145E+09 2.326E+05 8.260E+05
 1.11865838E+01   8349.9 3.536E+04 5.653E+14 8.304E+00 9.074E+00 2.000E+05 2.288E+09 2.981E+05 8.321E+05
 1.13761134E+01   8599.7 3.596E+04 7.493E+14 1.156E+01 8.201E+00 2.000E+05 3.196E+09 3.193E+05 8.390E+05
 1.15636135E+01   8809.6 3.655E+04 9.380E+14 1.516E+01 7.294E+00 2.000E+05 3.760E+09 3.278E+05 8.462E+05
 1.17583751E+01   8993.1 3.717E+04 1.132E+15 1.912E+01 6.566E+00 2.000E+05 4.110E+09 3.307E+05 8.537E+05
 1.19664991E+01   9164.9 3.783E+04 1.342E+15 2.363E+01 5.968E+00 2.000E+05 4.323E+09 3.296E+05 8.616E+05
 1.21935527E+01   9324.3 3.854E+04 1.562E+15 2.863E+01 5.499E+00 2.000E+05 4.477E+09 3.286E+05 8.698E+05
 1.24442518E+01   9484.3 3.933E+04 1.810E+15 3.447E+01 5.123E+00 2.000E+05 4.577E+09 3.270E+05 8.787E+05
 1.27239249E+01   9637.4 4.022E+04 2.076E+15 4.096E+01 4.718E+00 2.000E+05 4.655E+09 3.228E+05 8.880E+05
 1.30384160E+01   9793.2 4.121E+04 2.376E+15 4.853E+01 4.483E+00 2.000E+05 4.719E+09 3.238E+05 8.980E+05
 1.33926913E+01   9952.5 4.233E+04 2.716E+15 5.736E+01 4.138E+00 2.000E+05 4.748E+09 3.170E+05 9.090E+05
 1.37955021E+01  10105.1 4.360E+04 3.077E+15 6.682E+01 4.142E+00 2.000E+05 4.799E+09 3.183E+05 9.202E+05
PRADK 1.4614E+00
BEGIN                    ITERATION  15 COMPLETED
