TEFF   6500.  GRAVITY 4.50000 LTE 
TITLE  [0.0a] VTURB=2  L/H=1.25 NOVER NEW ODF                                   
 OPACITY IFOP 1 1 1 1 1 1 1 1 1 1 1 1 1 0 1 0 0 0 0 0
 CONVECTION ON   1.25 TURBULENCE OFF  0.00  0.00  0.00  0.00
ABUNDANCE SCALE   1.00000 ABUNDANCE CHANGE 1 0.91930 2 0.07824
 ABUNDANCE CHANGE  3 -10.94  4 -10.64  5  -9.49  6  -3.52  7  -4.12  8  -2.81
 ABUNDANCE CHANGE  9  -7.48 10  -3.56 11  -5.71 12  -4.06 13  -5.57 14  -4.09
 ABUNDANCE CHANGE 15  -6.59 16  -4.31 17  -6.54 18  -5.24 19  -6.92 20  -5.28
 ABUNDANCE CHANGE 21  -8.87 22  -6.62 23  -8.04 24  -6.37 25  -6.65 26  -4.54
 ABUNDANCE CHANGE 27  -7.12 28  -5.79 29  -7.83 30  -7.44 31  -9.16 32  -8.63
 ABUNDANCE CHANGE 33  -9.67 34  -8.63 35  -9.41 36  -8.73 37  -9.44 38  -9.07
 ABUNDANCE CHANGE 39  -9.80 40  -9.44 41 -10.62 42 -10.12 43 -20.00 44 -10.20
 ABUNDANCE CHANGE 45 -10.92 46 -10.35 47 -11.10 48 -10.27 49 -10.38 50 -10.04
 ABUNDANCE CHANGE 51 -11.04 52  -9.80 53 -10.53 54  -9.87 55 -10.91 56  -9.91
 ABUNDANCE CHANGE 57 -10.87 58 -10.46 59 -11.33 60 -10.54 61 -20.00 62 -11.03
 ABUNDANCE CHANGE 63 -11.53 64 -10.92 65 -11.69 66 -10.90 67 -11.78 68 -11.11
 ABUNDANCE CHANGE 69 -12.04 70 -10.96 71 -11.98 72 -11.16 73 -12.17 74 -10.93
 ABUNDANCE CHANGE 75 -11.76 76 -10.59 77 -10.69 78 -10.24 79 -11.03 80 -10.91
 ABUNDANCE CHANGE 81 -11.14 82 -10.09 83 -11.33 84 -20.00 85 -20.00 86 -20.00
 ABUNDANCE CHANGE 87 -20.00 88 -20.00 89 -20.00 90 -11.95 91 -20.00 92 -12.54
 ABUNDANCE CHANGE 93 -20.00 94 -20.00 95 -20.00 96 -20.00 97 -20.00 98 -20.00
 ABUNDANCE CHANGE 99 -20.00
READ DECK6 72 RHOX,T,P,XNE,ABROSS,ACCRAD,VTURB, FLXCNV,VCONV,VELSND
 3.46660192E-04   4168.0 1.096E+01 4.058E+09 3.847E-04 1.630E-01 2.000E+05 0.000E+00 0.000E+00 7.762E+05
 4.53985461E-04   4186.0 1.436E+01 5.256E+09 4.441E-04 1.756E-01 2.000E+05 0.000E+00 0.000E+00 7.539E+05
 5.78319879E-04   4204.3 1.829E+01 6.632E+09 5.099E-04 1.849E-01 2.000E+05 0.000E+00 0.000E+00 7.384E+05
 7.23053145E-04   4224.7 2.286E+01 8.223E+09 5.830E-04 1.916E-01 2.000E+05 0.000E+00 0.000E+00 7.273E+05
 8.92040737E-04   4246.6 2.821E+01 1.007E+10 6.647E-04 1.957E-01 2.000E+05 0.000E+00 0.000E+00 7.193E+05
 1.08985562E-03   4269.9 3.446E+01 1.222E+10 7.568E-04 1.987E-01 2.000E+05 0.000E+00 0.000E+00 7.134E+05
 1.32159515E-03   4294.5 4.179E+01 1.472E+10 8.613E-04 2.012E-01 2.000E+05 0.000E+00 0.000E+00 7.092E+05
 1.59319755E-03   4320.2 5.038E+01 1.763E+10 9.798E-04 2.017E-01 2.000E+05 0.000E+00 0.000E+00 7.063E+05
 1.91167602E-03   4346.8 6.045E+01 2.104E+10 1.114E-03 2.005E-01 2.000E+05 0.000E+00 0.000E+00 7.043E+05
 2.28477854E-03   4373.9 7.225E+01 2.501E+10 1.270E-03 1.997E-01 2.000E+05 0.000E+00 0.000E+00 7.031E+05
 2.72054533E-03   4401.7 8.603E+01 2.963E+10 1.452E-03 2.010E-01 2.000E+05 0.000E+00 0.000E+00 7.025E+05
 3.22872909E-03   4429.8 1.021E+02 3.500E+10 1.660E-03 2.013E-01 2.000E+05 0.000E+00 0.000E+00 7.023E+05
 3.82142886E-03   4458.2 1.208E+02 4.125E+10 1.898E-03 2.027E-01 2.000E+05 0.000E+00 0.000E+00 7.026E+05
 4.51251210E-03   4486.6 1.427E+02 4.850E+10 2.171E-03 2.036E-01 2.000E+05 0.000E+00 0.000E+00 7.032E+05
 5.31851103E-03   4514.9 1.682E+02 5.692E+10 2.482E-03 2.043E-01 2.000E+05 0.000E+00 0.000E+00 7.040E+05
 6.25866425E-03   4542.9 1.979E+02 6.671E+10 2.837E-03 2.048E-01 2.000E+05 0.000E+00 0.000E+00 7.050E+05
 7.35526167E-03   4570.6 2.326E+02 7.808E+10 3.243E-03 2.056E-01 2.000E+05 0.000E+00 0.000E+00 7.061E+05
 8.63931179E-03   4597.7 2.732E+02 9.133E+10 3.681E-03 2.029E-01 2.000E+05 0.000E+00 0.000E+00 7.073E+05
 1.01475010E-02   4624.9 3.209E+02 1.068E+11 4.182E-03 2.004E-01 2.000E+05 0.000E+00 0.000E+00 7.086E+05
 1.19161369E-02   4652.2 3.768E+02 1.249E+11 4.760E-03 1.999E-01 2.000E+05 0.000E+00 0.000E+00 7.101E+05
 1.39877986E-02   4679.9 4.423E+02 1.460E+11 5.419E-03 1.995E-01 2.000E+05 0.000E+00 0.000E+00 7.116E+05
 1.64137763E-02   4708.1 5.190E+02 1.707E+11 6.172E-03 1.988E-01 2.000E+05 0.000E+00 0.000E+00 7.133E+05
 1.92540199E-02   4736.8 6.089E+02 1.995E+11 7.031E-03 1.979E-01 2.000E+05 0.000E+00 0.000E+00 7.150E+05
 2.25790886E-02   4766.0 7.140E+02 2.331E+11 8.010E-03 1.967E-01 2.000E+05 0.000E+00 0.000E+00 7.168E+05
 2.64681414E-02   4795.6 8.370E+02 2.723E+11 9.142E-03 1.969E-01 2.000E+05 0.000E+00 0.000E+00 7.187E+05
 3.10049557E-02   4825.6 9.805E+02 3.180E+11 1.046E-02 2.007E-01 2.000E+05 0.000E+00 0.000E+00 7.207E+05
 3.62906941E-02   4856.4 1.148E+03 3.713E+11 1.197E-02 2.060E-01 2.000E+05 0.000E+00 0.000E+00 7.227E+05
 4.24540276E-02   4888.0 1.343E+03 4.334E+11 1.369E-02 2.112E-01 2.000E+05 0.000E+00 0.000E+00 7.248E+05
 4.96430420E-02   4920.3 1.570E+03 5.059E+11 1.565E-02 2.164E-01 2.000E+05 0.000E+00 0.000E+00 7.270E+05
 5.80306611E-02   4952.9 1.835E+03 5.905E+11 1.788E-02 2.216E-01 2.000E+05 0.000E+00 0.000E+00 7.292E+05
 6.78189985E-02   4985.7 2.145E+03 6.892E+11 2.043E-02 2.272E-01 2.000E+05 0.000E+00 0.000E+00 7.314E+05
 7.92448085E-02   5018.5 2.506E+03 8.042E+11 2.334E-02 2.339E-01 2.000E+05 0.000E+00 0.000E+00 7.336E+05
 9.25722332E-02   5051.0 2.927E+03 9.381E+11 2.670E-02 2.440E-01 2.000E+05 0.000E+00 0.000E+00 7.359E+05
 1.08115398E-01   5083.9 3.419E+03 1.094E+12 3.051E-02 2.561E-01 2.000E+05 0.000E+00 0.000E+00 7.381E+05
 1.26254810E-01   5117.4 3.993E+03 1.277E+12 3.486E-02 2.704E-01 2.000E+05 0.000E+00 0.000E+00 7.404E+05
 1.47422517E-01   5151.3 4.662E+03 1.490E+12 3.985E-02 2.860E-01 2.000E+05 0.000E+00 0.000E+00 7.427E+05
 1.72118325E-01   5185.8 5.443E+03 1.739E+12 4.555E-02 3.033E-01 2.000E+05 0.000E+00 0.000E+00 7.450E+05
 2.00927305E-01   5220.7 6.354E+03 2.031E+12 5.207E-02 3.225E-01 2.000E+05 0.000E+00 0.000E+00 7.474E+05
 2.34531956E-01   5256.4 7.416E+03 2.372E+12 5.953E-02 3.442E-01 2.000E+05 0.000E+00 0.000E+00 7.498E+05
 2.73728818E-01   5292.7 8.656E+03 2.771E+12 6.806E-02 3.686E-01 2.000E+05 0.000E+00 0.000E+00 7.522E+05
 3.19448472E-01   5330.0 1.010E+04 3.240E+12 7.784E-02 3.968E-01 2.000E+05 0.000E+00 0.000E+00 7.547E+05
 3.72679649E-01   5369.2 1.179E+04 3.793E+12 8.928E-02 4.323E-01 2.000E+05 0.000E+00 0.000E+00 7.573E+05
 4.34450251E-01   5411.0 1.374E+04 4.447E+12 1.028E-01 4.779E-01 2.000E+05 0.000E+00 0.000E+00 7.600E+05
 5.05973256E-01   5456.9 1.600E+04 5.231E+12 1.184E-01 5.298E-01 2.000E+05 0.000E+00 0.000E+00 7.630E+05
 5.88682633E-01   5507.5 1.862E+04 6.178E+12 1.367E-01 5.893E-01 2.000E+05 0.000E+00 0.000E+00 7.663E+05
 6.84127319E-01   5564.1 2.163E+04 7.338E+12 1.581E-01 6.584E-01 2.000E+05 0.000E+00 0.000E+00 7.699E+05
 7.93898886E-01   5628.0 2.510E+04 8.784E+12 1.838E-01 7.399E-01 2.000E+05 0.000E+00 0.000E+00 7.739E+05
 9.19543522E-01   5700.7 2.908E+04 1.063E+13 2.148E-01 8.378E-01 2.000E+05 0.000E+00 0.000E+00 7.783E+05
 1.06206820E+00   5785.1 3.358E+04 1.305E+13 2.542E-01 9.667E-01 2.000E+05 0.000E+00 0.000E+00 7.833E+05
 1.22093902E+00   5885.8 3.861E+04 1.639E+13 3.075E-01 1.148E+00 2.000E+05 0.000E+00 0.000E+00 7.890E+05
 1.39443700E+00   6004.5 4.410E+04 2.114E+13 3.790E-01 1.387E+00 2.000E+05 0.000E+00 0.000E+00 7.955E+05
 1.58017971E+00   6143.3 4.997E+04 2.816E+13 4.776E-01 1.714E+00 2.000E+05 0.000E+00 0.000E+00 8.025E+05
 1.77291305E+00   6308.2 5.606E+04 3.908E+13 6.267E-01 2.219E+00 2.000E+05 0.000E+00 0.000E+00 8.100E+05
 1.96518630E+00   6502.8 6.214E+04 5.669E+13 8.535E-01 2.984E+00 2.000E+05 1.258E+03 0.000E+00 8.178E+05
 2.14947827E+00   6732.1 6.797E+04 8.604E+13 1.214E+00 4.208E+00 2.000E+05 1.043E+05 3.556E+03 8.252E+05
 2.31791028E+00   7004.8 7.330E+04 1.371E+14 1.817E+00 6.269E+00 2.000E+05 3.701E+06 1.494E+04 8.318E+05
 2.46430632E+00   7323.9 7.792E+04 2.274E+14 2.861E+00 9.863E+00 2.000E+05 3.853E+07 4.707E+04 8.367E+05
 2.58369021E+00   7712.7 8.170E+04 3.983E+14 4.848E+00 1.645E+01 2.000E+05 2.334E+08 9.417E+04 8.404E+05
 2.67495140E+00   8149.6 8.458E+04 7.010E+14 8.553E+00 2.629E+01 2.000E+05 9.886E+08 1.568E+05 8.443E+05
 2.74662977E+00   8530.9 8.685E+04 1.096E+15 1.382E+01 3.285E+01 2.000E+05 2.458E+09 2.329E+05 8.501E+05
 2.80963536E+00   8826.6 8.884E+04 1.512E+15 1.983E+01 3.275E+01 2.000E+05 4.053E+09 2.675E+05 8.569E+05
 2.87048919E+00   9070.5 9.076E+04 1.942E+15 2.650E+01 2.993E+01 2.000E+05 5.278E+09 2.830E+05 8.642E+05
 2.93268555E+00   9283.2 9.272E+04 2.391E+15 3.389E+01 2.693E+01 2.000E+05 6.115E+09 2.905E+05 8.719E+05
 2.99843810E+00   9479.2 9.480E+04 2.875E+15 4.222E+01 2.421E+01 2.000E+05 6.661E+09 2.920E+05 8.800E+05
 3.06972211E+00   9660.1 9.705E+04 3.389E+15 5.140E+01 2.214E+01 2.000E+05 7.024E+09 2.923E+05 8.883E+05
 3.14812233E+00   9839.2 9.953E+04 3.965E+15 6.206E+01 2.041E+01 2.000E+05 7.263E+09 2.904E+05 8.974E+05
 3.23546224E+00  10008.7 1.023E+05 4.582E+15 7.375E+01 1.889E+01 2.000E+05 7.446E+09 2.884E+05 9.067E+05
 3.33357550E+00  10183.7 1.054E+05 5.294E+15 8.747E+01 1.779E+01 2.000E+05 7.568E+09 2.869E+05 9.170E+05
 3.44448333E+00  10354.7 1.089E+05 6.073E+15 1.027E+02 1.643E+01 2.000E+05 7.667E+09 2.822E+05 9.277E+05
 3.57060495E+00  10529.7 1.129E+05 6.961E+15 1.204E+02 1.566E+01 2.000E+05 7.756E+09 2.828E+05 9.393E+05
 3.71415186E+00  10711.8 1.174E+05 7.986E+15 1.410E+02 1.448E+01 2.000E+05 7.790E+09 2.763E+05 9.521E+05
 3.87870419E+00  10886.0 1.226E+05 9.088E+15 1.630E+02 1.445E+01 2.000E+05 7.866E+09 2.766E+05 9.649E+05
PRADK 2.3857E+00
BEGIN                    ITERATION  15 COMPLETED
