TEFF   5750.  GRAVITY 4.00000 LTE 
TITLE  [0.0] VTURB=2  L/H=1.25 NOVER NEW ODF                                    
 OPACITY IFOP 1 1 1 1 1 1 1 1 1 1 1 1 1 0 1 0 0 0 0 0
 CONVECTION ON   1.25 TURBULENCE OFF  0.00  0.00  0.00  0.00
ABUNDANCE SCALE   1.00000 ABUNDANCE CHANGE 1 0.92040 2 0.07834
 ABUNDANCE CHANGE  3 -10.94  4 -10.64  5  -9.49  6  -3.52  7  -4.12  8  -3.21
 ABUNDANCE CHANGE  9  -7.48 10  -3.96 11  -5.71 12  -4.46 13  -5.57 14  -4.49
 ABUNDANCE CHANGE 15  -6.59 16  -4.71 17  -6.54 18  -5.64 19  -6.92 20  -5.68
 ABUNDANCE CHANGE 21  -8.87 22  -7.02 23  -8.04 24  -6.37 25  -6.65 26  -4.54
 ABUNDANCE CHANGE 27  -7.12 28  -5.79 29  -7.83 30  -7.44 31  -9.16 32  -8.63
 ABUNDANCE CHANGE 33  -9.67 34  -8.63 35  -9.41 36  -8.73 37  -9.44 38  -9.07
 ABUNDANCE CHANGE 39  -9.80 40  -9.44 41 -10.62 42 -10.12 43 -20.00 44 -10.20
 ABUNDANCE CHANGE 45 -10.92 46 -10.35 47 -11.10 48 -10.27 49 -10.38 50 -10.04
 ABUNDANCE CHANGE 51 -11.04 52  -9.80 53 -10.53 54  -9.87 55 -10.91 56  -9.91
 ABUNDANCE CHANGE 57 -10.87 58 -10.46 59 -11.33 60 -10.54 61 -20.00 62 -11.03
 ABUNDANCE CHANGE 63 -11.53 64 -10.92 65 -11.69 66 -10.90 67 -11.78 68 -11.11
 ABUNDANCE CHANGE 69 -12.04 70 -10.96 71 -11.98 72 -11.16 73 -12.17 74 -10.93
 ABUNDANCE CHANGE 75 -11.76 76 -10.59 77 -10.69 78 -10.24 79 -11.03 80 -10.91
 ABUNDANCE CHANGE 81 -11.14 82 -10.09 83 -11.33 84 -20.00 85 -20.00 86 -20.00
 ABUNDANCE CHANGE 87 -20.00 88 -20.00 89 -20.00 90 -11.95 91 -20.00 92 -12.54
 ABUNDANCE CHANGE 93 -20.00 94 -20.00 95 -20.00 96 -20.00 97 -20.00 98 -20.00
 ABUNDANCE CHANGE 99 -20.00
READ DECK6 72 RHOX,T,P,XNE,ABROSS,ACCRAD,VTURB
 7.79303342E-04   3606.3 7.793E+00 1.383E+09 1.711E-04 3.894E-02 2.000E+05 0.000E+00 0.000E+00 0.000E+00
 1.02626118E-03   3628.9 1.026E+01 1.789E+09 1.891E-04 3.835E-02 2.000E+05 0.000E+00 0.000E+00 0.000E+00
 1.31750733E-03   3657.6 1.318E+01 2.272E+09 2.182E-04 4.143E-02 2.000E+05 0.000E+00 0.000E+00 0.000E+00
 1.65224205E-03   3688.3 1.652E+01 2.827E+09 2.543E-04 4.496E-02 2.000E+05 0.000E+00 0.000E+00 0.000E+00
 2.03416330E-03   3720.3 2.034E+01 3.463E+09 2.985E-04 4.884E-02 2.000E+05 0.000E+00 0.000E+00 0.000E+00
 2.46676549E-03   3752.3 2.467E+01 4.184E+09 3.524E-04 5.335E-02 2.000E+05 0.000E+00 0.000E+00 0.000E+00
 2.95356058E-03   3783.5 2.954E+01 4.994E+09 4.181E-04 5.875E-02 2.000E+05 0.000E+00 0.000E+00 0.000E+00
 3.50730447E-03   3812.9 3.507E+01 5.909E+09 4.830E-04 6.118E-02 2.000E+05 0.000E+00 0.000E+00 0.000E+00
 4.16181145E-03   3839.6 4.162E+01 6.976E+09 5.360E-04 5.853E-02 2.000E+05 0.000E+00 0.000E+00 0.000E+00
 4.94567064E-03   3864.8 4.946E+01 8.239E+09 5.987E-04 5.685E-02 2.000E+05 0.000E+00 0.000E+00 0.000E+00
 5.87892881E-03   3889.0 5.879E+01 9.727E+09 6.722E-04 5.590E-02 2.000E+05 0.000E+00 0.000E+00 0.000E+00
 6.98476003E-03   3912.5 6.985E+01 1.147E+10 7.580E-04 5.553E-02 2.000E+05 0.000E+00 0.000E+00 0.000E+00
 8.28993243E-03   3935.8 8.290E+01 1.351E+10 8.579E-04 5.561E-02 2.000E+05 0.000E+00 0.000E+00 0.000E+00
 9.82519960E-03   3959.2 9.825E+01 1.590E+10 9.739E-04 5.610E-02 2.000E+05 0.000E+00 0.000E+00 0.000E+00
 1.16297377E-02   3983.4 1.163E+02 1.869E+10 1.104E-03 5.637E-02 2.000E+05 0.000E+00 0.000E+00 0.000E+00
 1.37579268E-02   4008.6 1.376E+02 2.196E+10 1.246E-03 5.624E-02 2.000E+05 0.000E+00 0.000E+00 0.000E+00
 1.62673425E-02   4034.3 1.627E+02 2.580E+10 1.411E-03 5.620E-02 2.000E+05 0.000E+00 0.000E+00 0.000E+00
 1.92180834E-02   4060.5 1.922E+02 3.028E+10 1.603E-03 5.627E-02 2.000E+05 0.000E+00 0.000E+00 0.000E+00
 2.26801035E-02   4087.3 2.268E+02 3.552E+10 1.823E-03 5.645E-02 2.000E+05 0.000E+00 0.000E+00 0.000E+00
 2.67345323E-02   4114.6 2.673E+02 4.162E+10 2.078E-03 5.671E-02 2.000E+05 0.000E+00 0.000E+00 0.000E+00
 3.14750268E-02   4142.4 3.147E+02 4.872E+10 2.371E-03 5.710E-02 2.000E+05 0.000E+00 0.000E+00 0.000E+00
 3.70188315E-02   4171.2 3.702E+02 5.699E+10 2.700E-03 5.720E-02 2.000E+05 0.000E+00 0.000E+00 0.000E+00
 4.35210329E-02   4200.4 4.352E+02 6.665E+10 3.067E-03 5.707E-02 2.000E+05 0.000E+00 0.000E+00 0.000E+00
 5.11486110E-02   4229.9 5.115E+02 7.792E+10 3.490E-03 5.710E-02 2.000E+05 0.000E+00 0.000E+00 0.000E+00
 6.00810170E-02   4259.3 6.008E+02 9.104E+10 3.977E-03 5.733E-02 2.000E+05 0.000E+00 0.000E+00 0.000E+00
 7.05280370E-02   4288.9 7.053E+02 1.063E+11 4.536E-03 5.777E-02 2.000E+05 0.000E+00 0.000E+00 0.000E+00
 8.27337323E-02   4318.3 8.273E+02 1.240E+11 5.180E-03 5.845E-02 2.000E+05 0.000E+00 0.000E+00 0.000E+00
 9.69815378E-02   4347.6 9.698E+02 1.445E+11 5.920E-03 5.942E-02 2.000E+05 0.000E+00 0.000E+00 0.000E+00
 1.13609726E-01   4376.9 1.136E+03 1.684E+11 6.764E-03 6.087E-02 2.000E+05 0.000E+00 0.000E+00 0.000E+00
 1.32998332E-01   4405.9 1.330E+03 1.960E+11 7.742E-03 6.326E-02 2.000E+05 0.000E+00 0.000E+00 0.000E+00
 1.55584825E-01   4435.0 1.556E+03 2.279E+11 8.863E-03 6.608E-02 2.000E+05 0.000E+00 0.000E+00 0.000E+00
 1.81893005E-01   4464.2 1.819E+03 2.649E+11 1.015E-02 6.936E-02 2.000E+05 0.000E+00 0.000E+00 0.000E+00
 2.12529693E-01   4493.7 2.125E+03 3.078E+11 1.162E-02 7.317E-02 2.000E+05 0.000E+00 0.000E+00 0.000E+00
 2.48198984E-01   4523.7 2.482E+03 3.575E+11 1.331E-02 7.757E-02 2.000E+05 0.000E+00 0.000E+00 0.000E+00
 2.89712538E-01   4554.2 2.897E+03 4.150E+11 1.525E-02 8.270E-02 2.000E+05 0.000E+00 0.000E+00 0.000E+00
 3.38168549E-01   4586.3 3.382E+03 4.822E+11 1.736E-02 8.661E-02 2.000E+05 0.000E+00 0.000E+00 0.000E+00
 3.95146643E-01   4619.4 3.951E+03 5.609E+11 1.965E-02 8.895E-02 2.000E+05 0.000E+00 0.000E+00 0.000E+00
 4.62229550E-01   4651.9 4.622E+03 6.529E+11 2.228E-02 9.219E-02 2.000E+05 0.000E+00 0.000E+00 0.000E+00
 5.41043586E-01   4684.1 5.410E+03 7.603E+11 2.531E-02 9.647E-02 2.000E+05 0.000E+00 0.000E+00 0.000E+00
 6.33508692E-01   4716.4 6.335E+03 8.856E+11 2.878E-02 1.018E-01 2.000E+05 0.000E+00 0.000E+00 0.000E+00
 7.41878566E-01   4749.2 7.419E+03 1.032E+12 3.276E-02 1.084E-01 2.000E+05 0.000E+00 0.000E+00 0.000E+00
 8.68827380E-01   4783.1 8.688E+03 1.203E+12 3.731E-02 1.161E-01 2.000E+05 0.000E+00 0.000E+00 0.000E+00
 1.01718252E+00   4818.7 1.017E+04 1.403E+12 4.265E-02 1.266E-01 2.000E+05 0.000E+00 0.000E+00 0.000E+00
 1.19029416E+00   4858.2 1.190E+04 1.639E+12 4.871E-02 1.387E-01 2.000E+05 0.000E+00 0.000E+00 0.000E+00
 1.39232787E+00   4902.1 1.392E+04 1.918E+12 5.568E-02 1.525E-01 2.000E+05 0.000E+00 0.000E+00 0.000E+00
 1.62790708E+00   4951.6 1.628E+04 2.252E+12 6.371E-02 1.682E-01 2.000E+05 0.000E+00 0.000E+00 0.000E+00
 1.90227577E+00   5007.9 1.902E+04 2.655E+12 7.300E-02 1.863E-01 2.000E+05 0.000E+00 0.000E+00 0.000E+00
 2.22102598E+00   5073.2 2.221E+04 3.148E+12 8.395E-02 2.080E-01 2.000E+05 0.000E+00 0.000E+00 0.000E+00
 2.59002506E+00   5149.3 2.590E+04 3.765E+12 9.688E-02 2.331E-01 2.000E+05 0.000E+00 0.000E+00 0.000E+00
 3.01522091E+00   5238.0 3.015E+04 4.561E+12 1.125E-01 2.629E-01 2.000E+05 0.000E+00 0.000E+00 0.000E+00
 3.50068528E+00   5341.5 3.501E+04 5.634E+12 1.323E-01 3.008E-01 2.000E+05 0.000E+00 0.000E+00 0.000E+00
 4.04377037E+00   5464.6 4.044E+04 7.179E+12 1.601E-01 3.567E-01 2.000E+05 0.000E+00 0.000E+00 0.000E+00
 4.63284911E+00   5609.3 4.633E+04 9.547E+12 2.001E-01 4.370E-01 2.000E+05 0.000E+00 0.000E+00 0.000E+00
 5.24920256E+00   5778.2 5.249E+04 1.340E+13 2.605E-01 5.576E-01 2.000E+05 0.000E+00 0.000E+00 0.000E+00
 5.86218166E+00   5977.0 5.862E+04 2.003E+13 3.601E-01 7.626E-01 2.000E+05 0.000E+00 0.000E+00 0.000E+00
 6.43802277E+00   6211.4 6.438E+04 3.200E+13 5.248E-01 1.099E+00 2.000E+05 2.924E-06 5.146E+03 0.000E+00
 6.94988674E+00   6484.9 6.950E+04 5.417E+13 8.102E-01 1.688E+00 2.000E+05 2.575E-04 2.242E+04 0.000E+00
 7.37990805E+00   6805.8 7.380E+04 9.655E+13 1.321E+00 2.731E+00 2.000E+05 5.902E-03 6.239E+04 0.000E+00
 7.72097210E+00   7181.9 7.720E+04 1.794E+14 2.277E+00 4.533E+00 2.000E+05 2.852E-02 1.023E+05 0.000E+00
 7.98268215E+00   7577.3 7.982E+04 3.235E+14 3.932E+00 6.826E+00 2.000E+05 1.432E-01 1.693E+05 0.000E+00
 8.19359997E+00   7918.6 8.193E+04 5.150E+14 6.203E+00 8.135E+00 2.000E+05 3.717E-01 2.282E+05 0.000E+00
 8.38136990E+00   8193.7 8.380E+04 7.301E+14 8.869E+00 8.057E+00 2.000E+05 5.616E-01 2.543E+05 0.000E+00
 8.56244079E+00   8424.5 8.561E+04 9.629E+14 1.192E+01 7.467E+00 2.000E+05 6.953E-01 2.651E+05 0.000E+00
 8.74606032E+00   8628.0 8.745E+04 1.216E+15 1.538E+01 6.859E+00 2.000E+05 7.842E-01 2.690E+05 0.000E+00
 8.93837693E+00   8814.1 8.937E+04 1.492E+15 1.935E+01 6.311E+00 2.000E+05 8.418E-01 2.685E+05 0.000E+00
 9.14439257E+00   8987.8 9.143E+04 1.795E+15 2.388E+01 5.880E+00 2.000E+05 8.814E-01 2.672E+05 0.000E+00
 9.36815689E+00   9156.6 9.367E+04 2.135E+15 2.917E+01 5.479E+00 2.000E+05 9.090E-01 2.638E+05 0.000E+00
 9.61413609E+00   9317.7 9.612E+04 2.508E+15 3.518E+01 5.145E+00 2.000E+05 9.297E-01 2.614E+05 0.000E+00
 9.88624492E+00   9481.8 9.884E+04 2.939E+15 4.234E+01 4.821E+00 2.000E+05 9.446E-01 2.569E+05 0.000E+00
 1.01899864E+01   9637.7 1.019E+05 3.407E+15 5.027E+01 4.530E+00 2.000E+05 9.568E-01 2.545E+05 0.000E+00
 1.05298838E+01   9804.8 1.053E+05 3.970E+15 6.009E+01 4.272E+00 2.000E+05 9.655E-01 2.497E+05 0.000E+00
 1.09128682E+01   9958.8 1.091E+05 4.561E+15 7.052E+01 4.226E+00 2.000E+05 9.711E-01 2.466E+05 0.000E+00
PRADK 1.4601E+00
BEGIN                    ITERATION  15 COMPLETED
