TEFF   7000.  GRAVITY 4.50000 LTE 
TITLE  [0.0a] VTURB=2  L/H=1.25 NOVER NEW ODF                                   
 OPACITY IFOP 1 1 1 1 1 1 1 1 1 1 1 1 1 0 1 0 0 0 0 0
 CONVECTION ON   1.25 TURBULENCE OFF  0.00  0.00  0.00  0.00
ABUNDANCE SCALE   1.00000 ABUNDANCE CHANGE 1 0.91930 2 0.07824
 ABUNDANCE CHANGE  3 -10.94  4 -10.64  5  -9.49  6  -3.52  7  -4.12  8  -2.81
 ABUNDANCE CHANGE  9  -7.48 10  -3.56 11  -5.71 12  -4.06 13  -5.57 14  -4.09
 ABUNDANCE CHANGE 15  -6.59 16  -4.31 17  -6.54 18  -5.24 19  -6.92 20  -5.28
 ABUNDANCE CHANGE 21  -8.87 22  -6.62 23  -8.04 24  -6.37 25  -6.65 26  -4.54
 ABUNDANCE CHANGE 27  -7.12 28  -5.79 29  -7.83 30  -7.44 31  -9.16 32  -8.63
 ABUNDANCE CHANGE 33  -9.67 34  -8.63 35  -9.41 36  -8.73 37  -9.44 38  -9.07
 ABUNDANCE CHANGE 39  -9.80 40  -9.44 41 -10.62 42 -10.12 43 -20.00 44 -10.20
 ABUNDANCE CHANGE 45 -10.92 46 -10.35 47 -11.10 48 -10.27 49 -10.38 50 -10.04
 ABUNDANCE CHANGE 51 -11.04 52  -9.80 53 -10.53 54  -9.87 55 -10.91 56  -9.91
 ABUNDANCE CHANGE 57 -10.87 58 -10.46 59 -11.33 60 -10.54 61 -20.00 62 -11.03
 ABUNDANCE CHANGE 63 -11.53 64 -10.92 65 -11.69 66 -10.90 67 -11.78 68 -11.11
 ABUNDANCE CHANGE 69 -12.04 70 -10.96 71 -11.98 72 -11.16 73 -12.17 74 -10.93
 ABUNDANCE CHANGE 75 -11.76 76 -10.59 77 -10.69 78 -10.24 79 -11.03 80 -10.91
 ABUNDANCE CHANGE 81 -11.14 82 -10.09 83 -11.33 84 -20.00 85 -20.00 86 -20.00
 ABUNDANCE CHANGE 87 -20.00 88 -20.00 89 -20.00 90 -11.95 91 -20.00 92 -12.54
 ABUNDANCE CHANGE 93 -20.00 94 -20.00 95 -20.00 96 -20.00 97 -20.00 98 -20.00
 ABUNDANCE CHANGE 99 -20.00
READ DECK6 72 RHOX,T,P,XNE,ABROSS,ACCRAD,VTURB, FLXCNV,VCONV,VELSND
 2.97178603E-04   4501.7 9.398E+00 4.794E+09 4.487E-04 2.987E-01 2.000E+05 0.000E+00 0.000E+00 8.515E+05
 3.90751413E-04   4522.1 1.236E+01 6.105E+09 5.019E-04 3.112E-01 2.000E+05 0.000E+00 0.000E+00 8.184E+05
 5.02073409E-04   4542.3 1.588E+01 7.640E+09 5.637E-04 3.194E-01 2.000E+05 0.000E+00 0.000E+00 7.944E+05
 6.33950581E-04   4563.9 2.005E+01 9.456E+09 6.358E-04 3.249E-01 2.000E+05 0.000E+00 0.000E+00 7.768E+05
 7.89817427E-04   4586.2 2.498E+01 1.160E+10 7.169E-04 3.266E-01 2.000E+05 0.000E+00 0.000E+00 7.636E+05
 9.74111903E-04   4609.1 3.080E+01 1.412E+10 8.091E-04 3.259E-01 2.000E+05 0.000E+00 0.000E+00 7.536E+05
 1.19140578E-03   4632.9 3.768E+01 1.711E+10 9.169E-04 3.281E-01 2.000E+05 0.000E+00 0.000E+00 7.460E+05
 1.44686427E-03   4657.7 4.575E+01 2.062E+10 1.041E-03 3.288E-01 2.000E+05 0.000E+00 0.000E+00 7.403E+05
 1.74678659E-03   4683.4 5.524E+01 2.478E+10 1.183E-03 3.273E-01 2.000E+05 0.000E+00 0.000E+00 7.361E+05
 2.09854335E-03   4709.8 6.636E+01 2.967E+10 1.345E-03 3.236E-01 2.000E+05 0.000E+00 0.000E+00 7.330E+05
 2.51074522E-03   4736.8 7.940E+01 3.544E+10 1.532E-03 3.181E-01 2.000E+05 0.000E+00 0.000E+00 7.309E+05
 2.99356479E-03   4764.4 9.466E+01 4.224E+10 1.745E-03 3.108E-01 2.000E+05 0.000E+00 0.000E+00 7.294E+05
 3.55790228E-03   4792.3 1.125E+02 5.022E+10 1.993E-03 3.070E-01 2.000E+05 0.000E+00 0.000E+00 7.286E+05
 4.21466889E-03   4821.0 1.333E+02 5.960E+10 2.290E-03 3.097E-01 2.000E+05 0.000E+00 0.000E+00 7.283E+05
 4.97704788E-03   4850.3 1.574E+02 7.061E+10 2.630E-03 3.108E-01 2.000E+05 0.000E+00 0.000E+00 7.284E+05
 5.86236872E-03   4880.1 1.854E+02 8.352E+10 3.019E-03 3.106E-01 2.000E+05 0.000E+00 0.000E+00 7.288E+05
 6.89084459E-03   4910.2 2.179E+02 9.864E+10 3.465E-03 3.093E-01 2.000E+05 0.000E+00 0.000E+00 7.295E+05
 8.08620524E-03   4940.5 2.557E+02 1.164E+11 3.975E-03 3.072E-01 2.000E+05 0.000E+00 0.000E+00 7.304E+05
 9.47638726E-03   4970.8 2.997E+02 1.371E+11 4.557E-03 3.044E-01 2.000E+05 0.000E+00 0.000E+00 7.315E+05
 1.10930127E-02   5001.2 3.508E+02 1.613E+11 5.228E-03 3.038E-01 2.000E+05 0.000E+00 0.000E+00 7.327E+05
 1.29708813E-02   5031.7 4.102E+02 1.897E+11 6.005E-03 3.074E-01 2.000E+05 0.000E+00 0.000E+00 7.341E+05
 1.51499537E-02   5062.7 4.791E+02 2.229E+11 6.903E-03 3.124E-01 2.000E+05 0.000E+00 0.000E+00 7.355E+05
 1.76779713E-02   5094.2 5.590E+02 2.619E+11 7.933E-03 3.173E-01 2.000E+05 0.000E+00 0.000E+00 7.371E+05
 2.06116434E-02   5126.2 6.518E+02 3.077E+11 9.115E-03 3.222E-01 2.000E+05 0.000E+00 0.000E+00 7.388E+05
 2.40169209E-02   5158.6 7.595E+02 3.614E+11 1.047E-02 3.270E-01 2.000E+05 0.000E+00 0.000E+00 7.406E+05
 2.79706603E-02   5191.6 8.845E+02 4.245E+11 1.202E-02 3.320E-01 2.000E+05 0.000E+00 0.000E+00 7.425E+05
 3.25616977E-02   5225.0 1.030E+03 4.987E+11 1.381E-02 3.377E-01 2.000E+05 0.000E+00 0.000E+00 7.444E+05
 3.78900321E-02   5259.0 1.198E+03 5.859E+11 1.587E-02 3.465E-01 2.000E+05 0.000E+00 0.000E+00 7.464E+05
 4.40714962E-02   5293.6 1.394E+03 6.887E+11 1.825E-02 3.553E-01 2.000E+05 0.000E+00 0.000E+00 7.485E+05
 5.12437294E-02   5328.8 1.620E+03 8.096E+11 2.097E-02 3.640E-01 2.000E+05 0.000E+00 0.000E+00 7.506E+05
 5.95690357E-02   5364.4 1.884E+03 9.519E+11 2.409E-02 3.727E-01 2.000E+05 0.000E+00 0.000E+00 7.527E+05
 6.92255708E-02   5399.8 2.189E+03 1.118E+12 2.771E-02 3.872E-01 2.000E+05 0.000E+00 0.000E+00 7.549E+05
 8.04159362E-02   5435.7 2.543E+03 1.313E+12 3.189E-02 4.042E-01 2.000E+05 0.000E+00 0.000E+00 7.571E+05
 9.33851771E-02   5472.0 2.953E+03 1.542E+12 3.669E-02 4.228E-01 2.000E+05 0.000E+00 0.000E+00 7.593E+05
 1.08415243E-01   5508.6 3.428E+03 1.811E+12 4.223E-02 4.455E-01 2.000E+05 0.000E+00 0.000E+00 7.616E+05
 1.25826373E-01   5545.6 3.979E+03 2.126E+12 4.862E-02 4.727E-01 2.000E+05 0.000E+00 0.000E+00 7.639E+05
 1.45993087E-01   5583.2 4.617E+03 2.497E+12 5.597E-02 5.027E-01 2.000E+05 0.000E+00 0.000E+00 7.662E+05
 1.69360499E-01   5621.0 5.356E+03 2.932E+12 6.439E-02 5.361E-01 2.000E+05 0.000E+00 0.000E+00 7.685E+05
 1.96446943E-01   5659.4 6.212E+03 3.443E+12 7.407E-02 5.739E-01 2.000E+05 0.000E+00 0.000E+00 7.709E+05
 2.27853679E-01   5698.2 7.205E+03 4.044E+12 8.518E-02 6.171E-01 2.000E+05 0.000E+00 0.000E+00 7.733E+05
 2.64270932E-01   5738.0 8.357E+03 4.754E+12 9.799E-02 6.668E-01 2.000E+05 0.000E+00 0.000E+00 7.758E+05
 3.06444027E-01   5779.1 9.690E+03 5.596E+12 1.130E-01 7.289E-01 2.000E+05 0.000E+00 0.000E+00 7.783E+05
 3.55090085E-01   5823.2 1.123E+04 6.612E+12 1.310E-01 8.098E-01 2.000E+05 0.000E+00 0.000E+00 7.809E+05
 4.10924303E-01   5871.4 1.299E+04 7.855E+12 1.525E-01 9.064E-01 2.000E+05 0.000E+00 0.000E+00 7.837E+05
 4.74737959E-01   5924.5 1.501E+04 9.392E+12 1.783E-01 1.022E+00 2.000E+05 0.000E+00 0.000E+00 7.867E+05
 5.47286721E-01   5984.0 1.731E+04 1.133E+13 2.098E-01 1.162E+00 2.000E+05 0.000E+00 0.000E+00 7.899E+05
 6.29209168E-01   6051.5 1.990E+04 1.381E+13 2.487E-01 1.334E+00 2.000E+05 0.000E+00 0.000E+00 7.934E+05
 7.20936852E-01   6128.7 2.280E+04 1.707E+13 2.978E-01 1.550E+00 2.000E+05 0.000E+00 0.000E+00 7.972E+05
 8.22316297E-01   6218.7 2.600E+04 2.147E+13 3.623E-01 1.841E+00 2.000E+05 0.000E+00 0.000E+00 8.013E+05
 9.32305188E-01   6324.9 2.948E+04 2.764E+13 4.500E-01 2.239E+00 2.000E+05 0.000E+00 0.000E+00 8.058E+05
 1.04906812E+00   6450.8 3.317E+04 3.655E+13 5.719E-01 2.793E+00 2.000E+05 0.000E+00 0.000E+00 8.105E+05
 1.17007598E+00   6599.8 3.700E+04 4.979E+13 7.457E-01 3.582E+00 2.000E+05 0.000E+00 0.000E+00 8.151E+05
 1.29159974E+00   6777.7 4.084E+04 7.028E+13 1.009E+00 4.792E+00 2.000E+05 9.875E+01 0.000E+00 8.199E+05
 1.40942440E+00   6987.6 4.457E+04 1.027E+14 1.412E+00 6.651E+00 2.000E+05 8.346E+03 1.723E+03 8.240E+05
 1.51897934E+00   7241.1 4.803E+04 1.568E+14 2.076E+00 9.746E+00 2.000E+05 3.412E+05 7.238E+03 8.274E+05
 1.61622865E+00   7537.6 5.110E+04 2.471E+14 3.191E+00 1.505E+01 2.000E+05 1.019E+07 2.377E+04 8.301E+05
 1.69759608E+00   7901.4 5.368E+04 4.096E+14 5.287E+00 2.516E+01 2.000E+05 6.778E+07 7.001E+04 8.331E+05
 1.75968055E+00   8354.1 5.564E+04 7.170E+14 9.624E+00 4.433E+01 2.000E+05 5.602E+08 1.138E+05 8.394E+05
 1.80517391E+00   8806.3 5.707E+04 1.178E+15 1.705E+01 6.578E+01 2.000E+05 2.064E+09 2.280E+05 8.506E+05
 1.84230280E+00   9149.5 5.825E+04 1.660E+15 2.583E+01 7.119E+01 2.000E+05 4.256E+09 2.965E+05 8.630E+05
 1.87693259E+00   9417.0 5.934E+04 2.129E+15 3.520E+01 6.602E+01 2.000E+05 6.205E+09 3.266E+05 8.752E+05
 1.91193975E+00   9643.8 6.044E+04 2.599E+15 4.522E+01 5.848E+01 2.000E+05 7.610E+09 3.422E+05 8.870E+05
 1.94896431E+00   9848.2 6.161E+04 3.085E+15 5.613E+01 5.198E+01 2.000E+05 8.563E+09 3.518E+05 8.990E+05
 1.98919528E+00  10041.3 6.288E+04 3.603E+15 6.820E+01 4.623E+01 2.000E+05 9.176E+09 3.539E+05 9.114E+05
 2.03386181E+00  10222.6 6.429E+04 4.146E+15 8.113E+01 4.240E+01 2.000E+05 9.593E+09 3.573E+05 9.239E+05
 2.08401507E+00  10409.7 6.588E+04 4.762E+15 9.623E+01 3.890E+01 2.000E+05 9.854E+09 3.563E+05 9.378E+05
 2.14095070E+00  10584.7 6.767E+04 5.401E+15 1.121E+02 3.611E+01 2.000E+05 1.007E+10 3.565E+05 9.516E+05
 2.20590864E+00  10776.9 6.973E+04 6.160E+15 1.314E+02 3.427E+01 2.000E+05 1.021E+10 3.577E+05 9.676E+05
 2.28045255E+00  10958.8 7.208E+04 6.953E+15 1.516E+02 3.149E+01 2.000E+05 1.032E+10 3.531E+05 9.835E+05
 2.36645097E+00  11157.1 7.480E+04 7.885E+15 1.755E+02 3.068E+01 2.000E+05 1.045E+10 3.587E+05 1.002E+06
 2.46592001E+00  11361.8 7.794E+04 8.930E+15 2.012E+02 2.830E+01 2.000E+05 1.046E+10 3.512E+05 1.021E+06
 2.58236715E+00  11566.2 8.162E+04 1.007E+16 2.283E+02 2.845E+01 2.000E+05 1.058E+10 3.553E+05 1.042E+06
PRADK 3.2091E+00
BEGIN                    ITERATION  15 COMPLETED
