TEFF   4500.  GRAVITY 4.00000 LTE 
TITLE  [0.2a] VTURB=2  L/H=1.25 NOVER NEW ODF                                   
 OPACITY IFOP 1 1 1 1 1 1 1 1 1 1 1 1 1 0 1 0 0 0 0 0
 CONVECTION ON   1.25 TURBULENCE OFF  0.00  0.00  0.00  0.00
ABUNDANCE SCALE   1.58489 ABUNDANCE CHANGE 1 0.91790 2 0.07813
 ABUNDANCE CHANGE  3 -10.94  4 -10.64  5  -9.49  6  -3.52  7  -4.12  8  -2.81
 ABUNDANCE CHANGE  9  -7.48 10  -3.56 11  -5.71 12  -4.06 13  -5.57 14  -4.09
 ABUNDANCE CHANGE 15  -6.59 16  -4.31 17  -6.54 18  -5.24 19  -6.92 20  -5.28
 ABUNDANCE CHANGE 21  -8.87 22  -6.62 23  -8.04 24  -6.37 25  -6.65 26  -4.54
 ABUNDANCE CHANGE 27  -7.12 28  -5.79 29  -7.83 30  -7.44 31  -9.16 32  -8.63
 ABUNDANCE CHANGE 33  -9.67 34  -8.63 35  -9.41 36  -8.73 37  -9.44 38  -9.07
 ABUNDANCE CHANGE 39  -9.80 40  -9.44 41 -10.62 42 -10.12 43 -20.00 44 -10.20
 ABUNDANCE CHANGE 45 -10.92 46 -10.35 47 -11.10 48 -10.27 49 -10.38 50 -10.04
 ABUNDANCE CHANGE 51 -11.04 52  -9.80 53 -10.53 54  -9.87 55 -10.91 56  -9.91
 ABUNDANCE CHANGE 57 -10.87 58 -10.46 59 -11.33 60 -10.54 61 -20.00 62 -11.03
 ABUNDANCE CHANGE 63 -11.53 64 -10.92 65 -11.69 66 -10.90 67 -11.78 68 -11.11
 ABUNDANCE CHANGE 69 -12.04 70 -10.96 71 -11.98 72 -11.16 73 -12.17 74 -10.93
 ABUNDANCE CHANGE 75 -11.76 76 -10.59 77 -10.69 78 -10.24 79 -11.03 80 -10.91
 ABUNDANCE CHANGE 81 -11.14 82 -10.09 83 -11.33 84 -20.00 85 -20.00 86 -20.00
 ABUNDANCE CHANGE 87 -20.00 88 -20.00 89 -20.00 90 -11.95 91 -20.00 92 -12.54
 ABUNDANCE CHANGE 93 -20.00 94 -20.00 95 -20.00 96 -20.00 97 -20.00 98 -20.00
 ABUNDANCE CHANGE 99 -20.00
READ DECK6 72 RHOX,T,P,XNE,ABROSS,ACCRAD,VTURB, FLXCNV,VCONV,VELSND
 9.18240895E-04   2851.5 9.182E+00 6.047E+08 1.452E-04 3.248E-02 2.000E+05 0.000E+00 0.000E+00 5.547E+05
 1.20303728E-03   2875.9 1.203E+01 7.884E+08 1.671E-04 3.333E-02 2.000E+05 0.000E+00 0.000E+00 5.507E+05
 1.52996566E-03   2899.5 1.530E+01 1.003E+09 1.957E-04 3.343E-02 2.000E+05 0.000E+00 0.000E+00 5.484E+05
 1.90468306E-03   2922.1 1.905E+01 1.252E+09 2.264E-04 3.335E-02 2.000E+05 0.000E+00 0.000E+00 5.471E+05
 2.34073315E-03   2944.3 2.341E+01 1.545E+09 2.564E-04 3.315E-02 2.000E+05 0.000E+00 0.000E+00 5.465E+05
 2.85911442E-03   2966.6 2.859E+01 1.898E+09 2.860E-04 3.284E-02 2.000E+05 0.000E+00 0.000E+00 5.463E+05
 3.47735183E-03   2989.1 3.477E+01 2.325E+09 3.207E-04 3.240E-02 2.000E+05 0.000E+00 0.000E+00 5.466E+05
 4.20936482E-03   3011.9 4.209E+01 2.838E+09 3.630E-04 3.192E-02 2.000E+05 0.000E+00 0.000E+00 5.471E+05
 5.06402251E-03   3035.5 5.064E+01 3.454E+09 4.175E-04 3.143E-02 2.000E+05 0.000E+00 0.000E+00 5.480E+05
 6.05510789E-03   3058.9 6.055E+01 4.182E+09 4.797E-04 3.088E-02 2.000E+05 0.000E+00 0.000E+00 5.491E+05
 7.21238571E-03   3082.1 7.212E+01 5.042E+09 5.440E-04 3.030E-02 2.000E+05 0.000E+00 0.000E+00 5.503E+05
 8.58083515E-03   3105.3 8.581E+01 6.070E+09 6.108E-04 2.970E-02 2.000E+05 0.000E+00 0.000E+00 5.515E+05
 1.02112842E-02   3128.8 1.021E+02 7.309E+09 6.830E-04 2.911E-02 2.000E+05 0.000E+00 0.000E+00 5.529E+05
 1.21378614E-02   3152.6 1.214E+02 8.793E+09 7.788E-04 2.855E-02 2.000E+05 0.000E+00 0.000E+00 5.543E+05
 1.43716983E-02   3176.7 1.437E+02 1.055E+10 9.012E-04 2.812E-02 2.000E+05 0.000E+00 0.000E+00 5.558E+05
 1.69409421E-02   3200.5 1.694E+02 1.261E+10 1.046E-03 2.775E-02 2.000E+05 0.000E+00 0.000E+00 5.574E+05
 1.99094142E-02   3223.8 1.991E+02 1.500E+10 1.199E-03 2.741E-02 2.000E+05 0.000E+00 0.000E+00 5.589E+05
 2.33774150E-02   3247.0 2.338E+02 1.781E+10 1.363E-03 2.711E-02 2.000E+05 0.000E+00 0.000E+00 5.604E+05
 2.74606578E-02   3270.4 2.746E+02 2.115E+10 1.540E-03 2.686E-02 2.000E+05 0.000E+00 0.000E+00 5.619E+05
 3.22905070E-02   3294.2 3.229E+02 2.514E+10 1.735E-03 2.669E-02 2.000E+05 0.000E+00 0.000E+00 5.634E+05
 3.79368462E-02   3319.0 3.794E+02 2.992E+10 2.006E-03 2.667E-02 2.000E+05 0.000E+00 0.000E+00 5.651E+05
 4.43948958E-02   3344.3 4.439E+02 3.554E+10 2.350E-03 2.681E-02 2.000E+05 0.000E+00 0.000E+00 5.669E+05
 5.17859765E-02   3369.4 5.179E+02 4.206E+10 2.722E-03 2.693E-02 2.000E+05 0.000E+00 0.000E+00 5.687E+05
 6.03306612E-02   3394.6 6.033E+02 4.972E+10 3.128E-03 2.709E-02 2.000E+05 0.000E+00 0.000E+00 5.706E+05
 7.02787585E-02   3420.4 7.028E+02 5.881E+10 3.573E-03 2.731E-02 2.000E+05 0.000E+00 0.000E+00 5.725E+05
 8.19186353E-02   3447.2 8.192E+02 6.970E+10 4.063E-03 2.767E-02 2.000E+05 0.000E+00 0.000E+00 5.745E+05
 9.56154439E-02   3475.5 9.561E+02 8.294E+10 4.593E-03 2.685E-02 2.000E+05 0.000E+00 0.000E+00 5.768E+05
 1.11764792E-01   3510.5 1.118E+03 1.004E+11 5.197E-03 2.176E-02 2.000E+05 0.000E+00 0.000E+00 5.802E+05
 1.30853295E-01   3532.1 1.309E+03 1.174E+11 5.851E-03 2.014E-02 2.000E+05 0.000E+00 0.000E+00 5.810E+05
 1.53411235E-01   3566.6 1.534E+03 1.418E+11 6.616E-03 1.737E-02 2.000E+05 0.000E+00 0.000E+00 5.842E+05
 1.80251269E-01   3569.2 1.803E+03 1.582E+11 7.359E-03 1.840E-02 2.000E+05 0.000E+00 0.000E+00 5.812E+05
 2.12073891E-01   3608.9 2.121E+03 1.937E+11 8.359E-03 1.686E-02 2.000E+05 0.000E+00 0.000E+00 5.852E+05
 2.49911013E-01   3609.0 2.499E+03 2.148E+11 9.264E-03 1.803E-02 2.000E+05 0.000E+00 0.000E+00 5.815E+05
 2.94745643E-01   3635.4 2.947E+03 2.545E+11 1.058E-02 1.870E-02 2.000E+05 0.000E+00 0.000E+00 5.828E+05
 3.47494163E-01   3639.8 3.475E+03 2.855E+11 1.190E-02 2.040E-02 2.000E+05 0.000E+00 0.000E+00 5.796E+05
 4.09250125E-01   3651.3 4.093E+03 3.256E+11 1.371E-02 2.312E-02 2.000E+05 0.000E+00 0.000E+00 5.778E+05
 4.80832319E-01   3662.6 4.808E+03 3.706E+11 1.575E-02 2.606E-02 2.000E+05 0.000E+00 0.000E+00 5.760E+05
 5.63813448E-01   3675.6 5.638E+03 4.229E+11 1.815E-02 2.948E-02 2.000E+05 0.000E+00 0.000E+00 5.744E+05
 6.59728314E-01   3690.2 6.597E+03 4.837E+11 2.097E-02 3.342E-02 2.000E+05 0.000E+00 0.000E+00 5.732E+05
 7.70275927E-01   3707.1 7.703E+03 5.553E+11 2.430E-02 3.799E-02 2.000E+05 0.000E+00 0.000E+00 5.725E+05
 8.97174095E-01   3726.9 8.972E+03 6.406E+11 2.830E-02 4.336E-02 2.000E+05 0.000E+00 0.000E+00 5.724E+05
 1.04195618E+00   3750.6 1.042E+04 7.436E+11 3.322E-02 4.984E-02 2.000E+05 0.000E+00 0.000E+00 5.731E+05
 1.20506986E+00   3780.0 1.205E+04 8.715E+11 3.959E-02 5.827E-02 2.000E+05 0.000E+00 0.000E+00 5.750E+05
 1.38740735E+00   3818.8 1.387E+04 1.039E+12 4.716E-02 6.688E-02 2.000E+05 0.000E+00 0.000E+00 5.790E+05
 1.59381080E+00   3864.0 1.594E+04 1.253E+12 5.501E-02 7.279E-02 2.000E+05 0.000E+00 0.000E+00 5.841E+05
 1.83030814E+00   3910.9 1.830E+04 1.513E+12 6.393E-02 7.982E-02 2.000E+05 0.000E+00 0.000E+00 5.895E+05
 2.10126702E+00   3963.7 2.101E+04 1.846E+12 7.463E-02 8.843E-02 2.000E+05 0.000E+00 0.000E+00 5.958E+05
 2.40909464E+00   4021.9 2.409E+04 2.269E+12 8.818E-02 9.953E-02 2.000E+05 0.000E+00 0.000E+00 6.030E+05
 2.75312726E+00   4089.9 2.753E+04 2.829E+12 1.062E-01 1.141E-01 2.000E+05 0.000E+00 0.000E+00 6.119E+05
 3.13173675E+00   4167.2 3.132E+04 3.563E+12 1.294E-01 1.323E-01 2.000E+05 0.000E+00 0.000E+00 6.221E+05
 3.54202528E+00   4255.8 3.542E+04 4.532E+12 1.606E-01 1.561E-01 2.000E+05 0.000E+00 0.000E+00 6.339E+05
 3.98243840E+00   4357.4 3.982E+04 5.815E+12 1.999E-01 1.851E-01 2.000E+05 0.000E+00 0.000E+00 6.470E+05
 4.44848008E+00   4476.2 4.448E+04 7.522E+12 2.541E-01 2.272E-01 2.000E+05 0.000E+00 0.000E+00 6.614E+05
 4.94005448E+00   4613.6 4.940E+04 9.749E+12 3.181E-01 2.744E-01 2.000E+05 0.000E+00 0.000E+00 6.766E+05
 5.47775785E+00   4769.5 5.478E+04 1.257E+13 3.795E-01 3.115E-01 2.000E+05 0.000E+00 0.000E+00 6.918E+05
 6.07854753E+00   4945.6 6.078E+04 1.606E+13 4.531E-01 3.623E-01 2.000E+05 1.507E+02 0.000E+00 7.075E+05
 6.75718455E+00   5150.3 6.757E+04 2.036E+13 5.283E-01 4.131E-01 2.000E+05 1.522E+03 1.625E+03 7.256E+05
 7.54297396E+00   5382.5 7.543E+04 2.557E+13 6.022E-01 4.652E-01 2.000E+05 9.037E+03 3.214E+03 7.460E+05
 8.46795396E+00   5653.4 8.468E+04 3.243E+13 6.802E-01 5.214E-01 2.000E+05 1.318E+05 5.503E+03 7.675E+05
 9.53780960E+00   5957.0 9.538E+04 4.357E+13 8.090E-01 6.206E-01 2.000E+05 3.079E+06 1.417E+04 7.877E+05
 1.06640527E+01   6311.9 1.066E+05 6.769E+13 1.102E+00 8.309E-01 2.000E+05 3.608E+07 3.996E+04 8.065E+05
 1.16941118E+01   6687.9 1.169E+05 1.179E+14 1.703E+00 1.196E+00 2.000E+05 1.633E+08 8.591E+04 8.217E+05
 1.25529562E+01   7068.9 1.255E+05 2.107E+14 2.769E+00 1.638E+00 2.000E+05 4.269E+08 1.247E+05 8.326E+05
 1.32729295E+01   7403.2 1.327E+05 3.458E+14 4.286E+00 1.921E+00 2.000E+05 7.730E+08 1.522E+05 8.390E+05
 1.39113473E+01   7695.8 1.391E+05 5.227E+14 6.247E+00 1.999E+00 2.000E+05 1.084E+09 1.664E+05 8.428E+05
 1.45163099E+01   7939.3 1.452E+05 7.264E+14 8.528E+00 1.946E+00 2.000E+05 1.303E+09 1.708E+05 8.456E+05
 1.51182484E+01   8159.6 1.512E+05 9.666E+14 1.124E+01 1.885E+00 2.000E+05 1.451E+09 1.724E+05 8.483E+05
 1.57369263E+01   8357.1 1.574E+05 1.238E+15 1.439E+01 1.797E+00 2.000E+05 1.551E+09 1.712E+05 8.510E+05
 1.63868643E+01   8545.0 1.639E+05 1.554E+15 1.812E+01 1.707E+00 2.000E+05 1.625E+09 1.689E+05 8.541E+05
 1.70821696E+01   8720.0 1.708E+05 1.910E+15 2.240E+01 1.626E+00 2.000E+05 1.678E+09 1.673E+05 8.575E+05
 1.78321260E+01   8895.7 1.783E+05 2.334E+15 2.763E+01 1.530E+00 2.000E+05 1.716E+09 1.624E+05 8.615E+05
 1.86521397E+01   9055.9 1.865E+05 2.793E+15 3.337E+01 1.551E+00 2.000E+05 1.741E+09 1.615E+05 8.656E+05
PRADK 5.4697E-01
BEGIN                    ITERATION  15 COMPLETED
