TEFF   5500.  GRAVITY 4.50000 LTE 
TITLE  [0.2a] VTURB=2  L/H=1.25 NOVER NEW ODF                                   
 OPACITY IFOP 1 1 1 1 1 1 1 1 1 1 1 1 1 0 1 0 0 0 0 0
 CONVECTION ON   1.25 TURBULENCE OFF  0.00  0.00  0.00  0.00
ABUNDANCE SCALE   1.58489 ABUNDANCE CHANGE 1 0.91790 2 0.07813
 ABUNDANCE CHANGE  3 -10.94  4 -10.64  5  -9.49  6  -3.52  7  -4.12  8  -2.81
 ABUNDANCE CHANGE  9  -7.48 10  -3.56 11  -5.71 12  -4.06 13  -5.57 14  -4.09
 ABUNDANCE CHANGE 15  -6.59 16  -4.31 17  -6.54 18  -5.24 19  -6.92 20  -5.28
 ABUNDANCE CHANGE 21  -8.87 22  -6.62 23  -8.04 24  -6.37 25  -6.65 26  -4.54
 ABUNDANCE CHANGE 27  -7.12 28  -5.79 29  -7.83 30  -7.44 31  -9.16 32  -8.63
 ABUNDANCE CHANGE 33  -9.67 34  -8.63 35  -9.41 36  -8.73 37  -9.44 38  -9.07
 ABUNDANCE CHANGE 39  -9.80 40  -9.44 41 -10.62 42 -10.12 43 -20.00 44 -10.20
 ABUNDANCE CHANGE 45 -10.92 46 -10.35 47 -11.10 48 -10.27 49 -10.38 50 -10.04
 ABUNDANCE CHANGE 51 -11.04 52  -9.80 53 -10.53 54  -9.87 55 -10.91 56  -9.91
 ABUNDANCE CHANGE 57 -10.87 58 -10.46 59 -11.33 60 -10.54 61 -20.00 62 -11.03
 ABUNDANCE CHANGE 63 -11.53 64 -10.92 65 -11.69 66 -10.90 67 -11.78 68 -11.11
 ABUNDANCE CHANGE 69 -12.04 70 -10.96 71 -11.98 72 -11.16 73 -12.17 74 -10.93
 ABUNDANCE CHANGE 75 -11.76 76 -10.59 77 -10.69 78 -10.24 79 -11.03 80 -10.91
 ABUNDANCE CHANGE 81 -11.14 82 -10.09 83 -11.33 84 -20.00 85 -20.00 86 -20.00
 ABUNDANCE CHANGE 87 -20.00 88 -20.00 89 -20.00 90 -11.95 91 -20.00 92 -12.54
 ABUNDANCE CHANGE 93 -20.00 94 -20.00 95 -20.00 96 -20.00 97 -20.00 98 -20.00
 ABUNDANCE CHANGE 99 -20.00
READ DECK6 72 RHOX,T,P,XNE,ABROSS,ACCRAD,VTURB, FLXCNV,VCONV,VELSND
 3.03907105E-04   3469.0 9.610E+00 3.617E+09 4.388E-04 1.133E-01 2.000E+05 0.000E+00 0.000E+00 6.583E+05
 4.00335285E-04   3482.2 1.266E+01 4.568E+09 4.837E-04 1.099E-01 2.000E+05 0.000E+00 0.000E+00 6.465E+05
 5.16909285E-04   3496.4 1.635E+01 5.682E+09 5.339E-04 1.037E-01 2.000E+05 0.000E+00 0.000E+00 6.383E+05
 6.57579319E-04   3511.5 2.079E+01 6.991E+09 5.906E-04 9.702E-02 2.000E+05 0.000E+00 0.000E+00 6.325E+05
 8.26829333E-04   3527.0 2.615E+01 8.527E+09 6.551E-04 9.064E-02 2.000E+05 0.000E+00 0.000E+00 6.284E+05
 1.02998330E-03   3543.1 3.257E+01 1.033E+10 7.290E-04 8.460E-02 2.000E+05 0.000E+00 0.000E+00 6.256E+05
 1.27301390E-03   3559.8 4.026E+01 1.244E+10 8.139E-04 7.794E-02 2.000E+05 0.000E+00 0.000E+00 6.237E+05
 1.56285153E-03   3576.8 4.942E+01 1.492E+10 9.113E-04 7.200E-02 2.000E+05 0.000E+00 0.000E+00 6.225E+05
 1.90758912E-03   3594.4 6.032E+01 1.781E+10 1.023E-03 6.670E-02 2.000E+05 0.000E+00 0.000E+00 6.218E+05
 2.31659219E-03   3612.8 7.326E+01 2.121E+10 1.152E-03 6.194E-02 2.000E+05 0.000E+00 0.000E+00 6.216E+05
 2.79958137E-03   3632.3 8.853E+01 2.521E+10 1.304E-03 5.859E-02 2.000E+05 0.000E+00 0.000E+00 6.218E+05
 3.35601919E-03   3654.5 1.061E+02 2.991E+10 1.541E-03 6.600E-02 2.000E+05 0.000E+00 0.000E+00 6.225E+05
 3.98365001E-03   3677.6 1.260E+02 3.528E+10 1.822E-03 7.424E-02 2.000E+05 0.000E+00 0.000E+00 6.235E+05
 4.69111057E-03   3702.3 1.483E+02 4.147E+10 2.158E-03 8.481E-02 2.000E+05 0.000E+00 0.000E+00 6.248E+05
 5.48660017E-03   3728.6 1.735E+02 4.862E+10 2.562E-03 9.852E-02 2.000E+05 0.000E+00 0.000E+00 6.263E+05
 6.37851129E-03   3756.8 2.017E+02 5.688E+10 3.052E-03 1.167E-01 2.000E+05 0.000E+00 0.000E+00 6.280E+05
 7.37410850E-03   3787.2 2.332E+02 6.647E+10 3.648E-03 1.415E-01 2.000E+05 0.000E+00 0.000E+00 6.300E+05
 8.49690409E-03   3819.9 2.687E+02 7.769E+10 4.264E-03 1.541E-01 2.000E+05 0.000E+00 0.000E+00 6.322E+05
 9.79290085E-03   3852.8 3.097E+02 9.074E+10 4.885E-03 1.512E-01 2.000E+05 0.000E+00 0.000E+00 6.345E+05
 1.13021077E-02   3884.9 3.574E+02 1.058E+11 5.593E-03 1.481E-01 2.000E+05 0.000E+00 0.000E+00 6.367E+05
 1.30602133E-02   3916.0 4.130E+02 1.233E+11 6.402E-03 1.460E-01 2.000E+05 0.000E+00 0.000E+00 6.388E+05
 1.51084559E-02   3946.5 4.778E+02 1.435E+11 7.329E-03 1.449E-01 2.000E+05 0.000E+00 0.000E+00 6.409E+05
 1.74939606E-02   3976.6 5.532E+02 1.668E+11 8.392E-03 1.449E-01 2.000E+05 0.000E+00 0.000E+00 6.429E+05
 2.02767942E-02   4006.8 6.412E+02 1.941E+11 9.578E-03 1.439E-01 2.000E+05 0.000E+00 0.000E+00 6.450E+05
 2.35276010E-02   4036.6 7.440E+02 2.256E+11 1.094E-02 1.438E-01 2.000E+05 0.000E+00 0.000E+00 6.470E+05
 2.73214874E-02   4066.1 8.640E+02 2.622E+11 1.251E-02 1.447E-01 2.000E+05 0.000E+00 0.000E+00 6.491E+05
 3.17439596E-02   4095.3 1.004E+03 3.046E+11 1.431E-02 1.468E-01 2.000E+05 0.000E+00 0.000E+00 6.511E+05
 3.69052911E-02   4124.6 1.167E+03 3.538E+11 1.633E-02 1.482E-01 2.000E+05 0.000E+00 0.000E+00 6.531E+05
 4.29378819E-02   4153.6 1.358E+03 4.108E+11 1.863E-02 1.505E-01 2.000E+05 0.000E+00 0.000E+00 6.551E+05
 4.99946583E-02   4182.7 1.581E+03 4.771E+11 2.122E-02 1.530E-01 2.000E+05 0.000E+00 0.000E+00 6.572E+05
 5.82644068E-02   4211.8 1.842E+03 5.542E+11 2.413E-02 1.557E-01 2.000E+05 0.000E+00 0.000E+00 6.592E+05
 6.79552804E-02   4240.8 2.149E+03 6.437E+11 2.747E-02 1.597E-01 2.000E+05 0.000E+00 0.000E+00 6.612E+05
 7.93001822E-02   4269.5 2.508E+03 7.475E+11 3.131E-02 1.649E-01 2.000E+05 0.000E+00 0.000E+00 6.632E+05
 9.25684157E-02   4298.4 2.927E+03 8.679E+11 3.571E-02 1.715E-01 2.000E+05 0.000E+00 0.000E+00 6.651E+05
 1.08139562E-01   4327.5 3.420E+03 1.008E+12 4.041E-02 1.786E-01 2.000E+05 0.000E+00 0.000E+00 6.671E+05
 1.26542143E-01   4357.3 4.002E+03 1.173E+12 4.555E-02 1.862E-01 2.000E+05 0.000E+00 0.000E+00 6.692E+05
 1.48237918E-01   4387.2 4.688E+03 1.365E+12 5.169E-02 1.974E-01 2.000E+05 0.000E+00 0.000E+00 6.712E+05
 1.73666629E-01   4418.0 5.492E+03 1.590E+12 5.893E-02 2.116E-01 2.000E+05 0.000E+00 0.000E+00 6.733E+05
 2.03357534E-01   4450.1 6.431E+03 1.852E+12 6.740E-02 2.284E-01 2.000E+05 0.000E+00 0.000E+00 6.755E+05
 2.37928203E-01   4483.8 7.524E+03 2.159E+12 7.730E-02 2.482E-01 2.000E+05 0.000E+00 0.000E+00 6.778E+05
 2.78078879E-01   4519.7 8.794E+03 2.520E+12 8.886E-02 2.715E-01 2.000E+05 0.000E+00 0.000E+00 6.802E+05
 3.24571625E-01   4558.5 1.026E+04 2.944E+12 1.025E-01 2.995E-01 2.000E+05 0.000E+00 0.000E+00 6.829E+05
 3.78522543E-01   4601.9 1.197E+04 3.450E+12 1.172E-01 3.198E-01 2.000E+05 0.000E+00 0.000E+00 6.860E+05
 4.41581568E-01   4646.1 1.396E+04 4.043E+12 1.335E-01 3.394E-01 2.000E+05 0.000E+00 0.000E+00 6.891E+05
 5.15370537E-01   4692.2 1.630E+04 4.744E+12 1.523E-01 3.645E-01 2.000E+05 0.000E+00 0.000E+00 6.924E+05
 6.01591832E-01   4741.8 1.902E+04 5.578E+12 1.740E-01 3.954E-01 2.000E+05 0.000E+00 0.000E+00 6.959E+05
 7.02112449E-01   4796.6 2.220E+04 6.580E+12 1.992E-01 4.334E-01 2.000E+05 0.000E+00 0.000E+00 7.000E+05
 8.18772776E-01   4859.5 2.589E+04 7.796E+12 2.297E-01 4.833E-01 2.000E+05 0.000E+00 0.000E+00 7.048E+05
 9.53548605E-01   4933.8 3.015E+04 9.288E+12 2.653E-01 5.409E-01 2.000E+05 0.000E+00 0.000E+00 7.106E+05
 1.10915182E+00   5018.9 3.507E+04 1.111E+13 3.064E-01 6.072E-01 2.000E+05 0.000E+00 0.000E+00 7.175E+05
 1.28920398E+00   5120.0 4.077E+04 1.337E+13 3.523E-01 6.784E-01 2.000E+05 0.000E+00 0.000E+00 7.259E+05
 1.49812355E+00   5237.9 4.737E+04 1.617E+13 4.047E-01 7.601E-01 2.000E+05 0.000E+00 0.000E+00 7.358E+05
 1.74073290E+00   5377.5 5.505E+04 1.969E+13 4.646E-01 8.539E-01 2.000E+05 0.000E+00 0.000E+00 7.472E+05
 2.02261573E+00   5540.3 6.396E+04 2.423E+13 5.333E-01 9.620E-01 2.000E+05 0.000E+00 0.000E+00 7.598E+05
 2.34887453E+00   5731.4 7.428E+04 3.046E+13 6.179E-01 1.096E+00 2.000E+05 0.000E+00 0.000E+00 7.734E+05
 2.71768148E+00   5953.8 8.594E+04 4.009E+13 7.460E-01 1.313E+00 2.000E+05 0.000E+00 0.000E+00 7.874E+05
 3.11298485E+00   6213.4 9.844E+04 5.714E+13 9.603E-01 1.673E+00 2.000E+05 4.024E+04 0.000E+00 8.015E+05
 3.50310427E+00   6512.8 1.108E+05 8.966E+13 1.366E+00 2.375E+00 2.000E+05 4.195E+06 9.593E+03 8.151E+05
 3.85119490E+00   6863.3 1.218E+05 1.547E+14 2.136E+00 3.672E+00 2.000E+05 4.917E+07 4.359E+04 8.274E+05
 4.13743399E+00   7257.0 1.308E+05 2.807E+14 3.560E+00 5.828E+00 2.000E+05 2.448E+08 9.103E+04 8.367E+05
 4.36438325E+00   7661.2 1.380E+05 4.977E+14 5.968E+00 8.444E+00 2.000E+05 7.588E+08 1.384E+05 8.424E+05
 4.55071772E+00   8018.4 1.439E+05 7.964E+14 9.335E+00 9.977E+00 2.000E+05 1.561E+09 1.818E+05 8.461E+05
 4.71690054E+00   8312.1 1.492E+05 1.144E+15 1.338E+01 9.942E+00 2.000E+05 2.335E+09 2.016E+05 8.494E+05
 4.87673357E+00   8558.9 1.542E+05 1.529E+15 1.802E+01 9.308E+00 2.000E+05 2.883E+09 2.089E+05 8.531E+05
 5.03849790E+00   8776.1 1.593E+05 1.952E+15 2.331E+01 8.654E+00 2.000E+05 3.240E+09 2.109E+05 8.572E+05
 5.20757318E+00   8974.7 1.647E+05 2.421E+15 2.938E+01 8.066E+00 2.000E+05 3.472E+09 2.100E+05 8.618E+05
 5.38827953E+00   9160.4 1.704E+05 2.942E+15 3.633E+01 7.531E+00 2.000E+05 3.635E+09 2.078E+05 8.669E+05
 5.58442687E+00   9338.8 1.766E+05 3.529E+15 4.439E+01 7.088E+00 2.000E+05 3.748E+09 2.056E+05 8.725E+05
 5.79947260E+00   9512.9 1.834E+05 4.195E+15 5.376E+01 6.606E+00 2.000E+05 3.834E+09 2.013E+05 8.785E+05
 6.03759768E+00   9681.2 1.909E+05 4.938E+15 6.444E+01 6.245E+00 2.000E+05 3.901E+09 1.997E+05 8.850E+05
 6.30215353E+00   9855.2 1.993E+05 5.817E+15 7.735E+01 5.826E+00 2.000E+05 3.944E+09 1.941E+05 8.923E+05
 6.59879581E+00  10016.5 2.086E+05 6.759E+15 9.128E+01 5.804E+00 2.000E+05 3.982E+09 1.925E+05 8.995E+05
PRADK 1.2230E+00
BEGIN                    ITERATION  15 COMPLETED
