TEFF   6500.  GRAVITY 2.00000 LTE 
TITLE  [0.2a] VTURB=2  L/H=1.25 NOVER NEW ODF                                   
 OPACITY IFOP 1 1 1 1 1 1 1 1 1 1 1 1 1 0 1 0 0 0 0 0
 CONVECTION ON   1.25 TURBULENCE OFF  0.00  0.00  0.00  0.00
ABUNDANCE SCALE   1.58489 ABUNDANCE CHANGE 1 0.91790 2 0.07813
 ABUNDANCE CHANGE  3 -10.94  4 -10.64  5  -9.49  6  -3.52  7  -4.12  8  -2.81
 ABUNDANCE CHANGE  9  -7.48 10  -3.56 11  -5.71 12  -4.06 13  -5.57 14  -4.09
 ABUNDANCE CHANGE 15  -6.59 16  -4.31 17  -6.54 18  -5.24 19  -6.92 20  -5.28
 ABUNDANCE CHANGE 21  -8.87 22  -6.62 23  -8.04 24  -6.37 25  -6.65 26  -4.54
 ABUNDANCE CHANGE 27  -7.12 28  -5.79 29  -7.83 30  -7.44 31  -9.16 32  -8.63
 ABUNDANCE CHANGE 33  -9.67 34  -8.63 35  -9.41 36  -8.73 37  -9.44 38  -9.07
 ABUNDANCE CHANGE 39  -9.80 40  -9.44 41 -10.62 42 -10.12 43 -20.00 44 -10.20
 ABUNDANCE CHANGE 45 -10.92 46 -10.35 47 -11.10 48 -10.27 49 -10.38 50 -10.04
 ABUNDANCE CHANGE 51 -11.04 52  -9.80 53 -10.53 54  -9.87 55 -10.91 56  -9.91
 ABUNDANCE CHANGE 57 -10.87 58 -10.46 59 -11.33 60 -10.54 61 -20.00 62 -11.03
 ABUNDANCE CHANGE 63 -11.53 64 -10.92 65 -11.69 66 -10.90 67 -11.78 68 -11.11
 ABUNDANCE CHANGE 69 -12.04 70 -10.96 71 -11.98 72 -11.16 73 -12.17 74 -10.93
 ABUNDANCE CHANGE 75 -11.76 76 -10.59 77 -10.69 78 -10.24 79 -11.03 80 -10.91
 ABUNDANCE CHANGE 81 -11.14 82 -10.09 83 -11.33 84 -20.00 85 -20.00 86 -20.00
 ABUNDANCE CHANGE 87 -20.00 88 -20.00 89 -20.00 90 -11.95 91 -20.00 92 -12.54
 ABUNDANCE CHANGE 93 -20.00 94 -20.00 95 -20.00 96 -20.00 97 -20.00 98 -20.00
 ABUNDANCE CHANGE 99 -20.00
READ DECK6 72 RHOX,T,P,XNE,ABROSS,ACCRAD,VTURB, FLXCNV,VCONV,VELSND
 5.89747755E-04   3913.2 5.894E-02 4.552E+07 2.261E-04 5.492E-02 2.000E+05 0.000E+00 0.000E+00 5.076E+06
 7.85906946E-04   3935.6 7.855E-02 5.968E+07 2.273E-04 5.505E-02 2.000E+05 0.000E+00 0.000E+00 4.426E+06
 1.04589919E-03   3958.0 1.045E-01 7.816E+07 2.289E-04 5.407E-02 2.000E+05 0.000E+00 0.000E+00 3.866E+06
 1.38919387E-03   3983.5 1.388E-01 1.025E+08 2.319E-04 5.317E-02 2.000E+05 0.000E+00 3.411E+05 3.382E+06
 1.83992526E-03   4011.1 1.839E-01 1.345E+08 2.361E-04 5.225E-02 2.000E+05 0.000E+00 2.155E+05 2.968E+06
 2.42917538E-03   4040.1 2.428E-01 1.761E+08 2.412E-04 5.094E-02 2.000E+05 0.000E+00 8.670E+04 2.612E+06
 3.19730725E-03   4070.1 3.196E-01 2.302E+08 2.471E-04 4.937E-02 2.000E+05 0.000E+00 0.000E+00 2.308E+06
 4.19482482E-03   4100.8 4.193E-01 3.001E+08 2.543E-04 4.830E-02 2.000E+05 0.000E+00 0.000E+00 2.047E+06
 5.48523651E-03   4132.0 5.482E-01 3.902E+08 2.625E-04 4.700E-02 2.000E+05 0.000E+00 0.000E+00 1.825E+06
 7.14958198E-03   4163.6 7.146E-01 5.060E+08 2.719E-04 4.554E-02 2.000E+05 0.000E+00 0.000E+00 1.635E+06
 9.28623935E-03   4195.7 9.282E-01 6.543E+08 2.832E-04 4.460E-02 2.000E+05 0.000E+00 0.000E+00 1.475E+06
 1.20113914E-02   4228.8 1.201E+00 8.438E+08 2.971E-04 4.417E-02 2.000E+05 0.000E+00 0.000E+00 1.339E+06
 1.54638619E-02   4263.3 1.546E+00 1.085E+09 3.137E-04 4.364E-02 2.000E+05 0.000E+00 0.000E+00 1.225E+06
 1.98114558E-02   4299.0 1.980E+00 1.391E+09 3.331E-04 4.274E-02 2.000E+05 0.000E+00 0.000E+00 1.131E+06
 2.52558389E-02   4335.4 2.524E+00 1.777E+09 3.557E-04 4.152E-02 2.000E+05 0.000E+00 0.000E+00 1.052E+06
 3.20316550E-02   4372.1 3.202E+00 2.262E+09 3.825E-04 4.035E-02 2.000E+05 0.000E+00 0.000E+00 9.873E+05
 4.03680457E-02   4409.3 4.035E+00 2.864E+09 4.176E-04 4.083E-02 2.000E+05 0.000E+00 0.000E+00 9.345E+05
 5.05149554E-02   4447.5 5.049E+00 3.610E+09 4.588E-04 4.106E-02 2.000E+05 0.000E+00 0.000E+00 8.917E+05
 6.27995715E-02   4486.0 6.277E+00 4.527E+09 5.065E-04 4.107E-02 2.000E+05 0.000E+00 0.000E+00 8.571E+05
 7.76030048E-02   4524.5 7.757E+00 5.651E+09 5.617E-04 4.092E-02 2.000E+05 0.000E+00 0.000E+00 8.293E+05
 9.53668267E-02   4562.7 9.533E+00 7.020E+09 6.252E-04 4.064E-02 2.000E+05 0.000E+00 0.000E+00 8.069E+05
 1.16652733E-01   4600.8 1.166E+01 8.688E+09 6.956E-04 3.987E-02 2.000E+05 0.000E+00 0.000E+00 7.889E+05
 1.42135530E-01   4638.6 1.421E+01 1.071E+10 7.759E-04 3.889E-02 2.000E+05 0.000E+00 0.000E+00 7.744E+05
 1.72548449E-01   4676.0 1.725E+01 1.316E+10 8.683E-04 3.783E-02 2.000E+05 0.000E+00 0.000E+00 7.629E+05
 2.08730986E-01   4712.9 2.086E+01 1.612E+10 9.746E-04 3.672E-02 2.000E+05 0.000E+00 0.000E+00 7.538E+05
 2.51660224E-01   4749.2 2.516E+01 1.966E+10 1.097E-03 3.562E-02 2.000E+05 0.000E+00 0.000E+00 7.466E+05
 3.02481008E-01   4785.1 3.024E+01 2.390E+10 1.237E-03 3.447E-02 2.000E+05 0.000E+00 0.000E+00 7.410E+05
 3.62239256E-01   4819.9 3.621E+01 2.892E+10 1.410E-03 3.493E-02 2.000E+05 0.000E+00 0.000E+00 7.368E+05
 4.32063814E-01   4855.4 4.319E+01 3.491E+10 1.611E-03 3.558E-02 2.000E+05 0.000E+00 0.000E+00 7.336E+05
 5.13449188E-01   4891.6 5.133E+01 4.208E+10 1.845E-03 3.622E-02 2.000E+05 0.000E+00 0.000E+00 7.314E+05
 6.08146997E-01   4928.5 6.079E+01 5.063E+10 2.116E-03 3.684E-02 2.000E+05 0.000E+00 0.000E+00 7.299E+05
 7.18176588E-01   4966.0 7.179E+01 6.085E+10 2.430E-03 3.746E-02 2.000E+05 0.000E+00 0.000E+00 7.291E+05
 8.45873710E-01   5004.0 8.456E+01 7.304E+10 2.794E-03 3.806E-02 2.000E+05 0.000E+00 0.000E+00 7.287E+05
 9.93796898E-01   5042.2 9.934E+01 8.753E+10 3.221E-03 3.913E-02 2.000E+05 0.000E+00 0.000E+00 7.287E+05
 1.16453639E+00   5081.2 1.164E+02 1.048E+11 3.728E-03 4.083E-02 2.000E+05 0.000E+00 0.000E+00 7.291E+05
 1.36113241E+00   5121.4 1.361E+02 1.255E+11 4.320E-03 4.265E-02 2.000E+05 0.000E+00 0.000E+00 7.297E+05
 1.58727349E+00   5162.5 1.587E+02 1.503E+11 5.010E-03 4.460E-02 2.000E+05 0.000E+00 0.000E+00 7.306E+05
 1.84724126E+00   5204.3 1.847E+02 1.799E+11 5.812E-03 4.674E-02 2.000E+05 0.000E+00 0.000E+00 7.318E+05
 2.14598253E+00   5246.9 2.145E+02 2.154E+11 6.746E-03 4.911E-02 2.000E+05 0.000E+00 0.000E+00 7.330E+05
 2.48920496E+00   5290.2 2.488E+02 2.577E+11 7.830E-03 5.182E-02 2.000E+05 0.000E+00 0.000E+00 7.344E+05
 2.88345764E+00   5334.2 2.882E+02 3.085E+11 9.092E-03 5.496E-02 2.000E+05 0.000E+00 0.000E+00 7.360E+05
 3.33588073E+00   5379.2 3.334E+02 3.695E+11 1.058E-02 5.891E-02 2.000E+05 0.000E+00 0.000E+00 7.376E+05
 3.85310866E+00   5426.1 3.851E+02 4.434E+11 1.237E-02 6.446E-02 2.000E+05 0.000E+00 0.000E+00 7.393E+05
 4.44158684E+00   5476.2 4.439E+02 5.346E+11 1.453E-02 7.112E-02 2.000E+05 0.000E+00 0.000E+00 7.412E+05
 5.10828288E+00   5530.3 5.106E+02 6.483E+11 1.714E-02 7.920E-02 2.000E+05 0.000E+00 0.000E+00 7.431E+05
 5.85933101E+00   5589.5 5.856E+02 7.923E+11 2.036E-02 8.920E-02 2.000E+05 0.000E+00 0.000E+00 7.450E+05
 6.69911541E+00   5655.0 6.695E+02 9.780E+11 2.439E-02 1.018E-01 2.000E+05 0.000E+00 0.000E+00 7.471E+05
 7.62911040E+00   5728.7 7.624E+02 1.223E+12 2.954E-02 1.180E-01 2.000E+05 0.000E+00 0.000E+00 7.491E+05
 8.64424022E+00   5812.6 8.638E+02 1.555E+12 3.643E-02 1.405E-01 2.000E+05 0.000E+00 0.000E+00 7.510E+05
 9.73032564E+00   5910.3 9.722E+02 2.020E+12 4.591E-02 1.720E-01 2.000E+05 0.000E+00 0.000E+00 7.527E+05
 1.08649281E+01   6024.9 1.085E+03 2.694E+12 5.938E-02 2.171E-01 2.000E+05 0.000E+00 0.000E+00 7.542E+05
 1.20183926E+01   6159.7 1.201E+03 3.701E+12 7.908E-02 2.832E-01 2.000E+05 6.384E-05 0.000E+00 7.551E+05
 1.31506908E+01   6319.6 1.313E+03 5.263E+12 1.097E-01 3.880E-01 2.000E+05 1.016E-02 4.415E+01 7.553E+05
 1.42158823E+01   6509.7 1.419E+03 7.775E+12 1.591E-01 5.585E-01 2.000E+05 5.263E-01 2.273E+02 7.551E+05
 1.51685091E+01   6737.1 1.514E+03 1.197E+13 2.442E-01 8.579E-01 2.000E+05 3.069E+01 7.970E+02 7.550E+05
 1.59695463E+01   7008.4 1.593E+03 1.918E+13 4.005E-01 1.420E+00 2.000E+05 2.731E+03 2.919E+03 7.565E+05
 1.65922093E+01   7336.2 1.654E+03 3.212E+13 7.170E-01 2.579E+00 2.000E+05 3.483E+05 1.227E+04 7.623E+05
 1.70359233E+01   7722.2 1.697E+03 5.515E+13 1.396E+00 5.136E+00 2.000E+05 1.107E+07 5.813E+04 7.756E+05
 1.73182034E+01   8201.1 1.723E+03 9.853E+13 3.080E+00 1.127E+01 2.000E+05 1.992E+08 1.723E+05 8.026E+05
 1.74880022E+01   8706.4 1.737E+03 1.645E+14 6.622E+00 2.040E+01 2.000E+05 1.195E+09 4.370E+05 8.446E+05
 1.76084814E+01   9084.1 1.747E+03 2.261E+14 1.093E+01 2.267E+01 2.000E+05 3.010E+09 7.364E+05 8.860E+05
 1.77172553E+01   9353.3 1.755E+03 2.742E+14 1.493E+01 2.009E+01 2.000E+05 4.611E+09 8.411E+05 9.209E+05
 1.78288302E+01   9577.5 1.764E+03 3.151E+14 1.866E+01 1.809E+01 2.000E+05 5.615E+09 9.157E+05 9.531E+05
 1.79499522E+01   9802.4 1.774E+03 3.553E+14 2.261E+01 1.685E+01 2.000E+05 6.200E+09 9.665E+05 9.878E+05
 1.80858779E+01  10019.7 1.786E+03 3.917E+14 2.635E+01 1.637E+01 2.000E+05 6.571E+09 1.001E+06 1.023E+06
 1.82436528E+01  10269.4 1.799E+03 4.290E+14 2.989E+01 1.765E+01 2.000E+05 6.621E+09 1.063E+06 1.065E+06
 1.84315129E+01  10575.0 1.814E+03 4.656E+14 3.302E+01 1.876E+01 2.000E+05 6.715E+09 1.051E+06 1.115E+06
 1.86633840E+01  10922.8 1.831E+03 4.947E+14 3.461E+01 3.619E+01 2.000E+05 5.545E+09 1.225E+06 1.171E+06
 1.90147641E+01  12303.0 1.849E+03 5.058E+14 2.543E+01 6.316E+01 2.000E+05 2.162E+09 5.736E+05 1.373E+06
 1.97995762E+01  14307.9 1.887E+03 4.571E+14 1.170E+01 3.887E+01 2.000E+05 8.849E+07 6.275E+04 1.580E+06
 2.18899150E+01  16125.7 2.033E+03 4.460E+14 7.107E+00 2.388E+01 2.000E+05 7.723E+04 2.304E+04 1.651E+06
 2.57555237E+01  17827.5 2.337E+03 4.708E+14 5.833E+00 1.924E+01 2.000E+05 7.336E+04 8.976E+03 1.847E+06
PRADK 2.3864E+00
BEGIN                    ITERATION  15 COMPLETED
