TEFF   7250.  GRAVITY 0.50000 LTE 
TITLE  [0.2a] VTURB=2  L/H=1.25 NOVER NEW ODF                                   
 OPACITY IFOP 1 1 1 1 1 1 1 1 1 1 1 1 1 0 1 0 0 0 0 0
 CONVECTION ON   1.25 TURBULENCE OFF  0.00  0.00  0.00  0.00
ABUNDANCE SCALE   1.58489 ABUNDANCE CHANGE 1 0.91790 2 0.07813
 ABUNDANCE CHANGE  3 -10.94  4 -10.64  5  -9.49  6  -3.52  7  -4.12  8  -2.81
 ABUNDANCE CHANGE  9  -7.48 10  -3.56 11  -5.71 12  -4.06 13  -5.57 14  -4.09
 ABUNDANCE CHANGE 15  -6.59 16  -4.31 17  -6.54 18  -5.24 19  -6.92 20  -5.28
 ABUNDANCE CHANGE 21  -8.87 22  -6.62 23  -8.04 24  -6.37 25  -6.65 26  -4.54
 ABUNDANCE CHANGE 27  -7.12 28  -5.79 29  -7.83 30  -7.44 31  -9.16 32  -8.63
 ABUNDANCE CHANGE 33  -9.67 34  -8.63 35  -9.41 36  -8.73 37  -9.44 38  -9.07
 ABUNDANCE CHANGE 39  -9.80 40  -9.44 41 -10.62 42 -10.12 43 -20.00 44 -10.20
 ABUNDANCE CHANGE 45 -10.92 46 -10.35 47 -11.10 48 -10.27 49 -10.38 50 -10.04
 ABUNDANCE CHANGE 51 -11.04 52  -9.80 53 -10.53 54  -9.87 55 -10.91 56  -9.91
 ABUNDANCE CHANGE 57 -10.87 58 -10.46 59 -11.33 60 -10.54 61 -20.00 62 -11.03
 ABUNDANCE CHANGE 63 -11.53 64 -10.92 65 -11.69 66 -10.90 67 -11.78 68 -11.11
 ABUNDANCE CHANGE 69 -12.04 70 -10.96 71 -11.98 72 -11.16 73 -12.17 74 -10.93
 ABUNDANCE CHANGE 75 -11.76 76 -10.59 77 -10.69 78 -10.24 79 -11.03 80 -10.91
 ABUNDANCE CHANGE 81 -11.14 82 -10.09 83 -11.33 84 -20.00 85 -20.00 86 -20.00
 ABUNDANCE CHANGE 87 -20.00 88 -20.00 89 -20.00 90 -11.95 91 -20.00 92 -12.54
 ABUNDANCE CHANGE 93 -20.00 94 -20.00 95 -20.00 96 -20.00 97 -20.00 98 -20.00
 ABUNDANCE CHANGE 99 -20.00
READ DECK6 72 RHOX,T,P,XNE,ABROSS,ACCRAD,VTURB, FLXCNV,VCONV,VELSND
 6.00382114E-05   4097.9 1.798E-04 1.992E+06 2.221E-03 1.667E-01 2.000E+05 0.000E+00 0.000E+00 6.255E+07
 8.06912889E-05   4112.4 2.417E-04 2.487E+06 2.086E-03 1.659E-01 2.000E+05 0.000E+00 0.000E+00 5.554E+07
 1.09904422E-04   4130.0 3.293E-04 3.169E+06 1.975E-03 1.620E-01 2.000E+05 0.000E+00 0.000E+00 4.887E+07
 1.50954725E-04   4149.7 4.526E-04 4.091E+06 1.879E-03 1.572E-01 2.000E+05 0.000E+00 2.350E+08 4.273E+07
 2.08420043E-04   4171.4 6.254E-04 5.339E+06 1.798E-03 1.528E-01 2.000E+05 0.000E+00 1.757E+08 3.720E+07
 2.88233159E-04   4194.9 8.657E-04 7.019E+06 1.732E-03 1.490E-01 2.000E+05 0.000E+00 1.310E+08 3.229E+07
 3.98324074E-04   4220.4 1.198E-03 9.293E+06 1.681E-03 1.455E-01 2.000E+05 0.000E+00 9.815E+07 2.797E+07
 5.48839759E-04   4248.3 1.652E-03 1.239E+07 1.647E-03 1.422E-01 2.000E+05 0.000E+00 7.392E+07 2.420E+07
 7.52502810E-04   4278.7 2.267E-03 1.660E+07 1.632E-03 1.390E-01 2.000E+05 0.000E+00 5.581E+07 2.092E+07
 1.02508759E-03   4311.6 3.092E-03 2.236E+07 1.634E-03 1.358E-01 2.000E+05 0.000E+00 4.221E+07 1.809E+07
 1.38590628E-03   4347.0 4.185E-03 3.021E+07 1.655E-03 1.321E-01 2.000E+05 0.000E+00 3.192E+07 1.565E+07
 1.85867828E-03   4384.5 5.618E-03 4.088E+07 1.691E-03 1.284E-01 2.000E+05 0.000E+00 2.396E+07 1.357E+07
 2.47305362E-03   4423.5 7.483E-03 5.525E+07 1.742E-03 1.256E-01 2.000E+05 0.000E+00 1.777E+07 1.178E+07
 3.26652812E-03   4463.2 9.893E-03 7.441E+07 1.802E-03 1.235E-01 2.000E+05 0.000E+00 1.296E+07 1.026E+07
 4.28715874E-03   4503.9 1.300E-02 9.995E+07 1.871E-03 1.207E-01 2.000E+05 0.000E+00 8.906E+06 8.959E+06
 5.59722022E-03   4544.8 1.698E-02 1.336E+08 1.944E-03 1.181E-01 2.000E+05 0.000E+00 5.905E+06 7.842E+06
 7.27941557E-03   4585.6 2.211E-02 1.778E+08 2.018E-03 1.143E-01 2.000E+05 0.000E+00 3.895E+06 6.880E+06
 9.44533734E-03   4626.2 2.871E-02 2.355E+08 2.086E-03 1.083E-01 2.000E+05 0.000E+00 2.607E+06 6.048E+06
 1.22432060E-02   4666.5 3.727E-02 3.108E+08 2.151E-03 1.030E-01 2.000E+05 0.000E+00 1.668E+06 5.325E+06
 1.58624915E-02   4707.1 4.835E-02 4.095E+08 2.217E-03 9.833E-02 2.000E+05 0.000E+00 2.674E+05 4.693E+06
 2.05430907E-02   4748.5 6.270E-02 5.396E+08 2.288E-03 9.401E-02 2.000E+05 0.000E+00 1.455E+05 4.140E+06
 2.65867485E-02   4790.8 8.126E-02 7.114E+08 2.365E-03 9.011E-02 2.000E+05 0.000E+00 8.122E+04 3.655E+06
 3.43635879E-02   4834.2 1.052E-01 9.382E+08 2.456E-03 8.785E-02 2.000E+05 0.000E+00 4.536E+04 3.231E+06
 4.43290132E-02   4879.0 1.358E-01 1.238E+09 2.561E-03 8.577E-02 2.000E+05 0.000E+00 2.519E+04 2.861E+06
 5.70509738E-02   4924.9 1.750E-01 1.634E+09 2.680E-03 8.389E-02 2.000E+05 0.000E+00 1.377E+04 2.539E+06
 7.32358422E-02   4971.8 2.248E-01 2.154E+09 2.814E-03 8.222E-02 2.000E+05 0.000E+00 7.385E+03 2.259E+06
 9.37541605E-02   5019.8 2.880E-01 2.837E+09 2.965E-03 8.080E-02 2.000E+05 0.000E+00 3.865E+03 2.017E+06
 1.19664787E-01   5068.9 3.679E-01 3.733E+09 3.137E-03 7.974E-02 2.000E+05 0.000E+00 1.951E+03 1.808E+06
 1.52237258E-01   5119.2 4.683E-01 4.907E+09 3.336E-03 7.899E-02 2.000E+05 0.000E+00 9.298E+02 1.628E+06
 1.92966652E-01   5170.9 5.939E-01 6.445E+09 3.568E-03 7.851E-02 2.000E+05 0.000E+00 3.929E+02 1.473E+06
 2.43596330E-01   5224.0 7.500E-01 8.455E+09 3.838E-03 7.828E-02 2.000E+05 0.000E+00 1.165E+02 1.341E+06
 3.06165379E-01   5278.2 9.430E-01 1.107E+10 4.153E-03 7.826E-02 2.000E+05 0.000E+00 0.000E+00 1.229E+06
 3.83057542E-01   5333.4 1.180E+00 1.445E+10 4.519E-03 7.854E-02 2.000E+05 0.000E+00 0.000E+00 1.135E+06
 4.77041454E-01   5389.4 1.470E+00 1.880E+10 4.942E-03 7.913E-02 2.000E+05 0.000E+00 0.000E+00 1.056E+06
 5.91342030E-01   5445.8 1.822E+00 2.436E+10 5.432E-03 8.012E-02 2.000E+05 0.000E+00 0.000E+00 9.900E+05
 7.29689676E-01   5502.6 2.249E+00 3.143E+10 5.998E-03 8.158E-02 2.000E+05 0.000E+00 0.000E+00 9.356E+05
 8.96338151E-01   5559.7 2.762E+00 4.037E+10 6.656E-03 8.361E-02 2.000E+05 0.000E+00 0.000E+00 8.909E+05
 1.09610316E+00   5617.3 3.377E+00 5.162E+10 7.422E-03 8.627E-02 2.000E+05 0.000E+00 0.000E+00 8.544E+05
 1.33435626E+00   5675.2 4.109E+00 6.574E+10 8.321E-03 8.972E-02 2.000E+05 0.000E+00 0.000E+00 8.247E+05
 1.61694687E+00   5733.9 4.977E+00 8.342E+10 9.380E-03 9.403E-02 2.000E+05 0.000E+00 0.000E+00 8.008E+05
 1.95021350E+00   5793.2 5.998E+00 1.055E+11 1.064E-02 9.948E-02 2.000E+05 0.000E+00 0.000E+00 7.816E+05
 2.34088433E+00   5853.5 7.194E+00 1.329E+11 1.214E-02 1.064E-01 2.000E+05 0.000E+00 0.000E+00 7.665E+05
 2.79569603E+00   5915.4 8.581E+00 1.672E+11 1.396E-02 1.152E-01 2.000E+05 0.000E+00 0.000E+00 7.546E+05
 3.32086602E+00   5979.8 1.018E+01 2.102E+11 1.619E-02 1.264E-01 2.000E+05 0.000E+00 0.000E+00 7.455E+05
 3.92111397E+00   6048.0 1.200E+01 2.647E+11 1.900E-02 1.412E-01 2.000E+05 0.000E+00 0.000E+00 7.387E+05
 4.59829969E+00   6121.5 1.404E+01 3.348E+11 2.263E-02 1.609E-01 2.000E+05 0.000E+00 0.000E+00 7.339E+05
 5.34958291E+00   6202.5 1.628E+01 4.262E+11 2.747E-02 1.880E-01 2.000E+05 3.892E-11 0.000E+00 7.309E+05
 6.16514086E+00   6293.7 1.869E+01 5.482E+11 3.417E-02 2.265E-01 2.000E+05 9.875E-09 1.201E+00 7.299E+05
 7.02676738E+00   6398.3 2.120E+01 7.148E+11 4.380E-02 2.831E-01 2.000E+05 1.283E-07 7.182E+00 7.308E+05
 7.90611654E+00   6521.3 2.370E+01 9.494E+11 5.841E-02 3.701E-01 2.000E+05 1.139E-06 1.522E+01 7.342E+05
 8.76589947E+00   6666.8 2.604E+01 1.287E+12 8.157E-02 5.099E-01 2.000E+05 1.335E-05 2.955E+01 7.408E+05
 9.56453612E+00   6840.7 2.807E+01 1.783E+12 1.205E-01 7.472E-01 2.000E+05 3.259E-04 6.610E+01 7.522E+05
 1.02640784E+01   7049.1 2.963E+01 2.519E+12 1.890E-01 1.168E+00 2.000E+05 1.675E-02 1.922E+02 7.707E+05
 1.08400816E+01   7298.1 3.059E+01 3.602E+12 3.151E-01 1.939E+00 2.000E+05 1.189E+00 7.199E+02 8.002E+05
 1.12905252E+01   7590.8 3.086E+01 5.102E+12 5.460E-01 3.337E+00 2.000E+05 5.637E+01 3.057E+03 8.468E+05
 1.16360879E+01   7931.1 3.044E+01 6.931E+12 9.383E-01 5.636E+00 2.000E+05 6.274E+02 1.169E+04 9.193E+05
 1.19151544E+01   8312.6 2.935E+01 8.584E+12 1.452E+00 8.500E+00 2.000E+05 1.445E+03 2.755E+04 1.025E+06
 1.21828362E+01   8740.8 2.763E+01 9.369E+12 1.846E+00 1.049E+01 2.000E+05 1.261E+03 2.838E+04 1.172E+06
 1.25005130E+01   9206.1 2.532E+01 8.995E+12 1.848E+00 1.019E+01 2.000E+05 4.234E+02 1.545E+04 1.384E+06
 1.29642942E+01   9720.8 2.247E+01 7.868E+12 1.563E+00 8.389E+00 2.000E+05 4.081E+01 8.730E+03 1.693E+06
 1.37314205E+01  10276.6 1.931E+01 6.482E+12 1.210E+00 6.350E+00 2.000E+05 7.224E+00 6.934E+03 2.029E+06
 1.50805137E+01  10893.2 1.626E+01 5.173E+12 9.090E-01 4.696E+00 2.000E+05 4.360E+00 6.839E+03 2.398E+06
 1.74354369E+01  11573.1 1.403E+01 4.215E+12 7.111E-01 3.666E+00 2.000E+05 4.447E+00 7.476E+03 2.823E+06
 2.12792157E+01  12326.5 1.328E+01 3.779E+12 6.072E-01 3.136E+00 2.000E+05 5.335E+00 8.413E+03 3.245E+06
 2.69813397E+01  13159.5 1.403E+01 3.798E+12 5.690E-01 2.954E+00 2.000E+05 6.049E+00 8.987E+03 3.677E+06
 3.49354151E+01  14071.6 1.610E+01 4.119E+12 5.526E-01 2.869E+00 2.000E+05 6.999E+00 8.690E+03 4.098E+06
 4.56935564E+01  15067.9 1.926E+01 4.621E+12 5.508E-01 2.869E+00 2.000E+05 1.408E+01 9.741E+03 4.454E+06
 6.00334117E+01  16145.4 2.340E+01 5.246E+12 5.526E-01 2.879E+00 2.000E+05 4.894E+01 1.392E+04 4.790E+06
 7.90572780E+01  17316.8 2.854E+01 5.969E+12 5.562E-01 2.905E+00 2.000E+05 1.154E+02 2.109E+04 5.143E+06
 1.04450645E+02  18580.4 3.562E+01 6.946E+12 5.515E-01 2.862E+00 2.000E+05 1.611E+02 2.285E+04 5.471E+06
 1.38614012E+02  19949.0 4.652E+01 8.453E+12 5.471E-01 2.824E+00 2.000E+05 9.192E+04 2.025E+04 5.711E+06
 1.84072432E+02  21415.7 6.378E+01 1.080E+13 5.533E-01 2.741E+00 2.000E+05 1.837E+05 2.490E+05 5.818E+06
PRADK 3.6947E+00
BEGIN                    ITERATION  15 COMPLETED
