TEFF   5000.  GRAVITY 4.00000 LTE 
TITLE  [0.2a] VTURB=2  L/H=1.25 NOVER NEW ODF                                   
 OPACITY IFOP 1 1 1 1 1 1 1 1 1 1 1 1 1 0 1 0 0 0 0 0
 CONVECTION ON   1.25 TURBULENCE OFF  0.00  0.00  0.00  0.00
ABUNDANCE SCALE   1.58489 ABUNDANCE CHANGE 1 0.91790 2 0.07813
 ABUNDANCE CHANGE  3 -10.94  4 -10.64  5  -9.49  6  -3.52  7  -4.12  8  -2.81
 ABUNDANCE CHANGE  9  -7.48 10  -3.56 11  -5.71 12  -4.06 13  -5.57 14  -4.09
 ABUNDANCE CHANGE 15  -6.59 16  -4.31 17  -6.54 18  -5.24 19  -6.92 20  -5.28
 ABUNDANCE CHANGE 21  -8.87 22  -6.62 23  -8.04 24  -6.37 25  -6.65 26  -4.54
 ABUNDANCE CHANGE 27  -7.12 28  -5.79 29  -7.83 30  -7.44 31  -9.16 32  -8.63
 ABUNDANCE CHANGE 33  -9.67 34  -8.63 35  -9.41 36  -8.73 37  -9.44 38  -9.07
 ABUNDANCE CHANGE 39  -9.80 40  -9.44 41 -10.62 42 -10.12 43 -20.00 44 -10.20
 ABUNDANCE CHANGE 45 -10.92 46 -10.35 47 -11.10 48 -10.27 49 -10.38 50 -10.04
 ABUNDANCE CHANGE 51 -11.04 52  -9.80 53 -10.53 54  -9.87 55 -10.91 56  -9.91
 ABUNDANCE CHANGE 57 -10.87 58 -10.46 59 -11.33 60 -10.54 61 -20.00 62 -11.03
 ABUNDANCE CHANGE 63 -11.53 64 -10.92 65 -11.69 66 -10.90 67 -11.78 68 -11.11
 ABUNDANCE CHANGE 69 -12.04 70 -10.96 71 -11.98 72 -11.16 73 -12.17 74 -10.93
 ABUNDANCE CHANGE 75 -11.76 76 -10.59 77 -10.69 78 -10.24 79 -11.03 80 -10.91
 ABUNDANCE CHANGE 81 -11.14 82 -10.09 83 -11.33 84 -20.00 85 -20.00 86 -20.00
 ABUNDANCE CHANGE 87 -20.00 88 -20.00 89 -20.00 90 -11.95 91 -20.00 92 -12.54
 ABUNDANCE CHANGE 93 -20.00 94 -20.00 95 -20.00 96 -20.00 97 -20.00 98 -20.00
 ABUNDANCE CHANGE 99 -20.00
READ DECK6 72 RHOX,T,P,XNE,ABROSS,ACCRAD,VTURB, FLXCNV,VCONV,VELSND
 7.19281357E-04   3108.5 7.193E+00 1.240E+09 1.854E-04 4.837E-02 2.000E+05 0.000E+00 0.000E+00 6.177E+05
 9.45307660E-04   3128.9 9.453E+00 1.579E+09 2.081E-04 5.099E-02 2.000E+05 0.000E+00 0.000E+00 6.079E+05
 1.21213489E-03   3151.6 1.212E+01 1.993E+09 2.364E-04 5.200E-02 2.000E+05 0.000E+00 0.000E+00 6.017E+05
 1.52433747E-03   3175.2 1.524E+01 2.488E+09 2.703E-04 5.249E-02 2.000E+05 0.000E+00 0.000E+00 5.977E+05
 1.88764247E-03   3199.3 1.888E+01 3.077E+09 3.104E-04 5.277E-02 2.000E+05 0.000E+00 0.000E+00 5.953E+05
 2.30991577E-03   3223.6 2.310E+01 3.774E+09 3.556E-04 5.296E-02 2.000E+05 0.000E+00 0.000E+00 5.939E+05
 2.80196285E-03   3248.2 2.802E+01 4.602E+09 4.067E-04 5.313E-02 2.000E+05 0.000E+00 0.000E+00 5.933E+05
 3.37510220E-03   3273.1 3.375E+01 5.587E+09 4.660E-04 5.321E-02 2.000E+05 0.000E+00 0.000E+00 5.932E+05
 4.04130505E-03   3298.6 4.041E+01 6.757E+09 5.353E-04 5.315E-02 2.000E+05 0.000E+00 0.000E+00 5.936E+05
 4.81365837E-03   3324.5 4.814E+01 8.146E+09 6.167E-04 5.299E-02 2.000E+05 0.000E+00 0.000E+00 5.944E+05
 5.70542457E-03   3350.8 5.705E+01 9.788E+09 7.135E-04 5.277E-02 2.000E+05 0.000E+00 0.000E+00 5.954E+05
 6.73427157E-03   3377.0 6.734E+01 1.171E+10 8.237E-04 5.258E-02 2.000E+05 0.000E+00 0.000E+00 5.967E+05
 7.92353424E-03   3403.6 7.923E+01 1.399E+10 9.497E-04 5.247E-02 2.000E+05 0.000E+00 0.000E+00 5.982E+05
 9.30005609E-03   3430.5 9.300E+01 1.667E+10 1.094E-03 5.245E-02 2.000E+05 0.000E+00 0.000E+00 5.996E+05
 1.08926556E-02   3457.9 1.089E+02 1.983E+10 1.262E-03 5.241E-02 2.000E+05 0.000E+00 0.000E+00 6.015E+05
 1.27557957E-02   3484.6 1.276E+02 2.353E+10 1.419E-03 4.561E-02 2.000E+05 0.000E+00 0.000E+00 6.033E+05
 1.49793886E-02   3510.3 1.498E+02 2.786E+10 1.580E-03 3.771E-02 2.000E+05 0.000E+00 0.000E+00 6.049E+05
 1.76363862E-02   3535.4 1.764E+02 3.298E+10 1.767E-03 3.189E-02 2.000E+05 0.000E+00 0.000E+00 6.066E+05
 2.07988472E-02   3559.6 2.080E+02 3.896E+10 1.983E-03 2.763E-02 2.000E+05 0.000E+00 0.000E+00 6.081E+05
 2.45464322E-02   3584.7 2.455E+02 4.610E+10 2.237E-03 2.409E-02 2.000E+05 0.000E+00 0.000E+00 6.098E+05
 2.89776072E-02   3606.9 2.898E+02 5.415E+10 2.523E-03 2.173E-02 2.000E+05 0.000E+00 0.000E+00 6.111E+05
 3.41850244E-02   3633.1 3.418E+02 6.411E+10 2.882E-03 1.949E-02 2.000E+05 0.000E+00 0.000E+00 6.130E+05
 4.02354700E-02   3647.6 4.024E+02 7.377E+10 3.322E-03 2.100E-02 2.000E+05 0.000E+00 0.000E+00 6.135E+05
 4.72035355E-02   3664.8 4.720E+02 8.519E+10 3.857E-03 2.337E-02 2.000E+05 0.000E+00 0.000E+00 6.143E+05
 5.52166256E-02   3681.8 5.522E+02 9.810E+10 4.468E-03 2.605E-02 2.000E+05 0.000E+00 0.000E+00 6.152E+05
 6.44337085E-02   3699.8 6.443E+02 1.130E+11 5.185E-03 2.937E-02 2.000E+05 0.000E+00 0.000E+00 6.161E+05
 7.50172471E-02   3718.7 7.502E+02 1.302E+11 6.026E-03 3.341E-02 2.000E+05 0.000E+00 0.000E+00 6.171E+05
 8.71475604E-02   3739.1 8.715E+02 1.501E+11 7.021E-03 3.850E-02 2.000E+05 0.000E+00 0.000E+00 6.183E+05
 1.01003852E-01   3761.4 1.010E+03 1.736E+11 8.215E-03 4.511E-02 2.000E+05 0.000E+00 0.000E+00 6.200E+05
 1.16733313E-01   3786.8 1.167E+03 2.014E+11 9.680E-03 5.426E-02 2.000E+05 0.000E+00 0.000E+00 6.215E+05
 1.34525987E-01   3819.1 1.345E+03 2.366E+11 1.140E-02 6.136E-02 2.000E+05 0.000E+00 0.000E+00 6.241E+05
 1.54774148E-01   3855.6 1.548E+03 2.796E+11 1.329E-02 6.261E-02 2.000E+05 0.000E+00 0.000E+00 6.272E+05
 1.78040009E-01   3888.9 1.780E+03 3.277E+11 1.537E-02 6.391E-02 2.000E+05 0.000E+00 0.000E+00 6.299E+05
 2.04933182E-01   3920.6 2.049E+03 3.826E+11 1.770E-02 6.580E-02 2.000E+05 0.000E+00 0.000E+00 6.323E+05
 2.36128751E-01   3951.0 2.361E+03 4.454E+11 2.032E-02 6.819E-02 2.000E+05 0.000E+00 0.000E+00 6.346E+05
 2.72411740E-01   3980.3 2.724E+03 5.174E+11 2.327E-02 7.115E-02 2.000E+05 0.000E+00 0.000E+00 6.367E+05
 3.14676608E-01   4009.5 3.147E+03 6.009E+11 2.662E-02 7.452E-02 2.000E+05 0.000E+00 0.000E+00 6.387E+05
 3.64095591E-01   4038.3 3.641E+03 6.976E+11 3.026E-02 7.831E-02 2.000E+05 0.000E+00 0.000E+00 6.407E+05
 4.22179321E-01   4067.2 4.222E+03 8.106E+11 3.428E-02 8.269E-02 2.000E+05 0.000E+00 0.000E+00 6.426E+05
 4.90592463E-01   4096.5 4.906E+03 9.434E+11 3.881E-02 8.780E-02 2.000E+05 0.000E+00 0.000E+00 6.446E+05
 5.71146963E-01   4127.1 5.711E+03 1.101E+12 4.399E-02 9.382E-02 2.000E+05 0.000E+00 0.000E+00 6.466E+05
 6.65789023E-01   4159.1 6.658E+03 1.287E+12 5.000E-02 1.010E-01 2.000E+05 0.000E+00 0.000E+00 6.487E+05
 7.76371148E-01   4193.9 7.764E+03 1.511E+12 5.731E-02 1.096E-01 2.000E+05 0.000E+00 0.000E+00 6.511E+05
 9.04655540E-01   4231.4 9.046E+03 1.779E+12 6.605E-02 1.201E-01 2.000E+05 0.000E+00 0.000E+00 6.537E+05
 1.05263239E+00   4272.8 1.053E+04 2.103E+12 7.659E-02 1.329E-01 2.000E+05 0.000E+00 0.000E+00 6.568E+05
 1.22213524E+00   4319.6 1.222E+04 2.497E+12 8.948E-02 1.486E-01 2.000E+05 0.000E+00 0.000E+00 6.604E+05
 1.41530034E+00   4372.1 1.415E+04 2.979E+12 1.049E-01 1.673E-01 2.000E+05 0.000E+00 0.000E+00 6.646E+05
 1.63365778E+00   4433.5 1.634E+04 3.578E+12 1.245E-01 1.926E-01 2.000E+05 0.000E+00 0.000E+00 6.696E+05
 1.87797213E+00   4505.8 1.878E+04 4.328E+12 1.487E-01 2.235E-01 2.000E+05 0.000E+00 0.000E+00 6.755E+05
 2.15091821E+00   4590.3 2.151E+04 5.267E+12 1.771E-01 2.579E-01 2.000E+05 0.000E+00 0.000E+00 6.824E+05
 2.46104684E+00   4687.4 2.461E+04 6.441E+12 2.053E-01 2.835E-01 2.000E+05 0.000E+00 0.000E+00 6.902E+05
 2.81790752E+00   4795.6 2.818E+04 7.890E+12 2.380E-01 3.147E-01 2.000E+05 0.000E+00 0.000E+00 6.988E+05
 3.22654482E+00   4921.5 3.226E+04 9.703E+12 2.782E-01 3.574E-01 2.000E+05 0.000E+00 0.000E+00 7.092E+05
 3.69434914E+00   5069.8 3.694E+04 1.197E+13 3.227E-01 4.036E-01 2.000E+05 0.000E+00 0.000E+00 7.219E+05
 4.23577977E+00   5241.5 4.236E+04 1.478E+13 3.696E-01 4.515E-01 2.000E+05 0.000E+00 0.000E+00 7.367E+05
 4.86802825E+00   5440.5 4.868E+04 1.835E+13 4.216E-01 5.065E-01 2.000E+05 0.000E+00 0.000E+00 7.529E+05
 5.60419575E+00   5671.3 5.604E+04 2.332E+13 4.857E-01 5.760E-01 2.000E+05 0.000E+00 0.000E+00 7.697E+05
 6.43471922E+00   5938.0 6.434E+04 3.167E+13 5.945E-01 7.016E-01 2.000E+05 1.194E+04 0.000E+00 7.861E+05
 7.29573170E+00   6244.8 7.295E+04 4.827E+13 8.080E-01 9.503E-01 2.000E+05 1.530E+06 7.291E+03 8.017E+05
 8.08849613E+00   6597.7 8.088E+04 8.321E+13 1.244E+00 1.451E+00 2.000E+05 2.547E+07 3.553E+04 8.155E+05
 8.74072156E+00   6991.7 8.740E+04 1.544E+14 2.100E+00 2.354E+00 2.000E+05 1.425E+08 8.500E+04 8.264E+05
 9.24676810E+00   7401.3 9.246E+04 2.846E+14 3.621E+00 3.535E+00 2.000E+05 4.828E+08 1.336E+05 8.328E+05
 9.65039950E+00   7766.0 9.650E+04 4.726E+14 5.831E+00 4.295E+00 2.000E+05 1.050E+09 1.816E+05 8.363E+05
 1.00000913E+01   8067.7 9.999E+04 6.999E+14 8.579E+00 4.323E+00 2.000E+05 1.607E+09 2.035E+05 8.392E+05
 1.03308178E+01   8310.8 1.033E+05 9.454E+14 1.167E+01 4.047E+00 2.000E+05 1.988E+09 2.101E+05 8.422E+05
 1.06618026E+01   8526.0 1.066E+05 1.220E+15 1.526E+01 3.790E+00 2.000E+05 2.226E+09 2.121E+05 8.458E+05
 1.10055243E+01   8717.4 1.100E+05 1.518E+15 1.930E+01 3.523E+00 2.000E+05 2.384E+09 2.104E+05 8.499E+05
 1.13711093E+01   8898.0 1.137E+05 1.853E+15 2.403E+01 3.317E+00 2.000E+05 2.491E+09 2.092E+05 8.544E+05
 1.17656735E+01   9070.1 1.176E+05 2.229E+15 2.948E+01 3.082E+00 2.000E+05 2.569E+09 2.049E+05 8.594E+05
 1.21974620E+01   9234.2 1.220E+05 2.647E+15 3.572E+01 2.911E+00 2.000E+05 2.627E+09 2.035E+05 8.648E+05
 1.26722966E+01   9401.7 1.267E+05 3.139E+15 4.327E+01 2.713E+00 2.000E+05 2.668E+09 1.979E+05 8.710E+05
 1.32003102E+01   9555.8 1.320E+05 3.663E+15 5.146E+01 2.710E+00 2.000E+05 2.696E+09 1.965E+05 8.773E+05
PRADK 8.3478E-01
BEGIN                    ITERATION  15 COMPLETED
