TEFF   4000.  GRAVITY 2.50000 LTE 
TITLE  [0.2a] VTURB=2  L/H=1.25 NOVER NEW ODF                                   
 OPACITY IFOP 1 1 1 1 1 1 1 1 1 1 1 1 1 0 1 0 0 0 0 0
 CONVECTION ON   1.25 TURBULENCE OFF  0.00  0.00  0.00  0.00
ABUNDANCE SCALE   1.58489 ABUNDANCE CHANGE 1 0.91790 2 0.07813
 ABUNDANCE CHANGE  3 -10.94  4 -10.64  5  -9.49  6  -3.52  7  -4.12  8  -2.81
 ABUNDANCE CHANGE  9  -7.48 10  -3.56 11  -5.71 12  -4.06 13  -5.57 14  -4.09
 ABUNDANCE CHANGE 15  -6.59 16  -4.31 17  -6.54 18  -5.24 19  -6.92 20  -5.28
 ABUNDANCE CHANGE 21  -8.87 22  -6.62 23  -8.04 24  -6.37 25  -6.65 26  -4.54
 ABUNDANCE CHANGE 27  -7.12 28  -5.79 29  -7.83 30  -7.44 31  -9.16 32  -8.63
 ABUNDANCE CHANGE 33  -9.67 34  -8.63 35  -9.41 36  -8.73 37  -9.44 38  -9.07
 ABUNDANCE CHANGE 39  -9.80 40  -9.44 41 -10.62 42 -10.12 43 -20.00 44 -10.20
 ABUNDANCE CHANGE 45 -10.92 46 -10.35 47 -11.10 48 -10.27 49 -10.38 50 -10.04
 ABUNDANCE CHANGE 51 -11.04 52  -9.80 53 -10.53 54  -9.87 55 -10.91 56  -9.91
 ABUNDANCE CHANGE 57 -10.87 58 -10.46 59 -11.33 60 -10.54 61 -20.00 62 -11.03
 ABUNDANCE CHANGE 63 -11.53 64 -10.92 65 -11.69 66 -10.90 67 -11.78 68 -11.11
 ABUNDANCE CHANGE 69 -12.04 70 -10.96 71 -11.98 72 -11.16 73 -12.17 74 -10.93
 ABUNDANCE CHANGE 75 -11.76 76 -10.59 77 -10.69 78 -10.24 79 -11.03 80 -10.91
 ABUNDANCE CHANGE 81 -11.14 82 -10.09 83 -11.33 84 -20.00 85 -20.00 86 -20.00
 ABUNDANCE CHANGE 87 -20.00 88 -20.00 89 -20.00 90 -11.95 91 -20.00 92 -12.54
 ABUNDANCE CHANGE 93 -20.00 94 -20.00 95 -20.00 96 -20.00 97 -20.00 98 -20.00
 ABUNDANCE CHANGE 99 -20.00
READ DECK6 72 RHOX,T,P,XNE,ABROSS,ACCRAD,VTURB, FLXCNV,VCONV,VELSND
 1.99438539E-03   2540.3 6.306E-01 3.350E+07 6.686E-05 1.708E-02 2.000E+05 0.000E+00 0.000E+00 6.726E+05
 2.63818237E-03   2566.1 8.342E-01 4.460E+07 7.130E-05 1.632E-02 2.000E+05 0.000E+00 0.000E+00 6.377E+05
 3.44539816E-03   2590.3 1.089E+00 5.852E+07 7.564E-05 1.559E-02 2.000E+05 0.000E+00 0.000E+00 6.112E+05
 4.44944767E-03   2614.3 1.407E+00 7.601E+07 8.190E-05 1.481E-02 2.000E+05 0.000E+00 0.000E+00 5.912E+05
 5.68780796E-03   2639.0 1.799E+00 9.809E+07 8.840E-05 1.402E-02 2.000E+05 0.000E+00 0.000E+00 5.765E+05
 7.21088173E-03   2663.3 2.280E+00 1.256E+08 9.623E-05 1.319E-02 2.000E+05 0.000E+00 0.000E+00 5.655E+05
 9.09742602E-03   2687.3 2.877E+00 1.600E+08 1.026E-04 1.243E-02 2.000E+05 0.000E+00 0.000E+00 5.571E+05
 1.14406276E-02   2710.9 3.618E+00 2.029E+08 1.109E-04 1.170E-02 2.000E+05 0.000E+00 0.000E+00 5.506E+05
 1.43173410E-02   2734.3 4.527E+00 2.561E+08 1.210E-04 1.104E-02 2.000E+05 0.000E+00 0.000E+00 5.459E+05
 1.78365899E-02   2758.0 5.640E+00 3.223E+08 1.318E-04 1.048E-02 2.000E+05 0.000E+00 0.000E+00 5.425E+05
 2.20972015E-02   2781.5 6.987E+00 4.034E+08 1.467E-04 9.939E-03 2.000E+05 0.000E+00 0.000E+00 5.402E+05
 2.72382108E-02   2804.0 8.613E+00 5.015E+08 1.607E-04 9.481E-03 2.000E+05 0.000E+00 0.000E+00 5.386E+05
 3.35064971E-02   2826.0 1.060E+01 6.210E+08 1.758E-04 9.072E-03 2.000E+05 0.000E+00 0.000E+00 5.375E+05
 4.10581630E-02   2847.5 1.298E+01 7.652E+08 1.966E-04 8.696E-03 2.000E+05 0.000E+00 0.000E+00 5.367E+05
 5.00933176E-02   2868.8 1.584E+01 9.387E+08 2.183E-04 8.392E-03 2.000E+05 0.000E+00 0.000E+00 5.364E+05
 6.09320244E-02   2890.3 1.927E+01 1.149E+09 2.432E-04 8.130E-03 2.000E+05 0.000E+00 0.000E+00 5.364E+05
 7.38090669E-02   2911.9 2.334E+01 1.402E+09 2.748E-04 7.884E-03 2.000E+05 0.000E+00 0.000E+00 5.367E+05
 8.91030369E-02   2932.8 2.818E+01 1.701E+09 3.065E-04 7.658E-03 2.000E+05 0.000E+00 0.000E+00 5.371E+05
 1.07377693E-01   2953.4 3.395E+01 2.059E+09 3.426E-04 7.440E-03 2.000E+05 0.000E+00 0.000E+00 5.375E+05
 1.29014114E-01   2973.6 4.080E+01 2.482E+09 3.885E-04 7.235E-03 2.000E+05 0.000E+00 0.000E+00 5.380E+05
 1.54533150E-01   2993.7 4.887E+01 2.983E+09 4.373E-04 7.058E-03 2.000E+05 0.000E+00 0.000E+00 5.386E+05
 1.84881380E-01   3013.9 5.846E+01 3.581E+09 4.896E-04 6.904E-03 2.000E+05 0.000E+00 0.000E+00 5.392E+05
 2.20698935E-01   3034.4 6.979E+01 4.293E+09 5.577E-04 6.796E-03 2.000E+05 0.000E+00 0.000E+00 5.400E+05
 2.62635624E-01   3054.3 8.305E+01 5.122E+09 6.343E-04 6.717E-03 2.000E+05 0.000E+00 0.000E+00 5.407E+05
 3.12112813E-01   3073.8 9.870E+01 6.095E+09 7.139E-04 6.652E-03 2.000E+05 0.000E+00 0.000E+00 5.413E+05
 3.70131864E-01   3092.4 1.170E+02 7.222E+09 8.192E-04 6.618E-03 2.000E+05 0.000E+00 0.000E+00 5.418E+05
 4.37689400E-01   3110.9 1.384E+02 8.529E+09 9.354E-04 6.615E-03 2.000E+05 0.000E+00 0.000E+00 5.422E+05
 5.16845064E-01   3129.4 1.634E+02 1.006E+10 1.061E-03 6.629E-03 2.000E+05 0.000E+00 0.000E+00 5.427E+05
 6.10188226E-01   3148.2 1.930E+02 1.187E+10 1.198E-03 6.654E-03 2.000E+05 0.000E+00 0.000E+00 5.432E+05
 7.20340414E-01   3167.6 2.278E+02 1.401E+10 1.356E-03 6.704E-03 2.000E+05 0.000E+00 0.000E+00 5.438E+05
 8.49214618E-01   3187.0 2.685E+02 1.652E+10 1.555E-03 6.816E-03 2.000E+05 0.000E+00 0.000E+00 5.444E+05
 9.99915691E-01   3206.6 3.162E+02 1.945E+10 1.764E-03 6.909E-03 2.000E+05 0.000E+00 0.000E+00 5.450E+05
 1.17542334E+00   3225.8 3.717E+02 2.285E+10 2.036E-03 7.036E-03 2.000E+05 0.000E+00 0.000E+00 5.455E+05
 1.37896888E+00   3245.5 4.361E+02 2.682E+10 2.330E-03 7.160E-03 2.000E+05 0.000E+00 0.000E+00 5.462E+05
 1.61700896E+00   3266.0 5.113E+02 3.152E+10 2.649E-03 7.272E-03 2.000E+05 0.000E+00 0.000E+00 5.470E+05
 1.89715769E+00   3287.5 5.999E+02 3.713E+10 2.993E-03 7.377E-03 2.000E+05 0.000E+00 0.000E+00 5.480E+05
 2.22891619E+00   3310.3 7.048E+02 4.390E+10 3.365E-03 7.474E-03 2.000E+05 0.000E+00 0.000E+00 5.491E+05
 2.61743706E+00   3333.9 8.277E+02 5.196E+10 3.875E-03 7.727E-03 2.000E+05 0.000E+00 0.000E+00 5.504E+05
 3.06956144E+00   3358.6 9.707E+02 6.156E+10 4.422E-03 7.954E-03 2.000E+05 0.000E+00 0.000E+00 5.520E+05
 3.59545464E+00   3383.9 1.137E+03 7.295E+10 5.090E-03 8.216E-03 2.000E+05 0.000E+00 0.000E+00 5.536E+05
 4.20565299E+00   3410.8 1.330E+03 8.666E+10 5.836E-03 8.491E-03 2.000E+05 0.000E+00 0.000E+00 5.556E+05
 4.91754710E+00   3439.8 1.555E+03 1.034E+11 6.649E-03 8.787E-03 2.000E+05 0.000E+00 0.000E+00 5.580E+05
 5.75368809E+00   3472.2 1.819E+03 1.243E+11 7.517E-03 8.987E-03 2.000E+05 0.000E+00 0.000E+00 5.610E+05
 6.75217608E+00   3505.1 2.135E+03 1.498E+11 8.312E-03 8.695E-03 2.000E+05 0.000E+00 0.000E+00 5.640E+05
 7.95574403E+00   3536.0 2.516E+03 1.799E+11 9.206E-03 8.774E-03 2.000E+05 0.000E+00 0.000E+00 5.664E+05
 9.40267684E+00   3569.6 2.973E+03 2.176E+11 1.023E-02 9.024E-03 2.000E+05 0.000E+00 0.000E+00 5.691E+05
 1.11280635E+01   3605.4 3.519E+03 2.646E+11 1.153E-02 9.510E-03 2.000E+05 0.000E+00 0.000E+00 5.723E+05
 1.31085568E+01   3653.5 4.145E+03 3.300E+11 1.392E-02 1.081E-02 2.000E+05 0.000E+00 0.000E+00 5.779E+05
 1.52168400E+01   3707.8 4.812E+03 4.129E+11 1.799E-02 1.341E-02 2.000E+05 0.000E+00 0.000E+00 5.850E+05
 1.73539061E+01   3777.0 5.488E+03 5.274E+11 2.383E-02 1.711E-02 2.000E+05 0.000E+00 0.000E+00 5.951E+05
 1.95332072E+01   3861.6 6.177E+03 6.875E+11 3.071E-02 2.062E-02 2.000E+05 0.000E+00 0.000E+00 6.077E+05
 2.18228195E+01   3951.6 6.901E+03 8.942E+11 3.848E-02 2.408E-02 2.000E+05 0.000E+00 0.000E+00 6.203E+05
 2.42777750E+01   4058.4 7.677E+03 1.183E+12 4.762E-02 2.820E-02 2.000E+05 0.000E+00 0.000E+00 6.342E+05
 2.69229933E+01   4176.7 8.513E+03 1.563E+12 5.909E-02 3.327E-02 2.000E+05 0.000E+00 0.000E+00 6.481E+05
 2.97347211E+01   4313.5 9.402E+03 2.065E+12 7.487E-02 4.002E-02 2.000E+05 7.865E-01 0.000E+00 6.620E+05
 3.26847130E+01   4469.7 1.034E+04 2.693E+12 9.469E-02 4.897E-02 2.000E+05 1.617E+01 5.025E+02 6.756E+05
 3.58654174E+01   4649.3 1.134E+04 3.457E+12 1.146E-01 5.742E-02 2.000E+05 6.498E+01 1.309E+03 6.899E+05
 3.94932508E+01   4850.8 1.249E+04 4.343E+12 1.300E-01 6.284E-02 2.000E+05 1.330E+02 1.728E+03 7.070E+05
 4.37918643E+01   5081.3 1.385E+04 5.367E+12 1.454E-01 6.952E-02 2.000E+05 2.272E+02 1.901E+03 7.274E+05
 4.89692542E+01   5342.8 1.548E+04 6.633E+12 1.601E-01 7.608E-02 2.000E+05 1.234E+03 2.344E+03 7.481E+05
 5.50667548E+01   5642.6 1.741E+04 8.846E+12 1.892E-01 9.009E-02 2.000E+05 4.109E+04 5.002E+03 7.671E+05
 6.14204447E+01   5980.2 1.942E+04 1.402E+13 2.651E-01 1.264E-01 2.000E+05 1.595E+06 1.655E+04 7.835E+05
 6.69349302E+01   6359.7 2.116E+04 2.624E+13 4.416E-01 2.089E-01 2.000E+05 1.386E+07 5.460E+04 7.963E+05
 7.11001667E+01   6772.8 2.248E+04 5.268E+13 8.106E-01 3.604E-01 2.000E+05 8.465E+07 1.018E+05 8.036E+05
 7.41127397E+01   7179.6 2.343E+04 1.006E+14 1.477E+00 5.346E-01 2.000E+05 2.834E+08 1.748E+05 8.062E+05
 7.64277085E+01   7520.8 2.416E+04 1.664E+14 2.425E+00 6.018E-01 2.000E+05 5.582E+08 2.254E+05 8.076E+05
 7.84342486E+01   7779.7 2.479E+04 2.381E+14 3.519E+00 5.657E-01 2.000E+05 7.703E+08 2.387E+05 8.098E+05
 8.03607130E+01   7985.9 2.540E+04 3.125E+14 4.718E+00 5.192E-01 2.000E+05 8.915E+08 2.420E+05 8.126E+05
 8.23131502E+01   8169.4 2.602E+04 3.943E+14 6.105E+00 4.781E-01 2.000E+05 9.682E+08 2.412E+05 8.162E+05
 8.43606795E+01   8331.3 2.667E+04 4.810E+14 7.654E+00 4.419E-01 2.000E+05 1.017E+09 2.399E+05 8.202E+05
 8.65454696E+01   8489.4 2.736E+04 5.803E+14 9.515E+00 4.078E-01 2.000E+05 1.053E+09 2.351E+05 8.249E+05
 8.89224023E+01   8630.4 2.811E+04 6.836E+14 1.153E+01 4.089E-01 2.000E+05 1.070E+09 2.350E+05 8.298E+05
PRADK 3.4028E-01
BEGIN                    ITERATION  15 COMPLETED
