TEFF   6500.  GRAVITY 4.00000 LTE 
TITLE  [0.2a] VTURB=2  L/H=1.25 NOVER NEW ODF                                   
 OPACITY IFOP 1 1 1 1 1 1 1 1 1 1 1 1 1 0 1 0 0 0 0 0
 CONVECTION ON   1.25 TURBULENCE OFF  0.00  0.00  0.00  0.00
ABUNDANCE SCALE   1.58489 ABUNDANCE CHANGE 1 0.91790 2 0.07813
 ABUNDANCE CHANGE  3 -10.94  4 -10.64  5  -9.49  6  -3.52  7  -4.12  8  -2.81
 ABUNDANCE CHANGE  9  -7.48 10  -3.56 11  -5.71 12  -4.06 13  -5.57 14  -4.09
 ABUNDANCE CHANGE 15  -6.59 16  -4.31 17  -6.54 18  -5.24 19  -6.92 20  -5.28
 ABUNDANCE CHANGE 21  -8.87 22  -6.62 23  -8.04 24  -6.37 25  -6.65 26  -4.54
 ABUNDANCE CHANGE 27  -7.12 28  -5.79 29  -7.83 30  -7.44 31  -9.16 32  -8.63
 ABUNDANCE CHANGE 33  -9.67 34  -8.63 35  -9.41 36  -8.73 37  -9.44 38  -9.07
 ABUNDANCE CHANGE 39  -9.80 40  -9.44 41 -10.62 42 -10.12 43 -20.00 44 -10.20
 ABUNDANCE CHANGE 45 -10.92 46 -10.35 47 -11.10 48 -10.27 49 -10.38 50 -10.04
 ABUNDANCE CHANGE 51 -11.04 52  -9.80 53 -10.53 54  -9.87 55 -10.91 56  -9.91
 ABUNDANCE CHANGE 57 -10.87 58 -10.46 59 -11.33 60 -10.54 61 -20.00 62 -11.03
 ABUNDANCE CHANGE 63 -11.53 64 -10.92 65 -11.69 66 -10.90 67 -11.78 68 -11.11
 ABUNDANCE CHANGE 69 -12.04 70 -10.96 71 -11.98 72 -11.16 73 -12.17 74 -10.93
 ABUNDANCE CHANGE 75 -11.76 76 -10.59 77 -10.69 78 -10.24 79 -11.03 80 -10.91
 ABUNDANCE CHANGE 81 -11.14 82 -10.09 83 -11.33 84 -20.00 85 -20.00 86 -20.00
 ABUNDANCE CHANGE 87 -20.00 88 -20.00 89 -20.00 90 -11.95 91 -20.00 92 -12.54
 ABUNDANCE CHANGE 93 -20.00 94 -20.00 95 -20.00 96 -20.00 97 -20.00 98 -20.00
 ABUNDANCE CHANGE 99 -20.00
READ DECK6 72 RHOX,T,P,XNE,ABROSS,ACCRAD,VTURB, FLXCNV,VCONV,VELSND
 3.73854255E-04   4092.5 3.738E+00 2.216E+09 3.567E-04 1.686E-01 2.000E+05 0.000E+00 0.000E+00 9.307E+05
 4.92217629E-04   4113.3 4.922E+00 2.889E+09 3.948E-04 1.785E-01 2.000E+05 0.000E+00 0.000E+00 8.748E+05
 6.34657512E-04   4134.8 6.346E+00 3.693E+09 4.379E-04 1.840E-01 2.000E+05 0.000E+00 0.000E+00 8.332E+05
 8.05732298E-04   4158.3 8.057E+00 4.650E+09 4.867E-04 1.864E-01 2.000E+05 0.000E+00 0.000E+00 8.017E+05
 1.01066896E-03   4183.3 1.011E+01 5.788E+09 5.422E-04 1.879E-01 2.000E+05 0.000E+00 0.000E+00 7.776E+05
 1.25548696E-03   4209.8 1.255E+01 7.139E+09 6.063E-04 1.912E-01 2.000E+05 0.000E+00 0.000E+00 7.591E+05
 1.54720657E-03   4237.7 1.547E+01 8.738E+09 6.790E-04 1.918E-01 2.000E+05 0.000E+00 0.000E+00 7.448E+05
 1.89430224E-03   4266.3 1.894E+01 1.063E+10 7.616E-04 1.904E-01 2.000E+05 0.000E+00 0.000E+00 7.338E+05
 2.30660184E-03   4295.3 2.307E+01 1.286E+10 8.557E-04 1.872E-01 2.000E+05 0.000E+00 0.000E+00 7.253E+05
 2.79553261E-03   4324.1 2.795E+01 1.549E+10 9.630E-04 1.831E-01 2.000E+05 0.000E+00 0.000E+00 7.187E+05
 3.37431162E-03   4352.7 3.374E+01 1.859E+10 1.086E-03 1.791E-01 2.000E+05 0.000E+00 0.000E+00 7.137E+05
 4.05596385E-03   4381.1 4.056E+01 2.222E+10 1.234E-03 1.794E-01 2.000E+05 0.000E+00 0.000E+00 7.099E+05
 4.85459224E-03   4409.6 4.855E+01 2.645E+10 1.407E-03 1.815E-01 2.000E+05 0.000E+00 0.000E+00 7.072E+05
 5.78846375E-03   4438.0 5.788E+01 3.137E+10 1.604E-03 1.830E-01 2.000E+05 0.000E+00 0.000E+00 7.053E+05
 6.88076102E-03   4466.2 6.881E+01 3.710E+10 1.829E-03 1.844E-01 2.000E+05 0.000E+00 0.000E+00 7.041E+05
 8.15829983E-03   4494.4 8.158E+01 4.377E+10 2.085E-03 1.857E-01 2.000E+05 0.000E+00 0.000E+00 7.034E+05
 9.65260126E-03   4522.5 9.652E+01 5.153E+10 2.378E-03 1.870E-01 2.000E+05 0.000E+00 0.000E+00 7.032E+05
 1.13985316E-02   4550.9 1.140E+02 6.056E+10 2.716E-03 1.902E-01 2.000E+05 0.000E+00 0.000E+00 7.033E+05
 1.34383402E-02   4579.8 1.344E+02 7.108E+10 3.096E-03 1.925E-01 2.000E+05 0.000E+00 0.000E+00 7.038E+05
 1.58324665E-02   4609.2 1.583E+02 8.338E+10 3.508E-03 1.912E-01 2.000E+05 0.000E+00 0.000E+00 7.046E+05
 1.86487573E-02   4639.2 1.865E+02 9.780E+10 3.979E-03 1.893E-01 2.000E+05 0.000E+00 0.000E+00 7.056E+05
 2.19587641E-02   4669.9 2.196E+02 1.147E+11 4.516E-03 1.866E-01 2.000E+05 0.000E+00 0.000E+00 7.068E+05
 2.58466117E-02   4700.8 2.585E+02 1.345E+11 5.129E-03 1.833E-01 2.000E+05 0.000E+00 0.000E+00 7.082E+05
 3.04112238E-02   4732.2 3.041E+02 1.577E+11 5.827E-03 1.796E-01 2.000E+05 0.000E+00 0.000E+00 7.097E+05
 3.57651121E-02   4763.7 3.576E+02 1.848E+11 6.631E-03 1.771E-01 2.000E+05 0.000E+00 0.000E+00 7.114E+05
 4.20303808E-02   4795.4 4.203E+02 2.165E+11 7.567E-03 1.767E-01 2.000E+05 0.000E+00 0.000E+00 7.131E+05
 4.93352930E-02   4827.3 4.933E+02 2.534E+11 8.672E-03 1.803E-01 2.000E+05 0.000E+00 0.000E+00 7.149E+05
 5.78381843E-02   4859.8 5.784E+02 2.962E+11 9.926E-03 1.836E-01 2.000E+05 0.000E+00 0.000E+00 7.169E+05
 6.77483563E-02   4892.8 6.775E+02 3.462E+11 1.135E-02 1.867E-01 2.000E+05 0.000E+00 0.000E+00 7.189E+05
 7.93080411E-02   4926.1 7.931E+02 4.044E+11 1.297E-02 1.896E-01 2.000E+05 0.000E+00 0.000E+00 7.209E+05
 9.28008112E-02   4959.5 9.280E+02 4.723E+11 1.482E-02 1.927E-01 2.000E+05 0.000E+00 0.000E+00 7.230E+05
 1.08559876E-01   4993.0 1.086E+03 5.515E+11 1.692E-02 1.971E-01 2.000E+05 0.000E+00 0.000E+00 7.252E+05
 1.26958692E-01   5026.7 1.270E+03 6.440E+11 1.933E-02 2.044E-01 2.000E+05 0.000E+00 0.000E+00 7.273E+05
 1.48415572E-01   5060.9 1.484E+03 7.518E+11 2.212E-02 2.141E-01 2.000E+05 0.000E+00 0.000E+00 7.295E+05
 1.73436934E-01   5096.1 1.734E+03 8.780E+11 2.528E-02 2.242E-01 2.000E+05 0.000E+00 0.000E+00 7.318E+05
 2.02636978E-01   5132.2 2.026E+03 1.026E+12 2.888E-02 2.348E-01 2.000E+05 0.000E+00 0.000E+00 7.341E+05
 2.36728536E-01   5169.3 2.367E+03 1.199E+12 3.298E-02 2.461E-01 2.000E+05 0.000E+00 0.000E+00 7.365E+05
 2.76542758E-01   5207.0 2.765E+03 1.402E+12 3.765E-02 2.584E-01 2.000E+05 0.000E+00 0.000E+00 7.390E+05
 3.23046600E-01   5245.7 3.230E+03 1.641E+12 4.300E-02 2.723E-01 2.000E+05 0.000E+00 0.000E+00 7.415E+05
 3.77286280E-01   5285.4 3.773E+03 1.922E+12 4.921E-02 2.901E-01 2.000E+05 0.000E+00 0.000E+00 7.441E+05
 4.40459634E-01   5326.6 4.404E+03 2.253E+12 5.636E-02 3.103E-01 2.000E+05 0.000E+00 0.000E+00 7.467E+05
 5.14005368E-01   5369.3 5.140E+03 2.643E+12 6.459E-02 3.334E-01 2.000E+05 0.000E+00 0.000E+00 7.494E+05
 5.99369565E-01   5414.1 5.994E+03 3.105E+12 7.437E-02 3.648E-01 2.000E+05 0.000E+00 0.000E+00 7.522E+05
 6.98181257E-01   5462.9 6.982E+03 3.658E+12 8.571E-02 4.004E-01 2.000E+05 0.000E+00 0.000E+00 7.553E+05
 8.12444834E-01   5516.1 8.124E+03 4.325E+12 9.891E-02 4.411E-01 2.000E+05 0.000E+00 0.000E+00 7.585E+05
 9.44345902E-01   5574.7 9.443E+03 5.141E+12 1.144E-01 4.885E-01 2.000E+05 0.000E+00 0.000E+00 7.620E+05
 1.09602591E+00   5640.6 1.096E+04 6.158E+12 1.331E-01 5.467E-01 2.000E+05 0.000E+00 0.000E+00 7.658E+05
 1.26936984E+00   5715.5 1.269E+04 7.453E+12 1.558E-01 6.183E-01 2.000E+05 0.000E+00 0.000E+00 7.700E+05
 1.46545010E+00   5802.3 1.465E+04 9.157E+12 1.850E-01 7.133E-01 2.000E+05 0.000E+00 0.000E+00 7.746E+05
 1.68385448E+00   5902.6 1.684E+04 1.146E+13 2.234E-01 8.416E-01 2.000E+05 0.000E+00 0.000E+00 7.796E+05
 1.92272931E+00   6021.5 1.923E+04 1.475E+13 2.752E-01 1.013E+00 2.000E+05 0.000E+00 0.000E+00 7.851E+05
 2.17854267E+00   6160.5 2.178E+04 1.958E+13 3.469E-01 1.247E+00 2.000E+05 0.000E+00 0.000E+00 7.909E+05
 2.44383488E+00   6323.8 2.444E+04 2.699E+13 4.555E-01 1.615E+00 2.000E+05 0.000E+00 0.000E+00 7.968E+05
 2.70813708E+00   6517.3 2.708E+04 3.889E+13 6.215E-01 2.172E+00 2.000E+05 9.020E+01 0.000E+00 8.025E+05
 2.96101094E+00   6743.0 2.961E+04 5.841E+13 8.859E-01 3.070E+00 2.000E+05 6.787E+03 1.902E+03 8.074E+05
 3.19105588E+00   7013.1 3.191E+04 9.232E+13 1.336E+00 4.606E+00 2.000E+05 2.947E+05 7.678E+03 8.112E+05
 3.38971639E+00   7324.4 3.389E+04 1.507E+14 2.114E+00 7.317E+00 2.000E+05 8.203E+06 2.577E+04 8.137E+05
 3.55103671E+00   7701.2 3.550E+04 2.587E+14 3.607E+00 1.259E+01 2.000E+05 5.699E+07 7.382E+04 8.161E+05
 3.67045170E+00   8161.2 3.670E+04 4.664E+14 6.756E+00 2.256E+01 2.000E+05 5.033E+08 1.224E+05 8.215E+05
 3.75637912E+00   8604.0 3.755E+04 7.730E+14 1.211E+01 3.263E+01 2.000E+05 1.813E+09 2.497E+05 8.319E+05
 3.82570454E+00   8939.2 3.824E+04 1.095E+15 1.851E+01 3.404E+01 2.000E+05 3.587E+09 3.178E+05 8.438E+05
 3.89019370E+00   9191.7 3.889E+04 1.398E+15 2.521E+01 3.062E+01 2.000E+05 5.031E+09 3.435E+05 8.551E+05
 3.95523038E+00   9407.8 3.954E+04 1.705E+15 3.252E+01 2.705E+01 2.000E+05 5.991E+09 3.574E+05 8.664E+05
 4.02381667E+00   9600.4 4.022E+04 2.019E+15 4.045E+01 2.400E+01 2.000E+05 6.606E+09 3.635E+05 8.776E+05
 4.09817606E+00   9781.0 4.096E+04 2.350E+15 4.926E+01 2.160E+01 2.000E+05 6.994E+09 3.657E+05 8.891E+05
 4.18034049E+00   9952.9 4.178E+04 2.700E+15 5.900E+01 1.983E+01 2.000E+05 7.252E+09 3.671E+05 9.010E+05
 4.27230404E+00  10124.8 4.270E+04 3.086E+15 6.998E+01 1.830E+01 2.000E+05 7.428E+09 3.664E+05 9.137E+05
 4.37634923E+00  10292.8 4.374E+04 3.501E+15 8.205E+01 1.709E+01 2.000E+05 7.558E+09 3.668E+05 9.269E+05
 4.49471971E+00  10469.0 4.492E+04 3.975E+15 9.615E+01 1.601E+01 2.000E+05 7.657E+09 3.656E+05 9.416E+05
 4.63023058E+00  10641.1 4.627E+04 4.481E+15 1.114E+02 1.507E+01 2.000E+05 7.731E+09 3.658E+05 9.567E+05
 4.78578881E+00  10829.6 4.783E+04 5.077E+15 1.297E+02 1.427E+01 2.000E+05 7.792E+09 3.643E+05 9.742E+05
 4.96535873E+00  11010.5 4.962E+04 5.704E+15 1.489E+02 1.415E+01 2.000E+05 7.827E+09 3.650E+05 9.917E+05
PRADK 2.3858E+00
BEGIN                    ITERATION  15 COMPLETED
