TEFF   5500.  GRAVITY 0.00000 LTE 
TITLE  [0.2a] VTURB=2  L/H=1.25 NOVER NEW ODF                                   
 OPACITY IFOP 1 1 1 1 1 1 1 1 1 1 1 1 1 0 1 0 0 0 0 0
 CONVECTION ON   1.25 TURBULENCE OFF  0.00  0.00  0.00  0.00
ABUNDANCE SCALE   1.58489 ABUNDANCE CHANGE 1 0.91790 2 0.07813
 ABUNDANCE CHANGE  3 -10.94  4 -10.64  5  -9.49  6  -3.52  7  -4.12  8  -2.81
 ABUNDANCE CHANGE  9  -7.48 10  -3.56 11  -5.71 12  -4.06 13  -5.57 14  -4.09
 ABUNDANCE CHANGE 15  -6.59 16  -4.31 17  -6.54 18  -5.24 19  -6.92 20  -5.28
 ABUNDANCE CHANGE 21  -8.87 22  -6.62 23  -8.04 24  -6.37 25  -6.65 26  -4.54
 ABUNDANCE CHANGE 27  -7.12 28  -5.79 29  -7.83 30  -7.44 31  -9.16 32  -8.63
 ABUNDANCE CHANGE 33  -9.67 34  -8.63 35  -9.41 36  -8.73 37  -9.44 38  -9.07
 ABUNDANCE CHANGE 39  -9.80 40  -9.44 41 -10.62 42 -10.12 43 -20.00 44 -10.20
 ABUNDANCE CHANGE 45 -10.92 46 -10.35 47 -11.10 48 -10.27 49 -10.38 50 -10.04
 ABUNDANCE CHANGE 51 -11.04 52  -9.80 53 -10.53 54  -9.87 55 -10.91 56  -9.91
 ABUNDANCE CHANGE 57 -10.87 58 -10.46 59 -11.33 60 -10.54 61 -20.00 62 -11.03
 ABUNDANCE CHANGE 63 -11.53 64 -10.92 65 -11.69 66 -10.90 67 -11.78 68 -11.11
 ABUNDANCE CHANGE 69 -12.04 70 -10.96 71 -11.98 72 -11.16 73 -12.17 74 -10.93
 ABUNDANCE CHANGE 75 -11.76 76 -10.59 77 -10.69 78 -10.24 79 -11.03 80 -10.91
 ABUNDANCE CHANGE 81 -11.14 82 -10.09 83 -11.33 84 -20.00 85 -20.00 86 -20.00
 ABUNDANCE CHANGE 87 -20.00 88 -20.00 89 -20.00 90 -11.95 91 -20.00 92 -12.54
 ABUNDANCE CHANGE 93 -20.00 94 -20.00 95 -20.00 96 -20.00 97 -20.00 98 -20.00
 ABUNDANCE CHANGE 99 -20.00
READ DECK6 72 RHOX,T,P,XNE,ABROSS,ACCRAD,VTURB, FLXCNV,VCONV,VELSND
 1.21297891E-03   2727.0 1.191E-03 7.143E+05 1.099E-04 1.845E-02 2.000E+05 0.000E+00 0.000E+00 2.136E+07
 1.60867103E-03   2764.3 1.579E-03 9.678E+05 1.149E-04 1.813E-02 2.000E+05 0.000E+00 0.000E+00 1.866E+07
 2.11322439E-03   2803.5 2.075E-03 1.301E+06 1.202E-04 1.729E-02 2.000E+05 0.000E+00 0.000E+00 1.636E+07
 2.75522978E-03   2844.5 2.706E-03 1.736E+06 1.262E-04 1.660E-02 2.000E+05 0.000E+00 1.982E+07 1.440E+07
 3.56948789E-03   2888.8 3.507E-03 2.305E+06 1.328E-04 1.591E-02 2.000E+05 0.000E+00 1.631E+07 1.270E+07
 4.59872596E-03   2940.8 4.521E-03 3.056E+06 1.403E-04 1.428E-02 2.000E+05 0.000E+00 1.301E+07 1.121E+07
 5.90281359E-03   2989.1 5.807E-03 3.995E+06 1.470E-04 1.327E-02 2.000E+05 0.000E+00 1.006E+07 9.905E+06
 7.56366853E-03   3042.5 7.447E-03 5.202E+06 1.538E-04 1.199E-02 2.000E+05 0.000E+00 8.089E+06 8.755E+06
 9.68534441E-03   3100.4 9.544E-03 6.737E+06 1.601E-04 1.037E-02 2.000E+05 0.000E+00 5.886E+06 7.755E+06
 1.24219807E-02   3144.3 1.225E-02 8.644E+06 1.647E-04 9.721E-03 2.000E+05 0.000E+00 4.566E+06 6.885E+06
 1.59668126E-02   3215.1 1.577E-02 1.114E+07 1.697E-04 7.780E-03 2.000E+05 0.000E+00 3.356E+06 6.160E+06
 2.05860274E-02   3256.8 2.035E-02 1.429E+07 1.727E-04 7.033E-03 2.000E+05 0.000E+00 1.839E+06 5.485E+06
 2.66284689E-02   3296.5 2.635E-02 1.836E+07 1.763E-04 6.682E-03 2.000E+05 0.000E+00 1.266E+06 4.878E+06
 3.45325014E-02   3344.7 3.421E-02 2.363E+07 1.794E-04 6.093E-03 2.000E+05 0.000E+00 8.387E+05 4.350E+06
 4.49083089E-02   3390.7 4.452E-02 3.049E+07 1.821E-04 5.557E-03 2.000E+05 0.000E+00 4.590E+05 3.872E+06
 5.85168004E-02   3433.5 5.806E-02 3.939E+07 1.854E-04 5.189E-03 2.000E+05 0.000E+00 1.947E+05 3.438E+06
 7.63503988E-02   3474.7 7.580E-02 5.095E+07 1.882E-04 4.741E-03 2.000E+05 0.000E+00 9.792E+04 3.055E+06
 1.00159259E-01   3519.9 9.951E-02 6.623E+07 1.854E-04 3.517E-03 2.000E+05 0.000E+00 4.185E+04 2.710E+06
 1.32215315E-01   3554.2 1.315E-01 8.669E+07 1.849E-04 2.885E-03 2.000E+05 0.000E+00 8.892E+03 2.392E+06
 1.74950986E-01   3585.5 1.741E-01 1.138E+08 1.854E-04 2.458E-03 2.000E+05 0.000E+00 0.000E+00 2.112E+06
 2.31640130E-01   3615.4 2.307E-01 1.494E+08 1.869E-04 2.129E-03 2.000E+05 0.000E+00 0.000E+00 1.868E+06
 3.06053837E-01   3642.7 3.049E-01 1.957E+08 1.915E-04 2.048E-03 2.000E+05 0.000E+00 0.000E+00 1.659E+06
 4.01790366E-01   3670.8 4.004E-01 2.548E+08 2.004E-04 2.244E-03 2.000E+05 0.000E+00 0.000E+00 1.485E+06
 5.23160821E-01   3704.9 5.215E-01 3.288E+08 2.119E-04 2.524E-03 2.000E+05 0.000E+00 0.000E+00 1.343E+06
 6.75213095E-01   3745.8 6.732E-01 4.207E+08 2.270E-04 2.915E-03 2.000E+05 0.000E+00 0.000E+00 1.227E+06
 8.62842745E-01   3793.6 8.602E-01 5.329E+08 2.471E-04 3.497E-03 2.000E+05 0.000E+00 0.000E+00 1.134E+06
 1.09639064E+00   3847.9 1.093E+00 6.714E+08 2.601E-04 3.408E-03 2.000E+05 0.000E+00 0.000E+00 1.057E+06
 1.39299808E+00   3897.4 1.389E+00 8.462E+08 2.730E-04 3.228E-03 2.000E+05 0.000E+00 0.000E+00 9.898E+05
 1.76878214E+00   3943.4 1.763E+00 1.066E+09 2.882E-04 3.104E-03 2.000E+05 0.000E+00 0.000E+00 9.329E+05
 2.24202632E+00   3987.7 2.235E+00 1.342E+09 3.060E-04 3.014E-03 2.000E+05 0.000E+00 0.000E+00 8.853E+05
 2.83434214E+00   4031.7 2.825E+00 1.686E+09 3.270E-04 2.971E-03 2.000E+05 0.000E+00 0.000E+00 8.463E+05
 3.57144851E+00   4076.1 3.560E+00 2.111E+09 3.513E-04 2.941E-03 2.000E+05 0.000E+00 0.000E+00 8.147E+05
 4.48363928E+00   4121.3 4.470E+00 2.637E+09 3.796E-04 2.924E-03 2.000E+05 0.000E+00 0.000E+00 7.895E+05
 5.60652548E+00   4167.1 5.590E+00 3.284E+09 4.123E-04 2.897E-03 2.000E+05 0.000E+00 0.000E+00 7.695E+05
 6.97960137E+00   4213.1 6.959E+00 4.075E+09 4.513E-04 2.913E-03 2.000E+05 0.000E+00 0.000E+00 7.539E+05
 8.64885074E+00   4260.1 8.623E+00 5.041E+09 4.959E-04 2.919E-03 2.000E+05 0.000E+00 0.000E+00 7.418E+05
 1.06699353E+01   4307.4 1.064E+01 6.217E+09 5.475E-04 2.927E-03 2.000E+05 0.000E+00 0.000E+00 7.327E+05
 1.31045253E+01   4355.2 1.307E+01 7.647E+09 6.079E-04 2.952E-03 2.000E+05 0.000E+00 0.000E+00 7.259E+05
 1.60070951E+01   4402.2 1.596E+01 9.370E+09 6.844E-04 3.095E-03 2.000E+05 0.000E+00 0.000E+00 7.209E+05
 1.94346343E+01   4451.1 1.938E+01 1.145E+10 7.749E-04 3.280E-03 2.000E+05 0.000E+00 0.000E+00 7.176E+05
 2.34646856E+01   4502.6 2.339E+01 1.396E+10 8.802E-04 3.474E-03 2.000E+05 0.000E+00 0.000E+00 7.156E+05
 2.81874605E+01   4556.6 2.810E+01 1.703E+10 1.003E-03 3.686E-03 2.000E+05 0.000E+00 0.000E+00 7.146E+05
 3.37255252E+01   4614.3 3.362E+01 2.084E+10 1.139E-03 3.794E-03 2.000E+05 0.000E+00 0.000E+00 7.145E+05
 4.02212879E+01   4672.2 4.009E+01 2.555E+10 1.297E-03 3.905E-03 2.000E+05 0.000E+00 0.000E+00 7.149E+05
 4.78093051E+01   4729.8 4.764E+01 3.135E+10 1.484E-03 4.058E-03 2.000E+05 0.000E+00 0.000E+00 7.157E+05
 5.66288239E+01   4788.0 5.643E+01 3.855E+10 1.707E-03 4.272E-03 2.000E+05 0.000E+00 0.000E+00 7.168E+05
 6.67557177E+01   4848.6 6.651E+01 4.757E+10 2.003E-03 4.737E-03 2.000E+05 0.000E+00 0.000E+00 7.182E+05
 7.82086788E+01   4916.1 7.790E+01 5.931E+10 2.372E-03 5.314E-03 2.000E+05 0.000E+00 0.000E+00 7.200E+05
 9.10299959E+01   4990.7 9.065E+01 7.490E+10 2.844E-03 6.048E-03 2.000E+05 0.000E+00 0.000E+00 7.222E+05
 1.05123306E+02   5076.4 1.047E+02 9.665E+10 3.495E-03 7.128E-03 2.000E+05 0.000E+00 0.000E+00 7.245E+05
 1.20205862E+02   5175.1 1.196E+02 1.281E+11 4.416E-03 8.668E-03 2.000E+05 0.000E+00 0.000E+00 7.269E+05
 1.35900311E+02   5289.0 1.352E+02 1.755E+11 5.744E-03 1.086E-02 2.000E+05 0.000E+00 0.000E+00 7.291E+05
 1.51694803E+02   5421.0 1.508E+02 2.497E+11 7.763E-03 1.421E-02 2.000E+05 7.675E-09 0.000E+00 7.307E+05
 1.66918116E+02   5574.8 1.657E+02 3.708E+11 1.100E-02 1.965E-02 2.000E+05 7.595E-06 4.337E+00 7.312E+05
 1.80916106E+02   5753.7 1.794E+02 5.754E+11 1.635E-02 2.865E-02 2.000E+05 6.171E-04 4.135E+01 7.304E+05
 1.93077339E+02   5965.5 1.911E+02 9.389E+11 2.593E-02 4.506E-02 2.000E+05 4.618E-02 1.692E+02 7.284E+05
 2.02975871E+02   6213.0 2.004E+02 1.598E+12 4.388E-02 7.617E-02 2.000E+05 5.282E+00 6.731E+02 7.264E+05
 2.10426142E+02   6507.9 2.071E+02 2.853E+12 8.120E-02 1.422E-01 2.000E+05 1.204E+03 3.063E+03 7.271E+05
 2.15520010E+02   6855.8 2.112E+02 5.275E+12 1.656E-01 2.956E-01 2.000E+05 2.181E+05 1.746E+04 7.345E+05
 2.18617458E+02   7275.1 2.128E+02 1.009E+13 3.825E-01 7.027E-01 2.000E+05 4.781E+06 9.256E+04 7.542E+05
 2.20301165E+02   7763.1 2.126E+02 1.903E+13 9.616E-01 1.683E+00 2.000E+05 2.389E+08 2.439E+05 7.931E+05
 2.21258468E+02   8219.0 2.114E+02 3.061E+13 2.071E+00 2.706E+00 2.000E+05 1.058E+09 9.273E+05 8.475E+05
 2.21963684E+02   8534.8 2.103E+02 3.967E+13 3.247E+00 2.604E+00 2.000E+05 2.120E+09 1.313E+06 8.967E+05
 2.22630020E+02   8759.0 2.093E+02 4.599E+13 4.244E+00 2.248E+00 2.000E+05 2.789E+09 1.432E+06 9.371E+05
 2.23334703E+02   8969.5 2.085E+02 5.143E+13 5.203E+00 2.130E+00 2.000E+05 3.134E+09 1.543E+06 9.779E+05
 2.24117860E+02   9186.6 2.076E+02 5.618E+13 6.128E+00 2.228E+00 2.000E+05 3.252E+09 1.648E+06 1.022E+06
 2.25019806E+02   9445.1 2.064E+02 6.041E+13 6.972E+00 2.409E+00 2.000E+05 3.304E+09 1.679E+06 1.075E+06
 2.26108001E+02   9743.3 2.040E+02 6.303E+13 7.434E+00 4.095E+00 2.000E+05 2.814E+09 1.939E+06 1.136E+06
 2.27634598E+02  10677.9 1.968E+02 6.196E+13 6.298E+00 7.412E+00 2.000E+05 1.310E+09 1.478E+06 1.329E+06
 2.30565484E+02  12192.0 1.809E+02 5.135E+13 3.300E+00 5.391E+00 2.000E+05 1.903E+08 3.290E+05 1.635E+06
 2.38295379E+02  13704.7 1.573E+02 4.025E+13 1.793E+00 3.045E+00 2.000E+05 1.513E+06 1.869E+05 1.796E+06
 2.55014509E+02  15133.8 1.314E+02 3.116E+13 1.199E+00 2.043E+00 2.000E+05 1.453E+06 1.837E+05 2.206E+06
PRADK 1.2211E+00
BEGIN                    ITERATION  15 COMPLETED
