TEFF   6750.  GRAVITY 1.50000 LTE 
TITLE  [0.2a] VTURB=2  L/H=1.25 NOVER NEW ODF                                   
 OPACITY IFOP 1 1 1 1 1 1 1 1 1 1 1 1 1 0 1 0 0 0 0 0
 CONVECTION ON   1.25 TURBULENCE OFF  0.00  0.00  0.00  0.00
ABUNDANCE SCALE   1.58489 ABUNDANCE CHANGE 1 0.91790 2 0.07813
 ABUNDANCE CHANGE  3 -10.94  4 -10.64  5  -9.49  6  -3.52  7  -4.12  8  -2.81
 ABUNDANCE CHANGE  9  -7.48 10  -3.56 11  -5.71 12  -4.06 13  -5.57 14  -4.09
 ABUNDANCE CHANGE 15  -6.59 16  -4.31 17  -6.54 18  -5.24 19  -6.92 20  -5.28
 ABUNDANCE CHANGE 21  -8.87 22  -6.62 23  -8.04 24  -6.37 25  -6.65 26  -4.54
 ABUNDANCE CHANGE 27  -7.12 28  -5.79 29  -7.83 30  -7.44 31  -9.16 32  -8.63
 ABUNDANCE CHANGE 33  -9.67 34  -8.63 35  -9.41 36  -8.73 37  -9.44 38  -9.07
 ABUNDANCE CHANGE 39  -9.80 40  -9.44 41 -10.62 42 -10.12 43 -20.00 44 -10.20
 ABUNDANCE CHANGE 45 -10.92 46 -10.35 47 -11.10 48 -10.27 49 -10.38 50 -10.04
 ABUNDANCE CHANGE 51 -11.04 52  -9.80 53 -10.53 54  -9.87 55 -10.91 56  -9.91
 ABUNDANCE CHANGE 57 -10.87 58 -10.46 59 -11.33 60 -10.54 61 -20.00 62 -11.03
 ABUNDANCE CHANGE 63 -11.53 64 -10.92 65 -11.69 66 -10.90 67 -11.78 68 -11.11
 ABUNDANCE CHANGE 69 -12.04 70 -10.96 71 -11.98 72 -11.16 73 -12.17 74 -10.93
 ABUNDANCE CHANGE 75 -11.76 76 -10.59 77 -10.69 78 -10.24 79 -11.03 80 -10.91
 ABUNDANCE CHANGE 81 -11.14 82 -10.09 83 -11.33 84 -20.00 85 -20.00 86 -20.00
 ABUNDANCE CHANGE 87 -20.00 88 -20.00 89 -20.00 90 -11.95 91 -20.00 92 -12.54
 ABUNDANCE CHANGE 93 -20.00 94 -20.00 95 -20.00 96 -20.00 97 -20.00 98 -20.00
 ABUNDANCE CHANGE 99 -20.00
READ DECK6 72 RHOX,T,P,XNE,ABROSS,ACCRAD,VTURB, FLXCNV,VCONV,VELSND
 2.48816804E-04   4055.3 7.817E-03 1.474E+07 5.359E-04 2.052E-01 2.000E+05 0.000E+00 0.000E+00 1.336E+07
 3.32390029E-04   4076.5 1.044E-02 1.901E+07 5.284E-04 2.019E-01 2.000E+05 0.000E+00 0.000E+00 1.166E+07
 4.51690025E-04   4085.7 1.420E-02 2.384E+07 4.659E-04 1.265E-01 2.000E+05 0.000E+00 0.000E+00 1.016E+07
 6.29605801E-04   4098.1 1.980E-02 3.077E+07 4.232E-04 8.668E-02 2.000E+05 0.000E+00 2.687E+06 8.732E+06
 8.89009017E-04   4113.1 2.799E-02 4.043E+07 3.939E-04 6.631E-02 2.000E+05 0.000E+00 2.083E+06 7.450E+06
 1.25303450E-03   4134.3 3.948E-02 5.408E+07 3.808E-04 6.128E-02 2.000E+05 0.000E+00 1.633E+06 6.347E+06
 1.74998203E-03   4159.0 5.516E-02 7.259E+07 3.749E-04 5.958E-02 2.000E+05 0.000E+00 1.175E+06 5.426E+06
 2.42005181E-03   4185.8 7.631E-02 9.728E+07 3.722E-04 5.766E-02 2.000E+05 0.000E+00 8.079E+05 4.660E+06
 3.31601139E-03   4214.5 1.046E-01 1.302E+08 3.727E-04 5.577E-02 2.000E+05 0.000E+00 5.300E+05 4.020E+06
 4.50516516E-03   4244.7 1.421E-01 1.736E+08 3.755E-04 5.416E-02 2.000E+05 0.000E+00 3.155E+05 3.485E+06
 6.07449161E-03   4275.9 1.917E-01 2.308E+08 3.804E-04 5.259E-02 2.000E+05 0.000E+00 1.561E+05 3.035E+06
 8.13544907E-03   4308.2 2.567E-01 3.058E+08 3.872E-04 5.111E-02 2.000E+05 0.000E+00 5.447E+04 2.656E+06
 1.08279170E-02   4341.7 3.417E-01 4.043E+08 3.963E-04 4.977E-02 2.000E+05 0.000E+00 0.000E+00 2.335E+06
 1.43211760E-02   4376.7 4.520E-01 5.335E+08 4.091E-04 4.902E-02 2.000E+05 0.000E+00 0.000E+00 2.065E+06
 1.88082653E-02   4413.6 5.937E-01 7.033E+08 4.269E-04 4.899E-02 2.000E+05 0.000E+00 0.000E+00 1.837E+06
 2.45155290E-02   4452.5 7.739E-01 9.258E+08 4.495E-04 4.880E-02 2.000E+05 0.000E+00 0.000E+00 1.646E+06
 3.17134371E-02   4492.8 1.001E+00 1.215E+09 4.770E-04 4.843E-02 2.000E+05 0.000E+00 0.000E+00 1.485E+06
 4.07212871E-02   4534.1 1.286E+00 1.589E+09 5.102E-04 4.830E-02 2.000E+05 0.000E+00 0.000E+00 1.351E+06
 5.19178584E-02   4576.0 1.639E+00 2.070E+09 5.486E-04 4.784E-02 2.000E+05 0.000E+00 0.000E+00 1.239E+06
 6.58163550E-02   4618.0 2.078E+00 2.682E+09 5.888E-04 4.587E-02 2.000E+05 0.000E+00 0.000E+00 1.146E+06
 8.30504618E-02   4659.5 2.622E+00 3.458E+09 6.345E-04 4.397E-02 2.000E+05 0.000E+00 0.000E+00 1.068E+06
 1.04326283E-01   4700.8 3.294E+00 4.436E+09 6.870E-04 4.218E-02 2.000E+05 0.000E+00 0.000E+00 1.004E+06
 1.30453327E-01   4741.7 4.119E+00 5.662E+09 7.481E-04 4.070E-02 2.000E+05 0.000E+00 0.000E+00 9.503E+05
 1.62378895E-01   4782.5 5.128E+00 7.196E+09 8.187E-04 3.917E-02 2.000E+05 0.000E+00 0.000E+00 9.064E+05
 2.01084275E-01   4822.8 6.350E+00 9.091E+09 9.047E-04 3.870E-02 2.000E+05 0.000E+00 0.000E+00 8.706E+05
 2.47634314E-01   4863.1 7.820E+00 1.143E+10 1.006E-03 3.840E-02 2.000E+05 0.000E+00 0.000E+00 8.415E+05
 3.03314116E-01   4903.6 9.579E+00 1.432E+10 1.124E-03 3.817E-02 2.000E+05 0.000E+00 0.000E+00 8.179E+05
 3.69543854E-01   4944.3 1.167E+01 1.787E+10 1.264E-03 3.824E-02 2.000E+05 0.000E+00 0.000E+00 7.990E+05
 4.47908606E-01   4985.2 1.415E+01 2.221E+10 1.428E-03 3.841E-02 2.000E+05 0.000E+00 0.000E+00 7.837E+05
 5.40176353E-01   5026.5 1.706E+01 2.751E+10 1.621E-03 3.872E-02 2.000E+05 0.000E+00 0.000E+00 7.715E+05
 6.48289788E-01   5068.2 2.047E+01 3.397E+10 1.849E-03 3.931E-02 2.000E+05 0.000E+00 0.000E+00 7.618E+05
 7.74389447E-01   5110.5 2.446E+01 4.184E+10 2.118E-03 4.001E-02 2.000E+05 0.000E+00 0.000E+00 7.541E+05
 9.20938909E-01   5153.3 2.909E+01 5.140E+10 2.434E-03 4.083E-02 2.000E+05 0.000E+00 0.000E+00 7.480E+05
 1.09070651E+00   5196.6 3.445E+01 6.299E+10 2.806E-03 4.190E-02 2.000E+05 0.000E+00 0.000E+00 7.433E+05
 1.28678754E+00   5240.4 4.064E+01 7.701E+10 3.244E-03 4.323E-02 2.000E+05 0.000E+00 0.000E+00 7.396E+05
 1.51272645E+00   5284.8 4.777E+01 9.398E+10 3.758E-03 4.473E-02 2.000E+05 0.000E+00 0.000E+00 7.368E+05
 1.77265648E+00   5329.6 5.598E+01 1.144E+11 4.359E-03 4.642E-02 2.000E+05 0.000E+00 0.000E+00 7.348E+05
 2.07132618E+00   5374.8 6.541E+01 1.391E+11 5.062E-03 4.837E-02 2.000E+05 0.000E+00 0.000E+00 7.333E+05
 2.41388677E+00   5420.3 7.623E+01 1.687E+11 5.892E-03 5.098E-02 2.000E+05 0.000E+00 0.000E+00 7.324E+05
 2.80601068E+00   5466.7 8.861E+01 2.044E+11 6.869E-03 5.408E-02 2.000E+05 0.000E+00 0.000E+00 7.318E+05
 3.25417482E+00   5513.9 1.028E+02 2.475E+11 8.022E-03 5.780E-02 2.000E+05 0.000E+00 0.000E+00 7.316E+05
 3.76524432E+00   5562.6 1.189E+02 2.999E+11 9.394E-03 6.245E-02 2.000E+05 0.000E+00 0.000E+00 7.316E+05
 4.34629482E+00   5613.3 1.372E+02 3.640E+11 1.104E-02 6.806E-02 2.000E+05 0.000E+00 0.000E+00 7.319E+05
 5.00461596E+00   5666.6 1.580E+02 4.430E+11 1.302E-02 7.491E-02 2.000E+05 0.000E+00 0.000E+00 7.323E+05
 5.74703606E+00   5723.5 1.814E+02 5.417E+11 1.543E-02 8.341E-02 2.000E+05 0.000E+00 0.000E+00 7.328E+05
 6.57876294E+00   5784.9 2.076E+02 6.666E+11 1.845E-02 9.434E-02 2.000E+05 0.000E+00 0.000E+00 7.334E+05
 7.50158705E+00   5852.8 2.367E+02 8.281E+11 2.230E-02 1.088E-01 2.000E+05 0.000E+00 0.000E+00 7.339E+05
 8.51260806E+00   5929.3 2.686E+02 1.042E+12 2.734E-02 1.279E-01 2.000E+05 0.000E+00 0.000E+00 7.344E+05
 9.60346898E+00   6016.3 3.029E+02 1.332E+12 3.408E-02 1.540E-01 2.000E+05 0.000E+00 0.000E+00 7.348E+05
 1.07574890E+01   6117.4 3.392E+02 1.738E+12 4.348E-02 1.908E-01 2.000E+05 0.000E+00 0.000E+00 7.350E+05
 1.19464470E+01   6236.2 3.766E+02 2.325E+12 5.716E-02 2.455E-01 2.000E+05 2.194E-06 0.000E+00 7.351E+05
 1.31309666E+01   6377.2 4.137E+02 3.202E+12 7.797E-02 3.299E-01 2.000E+05 1.714E-04 1.959E+01 7.352E+05
 1.42643327E+01   6545.5 4.491E+02 4.559E+12 1.112E-01 4.665E-01 2.000E+05 7.027E-03 7.869E+01 7.357E+05
 1.52944958E+01   6748.5 4.811E+02 6.745E+12 1.681E-01 7.048E-01 2.000E+05 3.832E-01 2.543E+02 7.377E+05
 1.61722100E+01   6993.5 5.080E+02 1.038E+13 2.725E-01 1.150E+00 2.000E+05 3.505E+01 9.118E+02 7.426E+05
 1.68646886E+01   7287.9 5.289E+02 1.657E+13 4.795E-01 2.046E+00 2.000E+05 5.497E+03 3.891E+03 7.527E+05
 1.73645545E+01   7641.3 5.432E+02 2.726E+13 9.233E-01 3.977E+00 2.000E+05 6.309E+05 2.001E+04 7.714E+05
 1.76981159E+01   8050.8 5.519E+02 4.483E+13 1.896E+00 8.197E+00 2.000E+05 1.001E+07 9.428E+04 8.027E+05
 1.79093911E+01   8528.1 5.560E+02 7.225E+13 4.020E+00 1.693E+01 2.000E+05 1.428E+08 2.288E+05 8.539E+05
 1.80487449E+01   9023.9 5.573E+02 1.053E+14 7.583E+00 2.848E+01 2.000E+05 7.616E+08 5.771E+05 9.254E+05
 1.81599016E+01   9472.5 5.572E+02 1.332E+14 1.139E+01 3.542E+01 2.000E+05 1.783E+09 9.766E+05 1.003E+06
 1.82691249E+01   9887.6 5.564E+02 1.521E+14 1.415E+01 4.249E+01 2.000E+05 2.025E+09 1.144E+06 1.080E+06
 1.83958412E+01  10457.0 5.544E+02 1.644E+14 1.509E+01 5.220E+01 2.000E+05 1.094E+09 8.968E+05 1.179E+06
 1.85743089E+01  11200.6 5.509E+02 1.641E+14 1.294E+01 4.981E+01 2.000E+05 2.260E+08 2.589E+05 1.304E+06
 1.88732044E+01  12024.9 5.474E+02 1.559E+14 9.388E+00 3.665E+01 2.000E+05 3.127E+06 6.890E+04 1.454E+06
 1.94448655E+01  12921.5 5.481E+02 1.466E+14 6.515E+00 2.551E+01 2.000E+05 3.572E+04 1.918E+04 1.576E+06
 2.05390186E+01  13886.1 5.595E+02 1.403E+14 4.590E+00 1.793E+01 2.000E+05 7.706E+02 9.433E+03 1.618E+06
 2.25261561E+01  14921.5 5.914E+02 1.397E+14 3.519E+00 1.377E+01 2.000E+05 1.284E+02 6.297E+03 1.667E+06
 2.58634421E+01  16037.3 6.557E+02 1.462E+14 2.894E+00 1.132E+01 2.000E+05 3.092E+01 3.124E+03 1.803E+06
 3.10145417E+01  17226.7 7.636E+02 1.597E+14 2.600E+00 1.014E+01 2.000E+05 3.272E+00 1.354E+03 1.978E+06
 3.85872945E+01  18517.9 9.301E+02 1.814E+14 2.375E+00 9.241E+00 2.000E+05 2.741E-01 5.154E+02 2.120E+06
 4.95000696E+01  19894.6 1.177E+03 2.140E+14 2.209E+00 8.680E+00 2.000E+05 2.962E-01 6.886E+02 2.226E+06
PRADK 2.7781E+00
BEGIN                    ITERATION  15 COMPLETED
