TEFF   7000.  GRAVITY 2.50000 LTE 
TITLE  [0.5a] VTURB=2  L/H=1.25 NOVER NEW ODF                                   
 OPACITY IFOP 1 1 1 1 1 1 1 1 1 1 1 1 1 0 1 0 0 0 0 0
 CONVECTION ON   1.25 TURBULENCE OFF  0.00  0.00  0.00  0.00
ABUNDANCE SCALE   3.16623 ABUNDANCE CHANGE 1 0.91440 2 0.07782
 ABUNDANCE CHANGE  3 -10.94  4 -10.64  5  -9.49  6  -3.52  7  -4.12  8  -2.81
 ABUNDANCE CHANGE  9  -7.48 10  -3.56 11  -5.71 12  -4.06 13  -5.57 14  -4.09
 ABUNDANCE CHANGE 15  -6.59 16  -4.31 17  -6.54 18  -5.24 19  -6.92 20  -5.28
 ABUNDANCE CHANGE 21  -8.87 22  -6.62 23  -8.04 24  -6.37 25  -6.65 26  -4.54
 ABUNDANCE CHANGE 27  -7.12 28  -5.79 29  -7.83 30  -7.44 31  -9.16 32  -8.63
 ABUNDANCE CHANGE 33  -9.67 34  -8.63 35  -9.41 36  -8.73 37  -9.44 38  -9.07
 ABUNDANCE CHANGE 39  -9.80 40  -9.44 41 -10.62 42 -10.12 43 -20.00 44 -10.20
 ABUNDANCE CHANGE 45 -10.92 46 -10.35 47 -11.10 48 -10.27 49 -10.38 50 -10.04
 ABUNDANCE CHANGE 51 -11.04 52  -9.80 53 -10.53 54  -9.87 55 -10.91 56  -9.91
 ABUNDANCE CHANGE 57 -10.87 58 -10.46 59 -11.33 60 -10.54 61 -20.00 62 -11.03
 ABUNDANCE CHANGE 63 -11.53 64 -10.92 65 -11.69 66 -10.90 67 -11.78 68 -11.11
 ABUNDANCE CHANGE 69 -12.04 70 -10.96 71 -11.98 72 -11.16 73 -12.17 74 -10.93
 ABUNDANCE CHANGE 75 -11.76 76 -10.59 77 -10.69 78 -10.24 79 -11.03 80 -10.91
 ABUNDANCE CHANGE 81 -11.14 82 -10.09 83 -11.33 84 -20.00 85 -20.00 86 -20.00
 ABUNDANCE CHANGE 87 -20.00 88 -20.00 89 -20.00 90 -11.95 91 -20.00 92 -12.54
 ABUNDANCE CHANGE 93 -20.00 94 -20.00 95 -20.00 96 -20.00 97 -20.00 98 -20.00
 ABUNDANCE CHANGE 99 -20.00
READ DECK6 72 RHOX,T,P,XNE,ABROSS,ACCRAD,VTURB, FLXCNV,VCONV,VELSND
 2.87302546E-04   4161.9 9.080E-02 1.545E+08 4.641E-04 2.088E-01 2.000E+05 0.000E+00 0.000E+00 4.550E+06
 3.82930002E-04   4186.5 1.210E-01 2.016E+08 4.660E-04 2.108E-01 2.000E+05 0.000E+00 0.000E+00 3.977E+06
 5.09733211E-04   4211.7 1.611E-01 2.630E+08 4.694E-04 2.089E-01 2.000E+05 0.000E+00 0.000E+00 3.482E+06
 6.77020844E-04   4240.2 2.140E-01 3.442E+08 4.761E-04 2.055E-01 2.000E+05 0.000E+00 3.009E+05 3.053E+06
 8.96361766E-04   4271.2 2.833E-01 4.506E+08 4.856E-04 2.004E-01 2.000E+05 0.000E+00 1.787E+05 2.685E+06
 1.18229702E-03   4303.9 3.736E-01 5.894E+08 4.982E-04 1.953E-01 2.000E+05 0.000E+00 4.854E+04 2.369E+06
 1.55301113E-03   4337.8 4.908E-01 7.692E+08 5.135E-04 1.895E-01 2.000E+05 0.000E+00 0.000E+00 2.099E+06
 2.03140598E-03   4372.5 6.420E-01 1.001E+09 5.321E-04 1.838E-01 2.000E+05 0.000E+00 0.000E+00 1.869E+06
 2.64408332E-03   4407.7 8.356E-01 1.298E+09 5.567E-04 1.819E-01 2.000E+05 0.000E+00 0.000E+00 1.674E+06
 3.42249168E-03   4443.5 1.082E+00 1.675E+09 5.858E-04 1.807E-01 2.000E+05 0.000E+00 0.000E+00 1.509E+06
 4.40497017E-03   4480.2 1.392E+00 2.155E+09 6.212E-04 1.808E-01 2.000E+05 0.000E+00 0.000E+00 1.370E+06
 5.63667863E-03   4517.8 1.781E+00 2.761E+09 6.626E-04 1.801E-01 2.000E+05 0.000E+00 0.000E+00 1.253E+06
 7.17172601E-03   4556.2 2.267E+00 3.524E+09 7.108E-04 1.785E-01 2.000E+05 0.000E+00 0.000E+00 1.156E+06
 9.07983387E-03   4594.9 2.870E+00 4.480E+09 7.624E-04 1.731E-01 2.000E+05 0.000E+00 0.000E+00 1.074E+06
 1.14481316E-02   4633.6 3.618E+00 5.674E+09 8.208E-04 1.672E-01 2.000E+05 0.000E+00 0.000E+00 1.006E+06
 1.43720646E-02   4672.4 4.542E+00 7.160E+09 8.893E-04 1.616E-01 2.000E+05 0.000E+00 0.000E+00 9.495E+05
 1.79612883E-02   4711.2 5.677E+00 9.000E+09 9.684E-04 1.556E-01 2.000E+05 0.000E+00 0.000E+00 9.031E+05
 2.23457247E-02   4749.8 7.063E+00 1.127E+10 1.060E-03 1.491E-01 2.000E+05 0.000E+00 0.000E+00 8.649E+05
 2.76769806E-02   4788.1 8.748E+00 1.404E+10 1.165E-03 1.426E-01 2.000E+05 0.000E+00 0.000E+00 8.339E+05
 3.40939796E-02   4826.2 1.078E+01 1.741E+10 1.300E-03 1.413E-01 2.000E+05 0.000E+00 0.000E+00 8.088E+05
 4.17412106E-02   4864.7 1.319E+01 2.149E+10 1.458E-03 1.408E-01 2.000E+05 0.000E+00 0.000E+00 7.887E+05
 5.08116428E-02   4903.5 1.606E+01 2.642E+10 1.642E-03 1.398E-01 2.000E+05 0.000E+00 0.000E+00 7.726E+05
 6.15370803E-02   4942.4 1.945E+01 3.235E+10 1.854E-03 1.383E-01 2.000E+05 0.000E+00 0.000E+00 7.597E+05
 7.41882121E-02   4981.2 2.345E+01 3.946E+10 2.099E-03 1.366E-01 2.000E+05 0.000E+00 0.000E+00 7.494E+05
 8.90778294E-02   5019.9 2.816E+01 4.795E+10 2.381E-03 1.350E-01 2.000E+05 0.000E+00 0.000E+00 7.413E+05
 1.06528484E-01   5058.4 3.367E+01 5.807E+10 2.717E-03 1.356E-01 2.000E+05 0.000E+00 0.000E+00 7.349E+05
 1.26887837E-01   5097.3 4.011E+01 7.013E+10 3.110E-03 1.374E-01 2.000E+05 0.000E+00 0.000E+00 7.300E+05
 1.50583357E-01   5136.8 4.760E+01 8.452E+10 3.566E-03 1.390E-01 2.000E+05 0.000E+00 0.000E+00 7.262E+05
 1.78124294E-01   5176.8 5.630E+01 1.017E+11 4.093E-03 1.407E-01 2.000E+05 0.000E+00 0.000E+00 7.233E+05
 2.10096348E-01   5217.5 6.641E+01 1.222E+11 4.705E-03 1.423E-01 2.000E+05 0.000E+00 0.000E+00 7.212E+05
 2.47172722E-01   5258.8 7.813E+01 1.466E+11 5.412E-03 1.440E-01 2.000E+05 0.000E+00 0.000E+00 7.198E+05
 2.90130840E-01   5300.8 9.171E+01 1.758E+11 6.232E-03 1.457E-01 2.000E+05 0.000E+00 0.000E+00 7.189E+05
 3.39850864E-01   5343.3 1.074E+02 2.106E+11 7.186E-03 1.479E-01 2.000E+05 0.000E+00 0.000E+00 7.184E+05
 3.97268932E-01   5386.4 1.256E+02 2.521E+11 8.311E-03 1.518E-01 2.000E+05 0.000E+00 0.000E+00 7.183E+05
 4.63358650E-01   5430.3 1.465E+02 3.016E+11 9.642E-03 1.575E-01 2.000E+05 0.000E+00 0.000E+00 7.185E+05
 5.39280634E-01   5475.3 1.705E+02 3.608E+11 1.120E-02 1.636E-01 2.000E+05 0.000E+00 0.000E+00 7.189E+05
 6.26436854E-01   5521.5 1.980E+02 4.317E+11 1.301E-02 1.704E-01 2.000E+05 0.000E+00 0.000E+00 7.195E+05
 7.26434372E-01   5568.6 2.296E+02 5.167E+11 1.513E-02 1.780E-01 2.000E+05 0.000E+00 0.000E+00 7.204E+05
 8.41110378E-01   5616.8 2.659E+02 6.185E+11 1.759E-02 1.865E-01 2.000E+05 0.000E+00 0.000E+00 7.213E+05
 9.72556245E-01   5666.1 3.074E+02 7.406E+11 2.047E-02 1.964E-01 2.000E+05 0.000E+00 0.000E+00 7.224E+05
 1.12309006E+00   5716.8 3.550E+02 8.876E+11 2.386E-02 2.087E-01 2.000E+05 0.000E+00 0.000E+00 7.236E+05
 1.29515661E+00   5769.3 4.093E+02 1.066E+12 2.787E-02 2.239E-01 2.000E+05 0.000E+00 0.000E+00 7.249E+05
 1.49104461E+00   5824.1 4.712E+02 1.282E+12 3.273E-02 2.440E-01 2.000E+05 0.000E+00 0.000E+00 7.263E+05
 1.71299717E+00   5882.4 5.414E+02 1.550E+12 3.860E-02 2.682E-01 2.000E+05 0.000E+00 0.000E+00 7.276E+05
 1.96332888E+00   5944.9 6.205E+02 1.882E+12 4.576E-02 2.979E-01 2.000E+05 0.000E+00 0.000E+00 7.290E+05
 2.24406149E+00   6012.5 7.091E+02 2.301E+12 5.459E-02 3.348E-01 2.000E+05 0.000E+00 0.000E+00 7.304E+05
 2.55664428E+00   6086.8 8.079E+02 2.838E+12 6.566E-02 3.817E-01 2.000E+05 0.000E+00 0.000E+00 7.317E+05
 2.90143992E+00   6169.5 9.168E+02 3.539E+12 7.984E-02 4.427E-01 2.000E+05 0.000E+00 0.000E+00 7.329E+05
 3.27602889E+00   6263.4 1.035E+03 4.481E+12 9.899E-02 5.295E-01 2.000E+05 0.000E+00 0.000E+00 7.340E+05
 3.67474685E+00   6372.2 1.161E+03 5.785E+12 1.254E-01 6.509E-01 2.000E+05 0.000E+00 0.000E+00 7.349E+05
 4.08950278E+00   6499.3 1.292E+03 7.645E+12 1.628E-01 8.249E-01 2.000E+05 3.410E-05 0.000E+00 7.357E+05
 4.50877415E+00   6648.8 1.424E+03 1.038E+13 2.184E-01 1.087E+00 2.000E+05 5.002E-03 3.290E+01 7.364E+05
 4.91688563E+00   6826.3 1.552E+03 1.455E+13 3.059E-01 1.507E+00 2.000E+05 1.931E-01 1.640E+02 7.374E+05
 5.29609294E+00   7038.8 1.672E+03 2.113E+13 4.505E-01 2.213E+00 2.000E+05 8.602E+00 5.177E+02 7.396E+05
 5.62884368E+00   7293.4 1.776E+03 3.185E+13 7.074E-01 3.491E+00 2.000E+05 5.724E+02 1.736E+03 7.440E+05
 5.90084304E+00   7600.3 1.861E+03 4.987E+13 1.198E+00 5.957E+00 2.000E+05 5.957E+04 6.666E+03 7.530E+05
 6.10672758E+00   7961.9 1.924E+03 7.994E+13 2.188E+00 1.099E+01 2.000E+05 3.102E+06 2.985E+04 7.690E+05
 6.25059939E+00   8393.3 1.967E+03 1.306E+14 4.325E+00 2.189E+01 2.000E+05 3.086E+07 1.067E+05 7.963E+05
 6.34427188E+00   8901.9 1.994E+03 2.118E+14 8.958E+00 4.280E+01 2.000E+05 4.877E+08 2.143E+05 8.412E+05
 6.40831359E+00   9383.1 2.011E+03 3.051E+14 1.605E+01 6.184E+01 2.000E+05 1.928E+09 5.688E+05 8.976E+05
 6.46230659E+00   9759.7 2.025E+03 3.814E+14 2.302E+01 6.478E+01 2.000E+05 3.879E+09 7.842E+05 9.507E+05
 6.51607001E+00  10081.4 2.038E+03 4.423E+14 2.913E+01 6.440E+01 2.000E+05 5.274E+09 8.956E+05 1.001E+06
 6.57493881E+00  10418.9 2.053E+03 4.962E+14 3.431E+01 6.732E+01 2.000E+05 5.949E+09 9.605E+05 1.055E+06
 6.64365503E+00  10803.8 2.069E+03 5.411E+14 3.798E+01 8.921E+01 2.000E+05 5.139E+09 1.045E+06 1.117E+06
 6.73150684E+00  11523.5 2.088E+03 5.769E+14 3.713E+01 1.295E+02 2.000E+05 2.505E+09 7.797E+05 1.222E+06
 6.86901346E+00  12580.0 2.114E+03 5.687E+14 2.756E+01 1.198E+02 2.000E+05 4.556E+08 1.747E+05 1.371E+06
 7.13687467E+00  13756.8 2.172E+03 5.442E+14 1.782E+01 8.039E+01 2.000E+05 2.699E+06 3.055E+04 1.515E+06
 7.67935743E+00  14972.5 2.307E+03 5.366E+14 1.219E+01 5.516E+01 2.000E+05 1.119E+04 1.211E+04 1.556E+06
 8.67513442E+00  16231.7 2.574E+03 5.604E+14 9.534E+00 4.343E+01 2.000E+05 1.076E+03 7.578E+03 1.609E+06
 1.01781965E+01  17538.4 2.986E+03 6.096E+14 9.180E+00 4.084E+01 2.000E+05 2.363E+02 3.838E+03 1.735E+06
 1.23171267E+01  18940.5 3.579E+03 6.810E+14 8.357E+00 3.757E+01 2.000E+05 2.400E+01 1.279E+03 1.893E+06
 1.54376006E+01  20421.9 4.454E+03 7.879E+14 7.673E+00 3.427E+01 2.000E+05 2.347E+01 8.301E+02 2.019E+06
PRADK 3.2083E+00
BEGIN                    ITERATION  15 COMPLETED
