TEFF   5500.  GRAVITY 4.50000 LTE 
TITLE  [0.5a] VTURB=2  L/H=1.25 NOVER NEW ODF                                   
 OPACITY IFOP 1 1 1 1 1 1 1 1 1 1 1 1 1 0 1 0 0 0 0 0
 CONVECTION ON   1.25 TURBULENCE OFF  0.00  0.00  0.00  0.00
ABUNDANCE SCALE   3.16623 ABUNDANCE CHANGE 1 0.91440 2 0.07782
 ABUNDANCE CHANGE  3 -10.94  4 -10.64  5  -9.49  6  -3.52  7  -4.12  8  -2.81
 ABUNDANCE CHANGE  9  -7.48 10  -3.56 11  -5.71 12  -4.06 13  -5.57 14  -4.09
 ABUNDANCE CHANGE 15  -6.59 16  -4.31 17  -6.54 18  -5.24 19  -6.92 20  -5.28
 ABUNDANCE CHANGE 21  -8.87 22  -6.62 23  -8.04 24  -6.37 25  -6.65 26  -4.54
 ABUNDANCE CHANGE 27  -7.12 28  -5.79 29  -7.83 30  -7.44 31  -9.16 32  -8.63
 ABUNDANCE CHANGE 33  -9.67 34  -8.63 35  -9.41 36  -8.73 37  -9.44 38  -9.07
 ABUNDANCE CHANGE 39  -9.80 40  -9.44 41 -10.62 42 -10.12 43 -20.00 44 -10.20
 ABUNDANCE CHANGE 45 -10.92 46 -10.35 47 -11.10 48 -10.27 49 -10.38 50 -10.04
 ABUNDANCE CHANGE 51 -11.04 52  -9.80 53 -10.53 54  -9.87 55 -10.91 56  -9.91
 ABUNDANCE CHANGE 57 -10.87 58 -10.46 59 -11.33 60 -10.54 61 -20.00 62 -11.03
 ABUNDANCE CHANGE 63 -11.53 64 -10.92 65 -11.69 66 -10.90 67 -11.78 68 -11.11
 ABUNDANCE CHANGE 69 -12.04 70 -10.96 71 -11.98 72 -11.16 73 -12.17 74 -10.93
 ABUNDANCE CHANGE 75 -11.76 76 -10.59 77 -10.69 78 -10.24 79 -11.03 80 -10.91
 ABUNDANCE CHANGE 81 -11.14 82 -10.09 83 -11.33 84 -20.00 85 -20.00 86 -20.00
 ABUNDANCE CHANGE 87 -20.00 88 -20.00 89 -20.00 90 -11.95 91 -20.00 92 -12.54
 ABUNDANCE CHANGE 93 -20.00 94 -20.00 95 -20.00 96 -20.00 97 -20.00 98 -20.00
 ABUNDANCE CHANGE 99 -20.00
READ DECK6 72 RHOX,T,P,XNE,ABROSS,ACCRAD,VTURB, FLXCNV,VCONV,VELSND
 2.13925188E-04   3417.8 6.765E+00 4.273E+09 6.234E-04 1.847E-01 2.000E+05 0.000E+00 0.000E+00 6.560E+05
 2.81195517E-04   3431.6 8.892E+00 5.364E+09 6.989E-04 2.007E-01 2.000E+05 0.000E+00 0.000E+00 6.396E+05
 3.60928868E-04   3448.8 1.141E+01 6.654E+09 7.888E-04 2.088E-01 2.000E+05 0.000E+00 0.000E+00 6.293E+05
 4.55063331E-04   3467.3 1.439E+01 8.163E+09 8.916E-04 2.116E-01 2.000E+05 0.000E+00 0.000E+00 6.218E+05
 5.68138547E-04   3484.1 1.797E+01 9.901E+09 9.727E-04 1.895E-01 2.000E+05 0.000E+00 0.000E+00 6.161E+05
 7.06045759E-04   3501.1 2.233E+01 1.197E+10 1.066E-03 1.714E-01 2.000E+05 0.000E+00 0.000E+00 6.118E+05
 8.73407093E-04   3518.5 2.762E+01 1.442E+10 1.174E-03 1.556E-01 2.000E+05 0.000E+00 0.000E+00 6.088E+05
 1.07553759E-03   3536.4 3.401E+01 1.732E+10 1.300E-03 1.410E-01 2.000E+05 0.000E+00 0.000E+00 6.066E+05
 1.31847591E-03   3555.0 4.169E+01 2.076E+10 1.445E-03 1.270E-01 2.000E+05 0.000E+00 0.000E+00 6.052E+05
 1.60936873E-03   3573.9 5.089E+01 2.481E+10 1.612E-03 1.148E-01 2.000E+05 0.000E+00 0.000E+00 6.044E+05
 1.95665912E-03   3593.4 6.187E+01 2.959E+10 1.803E-03 1.040E-01 2.000E+05 0.000E+00 0.000E+00 6.041E+05
 2.37015961E-03   3613.4 7.495E+01 3.522E+10 2.023E-03 9.448E-02 2.000E+05 0.000E+00 0.000E+00 6.042E+05
 2.85895606E-03   3634.6 9.041E+01 4.188E+10 2.297E-03 8.939E-02 2.000E+05 0.000E+00 0.000E+00 6.046E+05
 3.41861273E-03   3657.7 1.081E+02 4.966E+10 2.736E-03 1.020E-01 2.000E+05 0.000E+00 0.000E+00 6.054E+05
 4.04500986E-03   3681.9 1.279E+02 5.856E+10 3.258E-03 1.170E-01 2.000E+05 0.000E+00 0.000E+00 6.065E+05
 4.74572950E-03   3707.8 1.501E+02 6.883E+10 3.889E-03 1.362E-01 2.000E+05 0.000E+00 0.000E+00 6.079E+05
 5.52774413E-03   3735.5 1.748E+02 8.074E+10 4.652E-03 1.612E-01 2.000E+05 0.000E+00 0.000E+00 6.096E+05
 6.39785363E-03   3765.5 2.023E+02 9.461E+10 5.585E-03 1.951E-01 2.000E+05 0.000E+00 0.000E+00 6.122E+05
 7.36225161E-03   3797.5 2.328E+02 1.107E+11 6.715E-03 2.424E-01 2.000E+05 0.000E+00 0.000E+00 6.136E+05
 8.45282132E-03   3832.4 2.673E+02 1.298E+11 7.775E-03 2.452E-01 2.000E+05 0.000E+00 0.000E+00 6.159E+05
 9.71471848E-03   3866.0 3.072E+02 1.518E+11 8.935E-03 2.414E-01 2.000E+05 0.000E+00 0.000E+00 6.181E+05
 1.11805509E-02   3898.6 3.536E+02 1.772E+11 1.025E-02 2.379E-01 2.000E+05 0.000E+00 0.000E+00 6.203E+05
 1.28857102E-02   3930.2 4.075E+02 2.064E+11 1.174E-02 2.356E-01 2.000E+05 0.000E+00 0.000E+00 6.223E+05
 1.48709751E-02   3961.2 4.703E+02 2.402E+11 1.345E-02 2.348E-01 2.000E+05 0.000E+00 0.000E+00 6.243E+05
 1.71850623E-02   3991.9 5.434E+02 2.794E+11 1.537E-02 2.343E-01 2.000E+05 0.000E+00 0.000E+00 6.264E+05
 1.98888143E-02   4022.5 6.289E+02 3.250E+11 1.752E-02 2.335E-01 2.000E+05 0.000E+00 0.000E+00 6.284E+05
 2.30496078E-02   4052.6 7.289E+02 3.780E+11 2.000E-02 2.342E-01 2.000E+05 0.000E+00 0.000E+00 6.303E+05
 2.67409955E-02   4082.7 8.456E+02 4.395E+11 2.285E-02 2.365E-01 2.000E+05 0.000E+00 0.000E+00 6.323E+05
 3.10473914E-02   4112.7 9.818E+02 5.109E+11 2.612E-02 2.405E-01 2.000E+05 0.000E+00 0.000E+00 6.343E+05
 3.60815816E-02   4142.9 1.141E+03 5.941E+11 2.972E-02 2.437E-01 2.000E+05 0.000E+00 0.000E+00 6.363E+05
 4.19869824E-02   4173.1 1.328E+03 6.911E+11 3.376E-02 2.475E-01 2.000E+05 0.000E+00 0.000E+00 6.382E+05
 4.89324615E-02   4203.8 1.547E+03 8.049E+11 3.823E-02 2.508E-01 2.000E+05 0.000E+00 0.000E+00 6.403E+05
 5.71070690E-02   4234.5 1.806E+03 9.376E+11 4.335E-02 2.558E-01 2.000E+05 0.000E+00 0.000E+00 6.423E+05
 6.67151008E-02   4265.3 2.110E+03 1.093E+12 4.921E-02 2.627E-01 2.000E+05 0.000E+00 0.000E+00 6.443E+05
 7.79944568E-02   4296.3 2.466E+03 1.273E+12 5.593E-02 2.717E-01 2.000E+05 0.000E+00 0.000E+00 6.463E+05
 9.12192275E-02   4327.7 2.885E+03 1.485E+12 6.363E-02 2.829E-01 2.000E+05 0.000E+00 0.000E+00 6.484E+05
 1.06764383E-01   4360.1 3.376E+03 1.732E+12 7.191E-02 2.953E-01 2.000E+05 0.000E+00 0.000E+00 6.505E+05
 1.25216307E-01   4393.3 3.960E+03 2.026E+12 8.053E-02 3.125E-01 2.000E+05 0.000E+00 0.000E+00 6.527E+05
 1.47042016E-01   4428.5 4.650E+03 2.375E+12 9.143E-02 3.350E-01 2.000E+05 0.000E+00 0.000E+00 6.550E+05
 1.72549302E-01   4465.8 5.456E+03 2.788E+12 1.048E-01 3.625E-01 2.000E+05 0.000E+00 0.000E+00 6.574E+05
 2.02138438E-01   4505.4 6.392E+03 3.274E+12 1.208E-01 3.954E-01 2.000E+05 0.000E+00 0.000E+00 6.599E+05
 2.36262503E-01   4547.8 7.471E+03 3.848E+12 1.399E-01 4.355E-01 2.000E+05 0.000E+00 0.000E+00 6.627E+05
 2.75645241E-01   4594.5 8.717E+03 4.532E+12 1.611E-01 4.680E-01 2.000E+05 0.000E+00 0.000E+00 6.657E+05
 3.21507921E-01   4643.2 1.017E+04 5.341E+12 1.837E-01 4.911E-01 2.000E+05 0.000E+00 0.000E+00 6.688E+05
 3.75129590E-01   4693.1 1.186E+04 6.295E+12 2.096E-01 5.210E-01 2.000E+05 0.000E+00 0.000E+00 6.721E+05
 4.37760311E-01   4745.7 1.384E+04 7.429E+12 2.395E-01 5.594E-01 2.000E+05 0.000E+00 0.000E+00 6.756E+05
 5.10731248E-01   4802.9 1.615E+04 8.789E+12 2.746E-01 6.095E-01 2.000E+05 0.000E+00 0.000E+00 6.795E+05
 5.95265784E-01   4867.5 1.882E+04 1.044E+13 3.173E-01 6.776E-01 2.000E+05 0.000E+00 0.000E+00 6.840E+05
 6.92698337E-01   4942.2 2.190E+04 1.246E+13 3.674E-01 7.581E-01 2.000E+05 0.000E+00 0.000E+00 6.894E+05
 8.04855521E-01   5029.2 2.545E+04 1.494E+13 4.257E-01 8.511E-01 2.000E+05 0.000E+00 0.000E+00 6.961E+05
 9.34326678E-01   5130.5 2.955E+04 1.800E+13 4.903E-01 9.501E-01 2.000E+05 0.000E+00 0.000E+00 7.043E+05
 1.08426982E+00   5249.0 3.429E+04 2.179E+13 5.644E-01 1.064E+00 2.000E+05 0.000E+00 0.000E+00 7.144E+05
 1.25816371E+00   5388.2 3.979E+04 2.648E+13 6.481E-01 1.194E+00 2.000E+05 0.000E+00 0.000E+00 7.264E+05
 1.46094054E+00   5550.6 4.620E+04 3.233E+13 7.385E-01 1.332E+00 2.000E+05 0.000E+00 0.000E+00 7.398E+05
 1.69845619E+00   5740.2 5.371E+04 3.980E+13 8.408E-01 1.491E+00 2.000E+05 0.000E+00 0.000E+00 7.541E+05
 1.97476246E+00   5961.9 6.245E+04 5.007E+13 9.729E-01 1.709E+00 2.000E+05 0.000E+00 0.000E+00 7.685E+05
 2.28789259E+00   6219.9 7.235E+04 6.632E+13 1.170E+00 2.036E+00 2.000E+05 9.253E+01 0.000E+00 7.823E+05
 2.62165302E+00   6517.1 8.290E+04 9.573E+13 1.533E+00 2.661E+00 2.000E+05 1.788E+05 1.370E+03 7.947E+05
 2.94332878E+00   6861.7 9.307E+04 1.532E+14 2.239E+00 3.878E+00 2.000E+05 9.742E+06 1.642E+04 8.053E+05
 3.22234181E+00   7257.0 1.019E+05 2.668E+14 3.604E+00 6.151E+00 2.000E+05 7.882E+07 5.920E+04 8.132E+05
 3.44486219E+00   7693.4 1.089E+05 4.810E+14 6.179E+00 9.749E+00 2.000E+05 3.849E+08 1.052E+05 8.183E+05
 3.61960222E+00   8108.1 1.145E+05 8.113E+14 1.027E+01 1.303E+01 2.000E+05 1.088E+09 1.632E+05 8.223E+05
 3.76599239E+00   8453.6 1.191E+05 1.218E+15 1.559E+01 1.390E+01 2.000E+05 1.972E+09 1.981E+05 8.268E+05
 3.90112500E+00   8728.6 1.234E+05 1.655E+15 2.158E+01 1.296E+01 2.000E+05 2.672E+09 2.100E+05 8.318E+05
 4.03505326E+00   8962.2 1.276E+05 2.122E+15 2.834E+01 1.191E+01 2.000E+05 3.120E+09 2.143E+05 8.374E+05
 4.17363506E+00   9170.3 1.320E+05 2.628E+15 3.593E+01 1.093E+01 2.000E+05 3.399E+09 2.141E+05 8.434E+05
 4.32126231E+00   9361.6 1.366E+05 3.180E+15 4.450E+01 1.011E+01 2.000E+05 3.588E+09 2.125E+05 8.498E+05
 4.48140270E+00   9543.8 1.417E+05 3.793E+15 5.436E+01 9.413E+00 2.000E+05 3.715E+09 2.107E+05 8.566E+05
 4.65722815E+00   9720.1 1.473E+05 4.478E+15 6.567E+01 8.709E+00 2.000E+05 3.810E+09 2.067E+05 8.639E+05
 4.85244407E+00   9890.3 1.534E+05 5.239E+15 7.849E+01 8.195E+00 2.000E+05 3.883E+09 2.055E+05 8.715E+05
 5.07016562E+00  10066.0 1.603E+05 6.131E+15 9.380E+01 7.595E+00 2.000E+05 3.930E+09 2.001E+05 8.800E+05
 5.31538109E+00  10228.8 1.681E+05 7.083E+15 1.102E+02 7.510E+00 2.000E+05 3.971E+09 1.990E+05 8.883E+05
PRADK 1.2233E+00
BEGIN                    ITERATION  15 COMPLETED
