TEFF   6250.  GRAVITY 2.50000 LTE 
TITLE  [0.5a] VTURB=2  L/H=1.25 NOVER NEW ODF                                   
 OPACITY IFOP 1 1 1 1 1 1 1 1 1 1 1 1 1 0 1 0 0 0 0 0
 CONVECTION ON   1.25 TURBULENCE OFF  0.00  0.00  0.00  0.00
ABUNDANCE SCALE   3.16623 ABUNDANCE CHANGE 1 0.91440 2 0.07782
 ABUNDANCE CHANGE  3 -10.94  4 -10.64  5  -9.49  6  -3.52  7  -4.12  8  -2.81
 ABUNDANCE CHANGE  9  -7.48 10  -3.56 11  -5.71 12  -4.06 13  -5.57 14  -4.09
 ABUNDANCE CHANGE 15  -6.59 16  -4.31 17  -6.54 18  -5.24 19  -6.92 20  -5.28
 ABUNDANCE CHANGE 21  -8.87 22  -6.62 23  -8.04 24  -6.37 25  -6.65 26  -4.54
 ABUNDANCE CHANGE 27  -7.12 28  -5.79 29  -7.83 30  -7.44 31  -9.16 32  -8.63
 ABUNDANCE CHANGE 33  -9.67 34  -8.63 35  -9.41 36  -8.73 37  -9.44 38  -9.07
 ABUNDANCE CHANGE 39  -9.80 40  -9.44 41 -10.62 42 -10.12 43 -20.00 44 -10.20
 ABUNDANCE CHANGE 45 -10.92 46 -10.35 47 -11.10 48 -10.27 49 -10.38 50 -10.04
 ABUNDANCE CHANGE 51 -11.04 52  -9.80 53 -10.53 54  -9.87 55 -10.91 56  -9.91
 ABUNDANCE CHANGE 57 -10.87 58 -10.46 59 -11.33 60 -10.54 61 -20.00 62 -11.03
 ABUNDANCE CHANGE 63 -11.53 64 -10.92 65 -11.69 66 -10.90 67 -11.78 68 -11.11
 ABUNDANCE CHANGE 69 -12.04 70 -10.96 71 -11.98 72 -11.16 73 -12.17 74 -10.93
 ABUNDANCE CHANGE 75 -11.76 76 -10.59 77 -10.69 78 -10.24 79 -11.03 80 -10.91
 ABUNDANCE CHANGE 81 -11.14 82 -10.09 83 -11.33 84 -20.00 85 -20.00 86 -20.00
 ABUNDANCE CHANGE 87 -20.00 88 -20.00 89 -20.00 90 -11.95 91 -20.00 92 -12.54
 ABUNDANCE CHANGE 93 -20.00 94 -20.00 95 -20.00 96 -20.00 97 -20.00 98 -20.00
 ABUNDANCE CHANGE 99 -20.00
READ DECK6 72 RHOX,T,P,XNE,ABROSS,ACCRAD,VTURB, FLXCNV,VCONV,VELSND
 4.08652292E-04   3717.4 1.292E-01 1.653E+08 3.263E-04 6.492E-02 2.000E+05 0.000E+00 0.000E+00 3.076E+06
 5.42291313E-04   3741.0 1.715E-01 2.176E+08 3.393E-04 7.165E-02 2.000E+05 0.000E+00 0.000E+00 2.694E+06
 7.13182469E-04   3765.2 2.255E-01 2.839E+08 3.548E-04 7.775E-02 2.000E+05 0.000E+00 0.000E+00 2.381E+06
 9.30086338E-04   3792.7 2.941E-01 3.672E+08 3.744E-04 8.432E-02 2.000E+05 0.000E+00 0.000E+00 2.108E+06
 1.20537674E-03   3821.9 3.811E-01 4.720E+08 3.908E-04 8.675E-02 2.000E+05 0.000E+00 0.000E+00 1.882E+06
 1.55835935E-03   3852.5 4.927E-01 6.052E+08 4.057E-04 8.584E-02 2.000E+05 0.000E+00 0.000E+00 1.689E+06
 2.01113933E-03   3884.1 6.358E-01 7.745E+08 4.225E-04 8.391E-02 2.000E+05 0.000E+00 0.000E+00 1.522E+06
 2.58981392E-03   3915.9 8.188E-01 9.891E+08 4.416E-04 8.136E-02 2.000E+05 0.000E+00 0.000E+00 1.379E+06
 3.32633796E-03   3947.5 1.052E+00 1.260E+09 4.638E-04 7.879E-02 2.000E+05 0.000E+00 0.000E+00 1.257E+06
 4.25823827E-03   3979.2 1.346E+00 1.600E+09 4.905E-04 7.716E-02 2.000E+05 0.000E+00 0.000E+00 1.154E+06
 5.42952208E-03   4010.9 1.717E+00 2.023E+09 5.219E-04 7.644E-02 2.000E+05 0.000E+00 0.000E+00 1.068E+06
 6.89389480E-03   4042.9 2.179E+00 2.548E+09 5.578E-04 7.545E-02 2.000E+05 0.000E+00 0.000E+00 9.956E+05
 8.71649724E-03   4075.0 2.756E+00 3.197E+09 5.990E-04 7.424E-02 2.000E+05 0.000E+00 0.000E+00 9.357E+05
 1.09736470E-02   4107.5 3.469E+00 3.993E+09 6.468E-04 7.325E-02 2.000E+05 0.000E+00 0.000E+00 8.863E+05
 1.37523838E-02   4140.7 4.348E+00 4.966E+09 7.027E-04 7.257E-02 2.000E+05 0.000E+00 0.000E+00 8.460E+05
 1.71538195E-02   4174.7 5.423E+00 6.149E+09 7.674E-04 7.166E-02 2.000E+05 0.000E+00 0.000E+00 8.133E+05
 2.12963174E-02   4209.3 6.733E+00 7.578E+09 8.422E-04 7.110E-02 2.000E+05 0.000E+00 0.000E+00 7.868E+05
 2.63211591E-02   4244.5 8.322E+00 9.301E+09 9.272E-04 6.992E-02 2.000E+05 0.000E+00 0.000E+00 7.657E+05
 3.23975103E-02   4280.0 1.024E+01 1.137E+10 1.024E-03 6.840E-02 2.000E+05 0.000E+00 0.000E+00 7.487E+05
 3.97104523E-02   4315.5 1.255E+01 1.384E+10 1.138E-03 6.747E-02 2.000E+05 0.000E+00 0.000E+00 7.353E+05
 4.84759088E-02   4350.9 1.533E+01 1.679E+10 1.268E-03 6.631E-02 2.000E+05 0.000E+00 0.000E+00 7.247E+05
 5.89129758E-02   4386.0 1.863E+01 2.029E+10 1.427E-03 6.654E-02 2.000E+05 0.000E+00 0.000E+00 7.165E+05
 7.12518745E-02   4421.1 2.253E+01 2.439E+10 1.613E-03 6.762E-02 2.000E+05 0.000E+00 0.000E+00 7.102E+05
 8.57966272E-02   4456.3 2.713E+01 2.921E+10 1.825E-03 6.854E-02 2.000E+05 0.000E+00 0.000E+00 7.055E+05
 1.02938494E-01   4491.5 3.254E+01 3.486E+10 2.066E-03 6.953E-02 2.000E+05 0.000E+00 0.000E+00 7.020E+05
 1.23091638E-01   4527.2 3.892E+01 4.149E+10 2.347E-03 7.140E-02 2.000E+05 0.000E+00 0.000E+00 6.996E+05
 1.46733268E-01   4563.3 4.639E+01 4.923E+10 2.668E-03 7.344E-02 2.000E+05 0.000E+00 0.000E+00 6.980E+05
 1.74620125E-01   4600.6 5.521E+01 5.836E+10 3.000E-03 7.293E-02 2.000E+05 0.000E+00 0.000E+00 6.972E+05
 2.07721395E-01   4638.5 6.567E+01 6.916E+10 3.370E-03 7.149E-02 2.000E+05 0.000E+00 0.000E+00 6.969E+05
 2.46982221E-01   4676.4 7.809E+01 8.196E+10 3.792E-03 6.995E-02 2.000E+05 0.000E+00 0.000E+00 6.971E+05
 2.93468850E-01   4714.3 9.278E+01 9.708E+10 4.275E-03 6.836E-02 2.000E+05 0.000E+00 0.000E+00 6.976E+05
 3.48375203E-01   4752.1 1.101E+02 1.149E+11 4.834E-03 6.729E-02 2.000E+05 0.000E+00 0.000E+00 6.984E+05
 4.13001745E-01   4790.2 1.306E+02 1.359E+11 5.487E-03 6.685E-02 2.000E+05 0.000E+00 0.000E+00 6.995E+05
 4.88558984E-01   4827.4 1.545E+02 1.604E+11 6.286E-03 6.903E-02 2.000E+05 0.000E+00 0.000E+00 7.007E+05
 5.76567353E-01   4866.2 1.823E+02 1.890E+11 7.188E-03 7.114E-02 2.000E+05 0.000E+00 0.000E+00 7.022E+05
 6.79258984E-01   4906.0 2.148E+02 2.225E+11 8.210E-03 7.309E-02 2.000E+05 0.000E+00 0.000E+00 7.040E+05
 7.99209192E-01   4946.7 2.527E+02 2.618E+11 9.369E-03 7.496E-02 2.000E+05 0.000E+00 0.000E+00 7.058E+05
 9.39454651E-01   4988.2 2.970E+02 3.080E+11 1.069E-02 7.679E-02 2.000E+05 0.000E+00 0.000E+00 7.078E+05
 1.10327423E+00   5030.1 3.488E+02 3.624E+11 1.221E-02 7.989E-02 2.000E+05 0.000E+00 0.000E+00 7.099E+05
 1.29412589E+00   5073.3 4.091E+02 4.263E+11 1.400E-02 8.441E-02 2.000E+05 0.000E+00 0.000E+00 7.121E+05
 1.51621253E+00   5118.6 4.794E+02 5.018E+11 1.603E-02 8.921E-02 2.000E+05 0.000E+00 0.000E+00 7.145E+05
 1.77484804E+00   5166.1 5.611E+02 5.914E+11 1.835E-02 9.437E-02 2.000E+05 0.000E+00 0.000E+00 7.169E+05
 2.07608857E+00   5216.0 6.563E+02 6.983E+11 2.102E-02 1.001E-01 2.000E+05 0.000E+00 0.000E+00 7.195E+05
 2.42684882E+00   5268.6 7.672E+02 8.265E+11 2.408E-02 1.065E-01 2.000E+05 0.000E+00 0.000E+00 7.221E+05
 2.83494559E+00   5324.3 8.962E+02 9.813E+11 2.761E-02 1.138E-01 2.000E+05 0.000E+00 0.000E+00 7.249E+05
 3.30869091E+00   5384.1 1.046E+03 1.170E+12 3.178E-02 1.232E-01 2.000E+05 0.000E+00 0.000E+00 7.278E+05
 3.85471207E+00   5450.6 1.219E+03 1.405E+12 3.698E-02 1.374E-01 2.000E+05 0.000E+00 0.000E+00 7.308E+05
 4.47813989E+00   5526.4 1.416E+03 1.705E+12 4.335E-02 1.544E-01 2.000E+05 0.000E+00 0.000E+00 7.340E+05
 5.18393184E+00   5612.6 1.639E+03 2.097E+12 5.132E-02 1.753E-01 2.000E+05 0.000E+00 0.000E+00 7.373E+05
 5.97399291E+00   5710.6 1.888E+03 2.624E+12 6.157E-02 2.020E-01 2.000E+05 0.000E+00 0.000E+00 7.407E+05
 6.84144410E+00   5823.7 2.163E+03 3.363E+12 7.581E-02 2.410E-01 2.000E+05 0.000E+00 0.000E+00 7.440E+05
 7.76640761E+00   5956.4 2.455E+03 4.447E+12 9.631E-02 2.988E-01 2.000E+05 0.000E+00 0.000E+00 7.471E+05
 8.72284696E+00   6111.2 2.757E+03 6.098E+12 1.262E-01 3.823E-01 2.000E+05 2.779E-05 0.000E+00 7.497E+05
 9.67448998E+00   6293.0 3.057E+03 8.722E+12 1.733E-01 5.173E-01 2.000E+05 9.265E-02 2.578E+01 7.516E+05
 1.05754700E+01   6507.1 3.342E+03 1.306E+13 2.505E-01 7.413E-01 2.000E+05 7.106E+00 3.680E+02 7.525E+05
 1.13828365E+01   6759.0 3.596E+03 2.046E+13 3.841E-01 1.136E+00 2.000E+05 4.312E+02 1.475E+03 7.526E+05
 1.20604411E+01   7059.5 3.810E+03 3.366E+13 6.321E-01 1.877E+00 2.000E+05 3.425E+04 5.463E+03 7.531E+05
 1.25909250E+01   7406.7 3.976E+03 5.701E+13 1.114E+00 3.356E+00 2.000E+05 2.138E+06 2.210E+04 7.565E+05
 1.29705488E+01   7829.8 4.094E+03 1.013E+14 2.183E+00 6.723E+00 2.000E+05 2.775E+07 8.172E+04 7.668E+05
 1.32119817E+01   8337.0 4.168E+03 1.846E+14 4.749E+00 1.378E+01 2.000E+05 4.696E+08 1.732E+05 7.891E+05
 1.33676319E+01   8793.7 4.215E+03 2.938E+14 9.155E+00 1.991E+01 2.000E+05 1.800E+09 4.398E+05 8.191E+05
 1.34889904E+01   9116.1 4.251E+03 3.915E+14 1.402E+01 1.909E+01 2.000E+05 3.466E+09 5.709E+05 8.462E+05
 1.36040899E+01   9345.3 4.285E+03 4.709E+14 1.857E+01 1.632E+01 2.000E+05 4.647E+09 6.173E+05 8.686E+05
 1.37233664E+01   9550.9 4.321E+03 5.479E+14 2.337E+01 1.439E+01 2.000E+05 5.350E+09 6.525E+05 8.909E+05
 1.38523547E+01   9736.5 4.360E+03 6.213E+14 2.832E+01 1.288E+01 2.000E+05 5.775E+09 6.719E+05 9.128E+05
 1.39957054E+01   9920.3 4.404E+03 6.962E+14 3.370E+01 1.195E+01 2.000E+05 6.032E+09 6.883E+05 9.361E+05
 1.41581521E+01  10103.1 4.453E+03 7.718E+14 3.925E+01 1.139E+01 2.000E+05 6.192E+09 7.045E+05 9.606E+05
 1.43452171E+01  10300.6 4.510E+03 8.527E+14 4.522E+01 1.101E+01 2.000E+05 6.301E+09 7.160E+05 9.884E+05
 1.45635224E+01  10505.7 4.577E+03 9.346E+14 5.131E+01 1.116E+01 2.000E+05 6.371E+09 7.376E+05 1.018E+06
 1.48204618E+01  10754.3 4.655E+03 1.026E+15 5.804E+01 1.152E+01 2.000E+05 6.403E+09 7.499E+05 1.056E+06
 1.51270490E+01  11018.5 4.748E+03 1.114E+15 6.396E+01 1.291E+01 2.000E+05 6.412E+09 7.812E+05 1.095E+06
 1.55043061E+01  11411.4 4.862E+03 1.215E+15 6.863E+01 1.532E+01 2.000E+05 6.344E+09 8.093E+05 1.153E+06
PRADK 2.0401E+00
BEGIN                    ITERATION  15 COMPLETED
