TEFF   7000.  GRAVITY 1.50000 LTE 
TITLE  [0.5a] VTURB=2  L/H=1.25 NOVER NEW ODF                                   
 OPACITY IFOP 1 1 1 1 1 1 1 1 1 1 1 1 1 0 1 0 0 0 0 0
 CONVECTION ON   1.25 TURBULENCE OFF  0.00  0.00  0.00  0.00
ABUNDANCE SCALE   3.16623 ABUNDANCE CHANGE 1 0.91440 2 0.07782
 ABUNDANCE CHANGE  3 -10.94  4 -10.64  5  -9.49  6  -3.52  7  -4.12  8  -2.81
 ABUNDANCE CHANGE  9  -7.48 10  -3.56 11  -5.71 12  -4.06 13  -5.57 14  -4.09
 ABUNDANCE CHANGE 15  -6.59 16  -4.31 17  -6.54 18  -5.24 19  -6.92 20  -5.28
 ABUNDANCE CHANGE 21  -8.87 22  -6.62 23  -8.04 24  -6.37 25  -6.65 26  -4.54
 ABUNDANCE CHANGE 27  -7.12 28  -5.79 29  -7.83 30  -7.44 31  -9.16 32  -8.63
 ABUNDANCE CHANGE 33  -9.67 34  -8.63 35  -9.41 36  -8.73 37  -9.44 38  -9.07
 ABUNDANCE CHANGE 39  -9.80 40  -9.44 41 -10.62 42 -10.12 43 -20.00 44 -10.20
 ABUNDANCE CHANGE 45 -10.92 46 -10.35 47 -11.10 48 -10.27 49 -10.38 50 -10.04
 ABUNDANCE CHANGE 51 -11.04 52  -9.80 53 -10.53 54  -9.87 55 -10.91 56  -9.91
 ABUNDANCE CHANGE 57 -10.87 58 -10.46 59 -11.33 60 -10.54 61 -20.00 62 -11.03
 ABUNDANCE CHANGE 63 -11.53 64 -10.92 65 -11.69 66 -10.90 67 -11.78 68 -11.11
 ABUNDANCE CHANGE 69 -12.04 70 -10.96 71 -11.98 72 -11.16 73 -12.17 74 -10.93
 ABUNDANCE CHANGE 75 -11.76 76 -10.59 77 -10.69 78 -10.24 79 -11.03 80 -10.91
 ABUNDANCE CHANGE 81 -11.14 82 -10.09 83 -11.33 84 -20.00 85 -20.00 86 -20.00
 ABUNDANCE CHANGE 87 -20.00 88 -20.00 89 -20.00 90 -11.95 91 -20.00 92 -12.54
 ABUNDANCE CHANGE 93 -20.00 94 -20.00 95 -20.00 96 -20.00 97 -20.00 98 -20.00
 ABUNDANCE CHANGE 99 -20.00
READ DECK6 72 RHOX,T,P,XNE,ABROSS,ACCRAD,VTURB, FLXCNV,VCONV,VELSND
 1.82971981E-04   4081.2 5.738E-03 1.718E+07 7.288E-04 2.638E-01 2.000E+05 0.000E+00 0.000E+00 1.577E+07
 2.44011112E-04   4105.7 7.652E-03 2.238E+07 7.285E-04 2.743E-01 2.000E+05 0.000E+00 0.000E+00 1.377E+07
 3.26794292E-04   4126.8 1.025E-02 2.894E+07 7.044E-04 2.405E-01 2.000E+05 0.000E+00 0.000E+00 1.203E+07
 4.42837364E-04   4145.0 1.389E-02 3.745E+07 6.587E-04 1.705E-01 2.000E+05 0.000E+00 5.840E+06 1.047E+07
 6.06957503E-04   4166.1 1.906E-02 4.923E+07 6.309E-04 1.378E-01 2.000E+05 0.000E+00 4.474E+06 9.047E+06
 8.31530266E-04   4191.8 2.613E-02 6.543E+07 6.231E-04 1.325E-01 2.000E+05 0.000E+00 3.420E+06 7.806E+06
 1.13332210E-03   4219.8 3.563E-02 8.705E+07 6.206E-04 1.284E-01 2.000E+05 0.000E+00 2.519E+06 6.747E+06
 1.53584483E-03   4250.1 4.831E-02 1.159E+08 6.225E-04 1.241E-01 2.000E+05 0.000E+00 1.822E+06 5.843E+06
 2.06962142E-03   4281.9 6.513E-02 1.540E+08 6.273E-04 1.196E-01 2.000E+05 0.000E+00 1.271E+06 5.073E+06
 2.77473224E-03   4314.6 8.734E-02 2.043E+08 6.343E-04 1.151E-01 2.000E+05 0.000E+00 8.466E+05 4.416E+06
 3.70302441E-03   4348.3 1.166E-01 2.703E+08 6.436E-04 1.112E-01 2.000E+05 0.000E+00 5.349E+05 3.854E+06
 4.91957344E-03   4383.0 1.549E-01 3.569E+08 6.568E-04 1.090E-01 2.000E+05 0.000E+00 3.154E+05 3.374E+06
 6.50301406E-03   4419.3 2.048E-01 4.707E+08 6.753E-04 1.081E-01 2.000E+05 0.000E+00 1.748E+05 2.963E+06
 8.54966574E-03   4457.5 2.693E-01 6.206E+08 6.990E-04 1.073E-01 2.000E+05 0.000E+00 8.654E+04 2.610E+06
 1.11764352E-02   4497.6 3.521E-01 8.175E+08 7.288E-04 1.064E-01 2.000E+05 0.000E+00 3.633E+04 2.310E+06
 1.45234915E-02   4539.3 4.576E-01 1.075E+09 7.652E-04 1.056E-01 2.000E+05 0.000E+00 9.155E+03 2.053E+06
 1.87655018E-02   4582.1 5.913E-01 1.410E+09 8.061E-04 1.034E-01 2.000E+05 0.000E+00 0.000E+00 1.834E+06
 2.41435642E-02   4625.0 7.609E-01 1.843E+09 8.467E-04 9.828E-02 2.000E+05 0.000E+00 0.000E+00 1.648E+06
 3.09637374E-02   4667.8 9.759E-01 2.400E+09 8.916E-04 9.343E-02 2.000E+05 0.000E+00 0.000E+00 1.489E+06
 3.95812269E-02   4710.5 1.248E+00 3.114E+09 9.431E-04 8.941E-02 2.000E+05 0.000E+00 0.000E+00 1.354E+06
 5.04221725E-02   4753.5 1.589E+00 4.028E+09 1.002E-03 8.540E-02 2.000E+05 0.000E+00 0.000E+00 1.239E+06
 6.39924592E-02   4796.7 2.017E+00 5.194E+09 1.071E-03 8.189E-02 2.000E+05 0.000E+00 0.000E+00 1.143E+06
 8.08335794E-02   4840.0 2.549E+00 6.670E+09 1.156E-03 8.025E-02 2.000E+05 0.000E+00 0.000E+00 1.062E+06
 1.01557723E-01   4883.7 3.202E+00 8.532E+09 1.257E-03 7.869E-02 2.000E+05 0.000E+00 0.000E+00 9.954E+05
 1.26893545E-01   4927.5 4.002E+00 1.087E+10 1.375E-03 7.775E-02 2.000E+05 0.000E+00 0.000E+00 9.401E+05
 1.57669918E-01   4971.7 4.972E+00 1.378E+10 1.514E-03 7.682E-02 2.000E+05 0.000E+00 0.000E+00 8.947E+05
 1.94852160E-01   5016.0 6.145E+00 1.741E+10 1.676E-03 7.602E-02 2.000E+05 0.000E+00 0.000E+00 8.576E+05
 2.39472173E-01   5060.4 7.553E+00 2.189E+10 1.869E-03 7.596E-02 2.000E+05 0.000E+00 0.000E+00 8.273E+05
 2.92661801E-01   5105.5 9.231E+00 2.743E+10 2.097E-03 7.612E-02 2.000E+05 0.000E+00 0.000E+00 8.026E+05
 3.55665112E-01   5151.2 1.122E+01 3.426E+10 2.368E-03 7.675E-02 2.000E+05 0.000E+00 0.000E+00 7.827E+05
 4.29832457E-01   5197.7 1.356E+01 4.267E+10 2.690E-03 7.771E-02 2.000E+05 0.000E+00 0.000E+00 7.666E+05
 5.16680163E-01   5245.0 1.630E+01 5.300E+10 3.070E-03 7.876E-02 2.000E+05 0.000E+00 0.000E+00 7.535E+05
 6.17941490E-01   5292.8 1.949E+01 6.563E+10 3.518E-03 7.989E-02 2.000E+05 0.000E+00 0.000E+00 7.431E+05
 7.35597499E-01   5341.3 2.320E+01 8.105E+10 4.044E-03 8.117E-02 2.000E+05 0.000E+00 0.000E+00 7.347E+05
 8.71834259E-01   5390.2 2.750E+01 9.980E+10 4.666E-03 8.291E-02 2.000E+05 0.000E+00 0.000E+00 7.280E+05
 1.02896619E+00   5439.5 3.246E+01 1.225E+11 5.405E-03 8.546E-02 2.000E+05 0.000E+00 0.000E+00 7.228E+05
 1.20949874E+00   5489.6 3.815E+01 1.501E+11 6.284E-03 8.881E-02 2.000E+05 0.000E+00 0.000E+00 7.186E+05
 1.41631964E+00   5540.6 4.467E+01 1.837E+11 7.322E-03 9.263E-02 2.000E+05 0.000E+00 0.000E+00 7.154E+05
 1.65280028E+00   5592.3 5.213E+01 2.243E+11 8.546E-03 9.704E-02 2.000E+05 0.000E+00 0.000E+00 7.129E+05
 1.92274663E+00   5645.0 6.064E+01 2.735E+11 9.992E-03 1.022E-01 2.000E+05 0.000E+00 0.000E+00 7.110E+05
 2.23039225E+00   5698.7 7.033E+01 3.333E+11 1.170E-02 1.084E-01 2.000E+05 0.000E+00 0.000E+00 7.095E+05
 2.58035876E+00   5753.8 8.136E+01 4.060E+11 1.373E-02 1.158E-01 2.000E+05 0.000E+00 0.000E+00 7.088E+05
 2.97721965E+00   5810.6 9.386E+01 4.948E+11 1.618E-02 1.255E-01 2.000E+05 0.000E+00 0.000E+00 7.082E+05
 3.42516237E+00   5870.3 1.080E+02 6.045E+11 1.917E-02 1.377E-01 2.000E+05 0.000E+00 0.000E+00 7.079E+05
 3.92784676E+00   5933.8 1.238E+02 7.417E+11 2.285E-02 1.531E-01 2.000E+05 0.000E+00 0.000E+00 7.079E+05
 4.48804989E+00   6002.1 1.414E+02 9.151E+11 2.745E-02 1.727E-01 2.000E+05 0.000E+00 0.000E+00 7.079E+05
 5.10702333E+00   6076.8 1.609E+02 1.138E+12 3.330E-02 1.981E-01 2.000E+05 0.000E+00 0.000E+00 7.082E+05
 5.78328583E+00   6159.8 1.821E+02 1.430E+12 4.093E-02 2.320E-01 2.000E+05 0.000E+00 0.000E+00 7.085E+05
 6.50978570E+00   6253.8 2.049E+02 1.823E+12 5.135E-02 2.800E-01 2.000E+05 0.000E+00 0.000E+00 7.090E+05
 7.27293581E+00   6362.3 2.288E+02 2.368E+12 6.600E-02 3.487E-01 2.000E+05 4.065E-07 0.000E+00 7.098E+05
 8.05322975E+00   6489.2 2.532E+02 3.147E+12 8.743E-02 4.508E-01 2.000E+05 2.021E-05 1.224E+01 7.110E+05
 8.82405506E+00   6639.3 2.771E+02 4.296E+12 1.205E-01 6.107E-01 2.000E+05 4.952E-04 4.204E+01 7.131E+05
 9.55154574E+00   6819.1 2.996E+02 6.054E+12 1.748E-01 8.791E-01 2.000E+05 1.653E-02 1.139E+02 7.168E+05
 1.02007427E+01   7035.1 3.194E+02 8.826E+12 2.693E-01 1.352E+00 2.000E+05 9.835E-01 3.497E+02 7.234E+05
 1.07420554E+01   7295.4 3.356E+02 1.332E+13 4.470E-01 2.251E+00 2.000E+05 9.923E+01 1.307E+03 7.348E+05
 1.11598770E+01   7606.8 3.476E+02 2.065E+13 8.008E-01 4.048E+00 2.000E+05 1.390E+04 5.859E+03 7.537E+05
 1.14596943E+01   7972.0 3.554E+02 3.227E+13 1.531E+00 7.702E+00 2.000E+05 8.505E+05 2.980E+04 7.839E+05
 1.16657196E+01   8389.2 3.597E+02 4.930E+13 2.984E+00 1.475E+01 2.000E+05 1.193E+07 1.174E+05 8.305E+05
 1.18097231E+01   8850.9 3.613E+02 7.069E+13 5.502E+00 2.642E+01 2.000E+05 3.712E+07 2.837E+05 8.983E+05
 1.19208139E+01   9350.3 3.611E+02 9.158E+13 8.737E+00 4.077E+01 2.000E+05 5.606E+07 3.522E+05 9.871E+05
 1.20263906E+01   9898.6 3.596E+02 1.056E+14 1.106E+01 5.073E+01 2.000E+05 4.607E+07 3.799E+05 1.089E+06
 1.21528218E+01  10500.3 3.572E+02 1.099E+14 1.096E+01 4.968E+01 2.000E+05 1.779E+07 2.178E+05 1.194E+06
 1.23382462E+01  11167.2 3.545E+02 1.073E+14 9.266E+00 4.213E+01 2.000E+05 1.785E+06 6.185E+04 1.316E+06
 1.26481992E+01  11898.9 3.530E+02 1.019E+14 7.004E+00 3.156E+01 2.000E+05 2.430E+04 1.577E+04 1.457E+06
 1.32073424E+01  12707.1 3.556E+02 9.686E+13 5.137E+00 2.319E+01 2.000E+05 2.921E+02 5.905E+03 1.565E+06
 1.42177644E+01  13589.3 3.675E+02 9.417E+13 3.836E+00 1.732E+01 2.000E+05 1.828E+01 3.421E+03 1.609E+06
 1.59633725E+01  14554.5 3.959E+02 9.580E+13 3.066E+00 1.385E+01 2.000E+05 5.299E+00 2.617E+03 1.654E+06
 1.87682915E+01  15597.4 4.489E+02 1.028E+14 2.636E+00 1.192E+01 2.000E+05 1.848E+00 1.589E+03 1.776E+06
 2.29619341E+01  16731.1 5.337E+02 1.149E+14 2.428E+00 1.100E+01 2.000E+05 3.440E-01 7.735E+02 1.943E+06
 2.88485215E+01  17944.0 6.564E+02 1.322E+14 2.353E+00 1.060E+01 2.000E+05 3.857E-02 3.733E+02 2.083E+06
 3.69817596E+01  19268.1 8.288E+02 1.556E+14 2.262E+00 1.024E+01 2.000E+05 1.643E-02 8.592E+01 2.191E+06
 4.82531825E+01  20682.4 1.073E+03 1.879E+14 2.176E+00 9.648E+00 2.000E+05 2.895E-02 5.006E+02 2.278E+06
PRADK 3.2128E+00
BEGIN                    ITERATION  15 COMPLETED
