TEFF   7500.  GRAVITY 0.50000 LTE 
TITLE  [0.5a] VTURB=2  L/H=1.25 NOVER NEW ODF                                   
 OPACITY IFOP 1 1 1 1 1 1 1 1 1 1 1 1 1 0 1 0 0 0 0 0
 CONVECTION ON   1.25 TURBULENCE OFF  0.00  0.00  0.00  0.00
ABUNDANCE SCALE   3.16623 ABUNDANCE CHANGE 1 0.91440 2 0.07782
 ABUNDANCE CHANGE  3 -10.94  4 -10.64  5  -9.49  6  -3.52  7  -4.12  8  -2.81
 ABUNDANCE CHANGE  9  -7.48 10  -3.56 11  -5.71 12  -4.06 13  -5.57 14  -4.09
 ABUNDANCE CHANGE 15  -6.59 16  -4.31 17  -6.54 18  -5.24 19  -6.92 20  -5.28
 ABUNDANCE CHANGE 21  -8.87 22  -6.62 23  -8.04 24  -6.37 25  -6.65 26  -4.54
 ABUNDANCE CHANGE 27  -7.12 28  -5.79 29  -7.83 30  -7.44 31  -9.16 32  -8.63
 ABUNDANCE CHANGE 33  -9.67 34  -8.63 35  -9.41 36  -8.73 37  -9.44 38  -9.07
 ABUNDANCE CHANGE 39  -9.80 40  -9.44 41 -10.62 42 -10.12 43 -20.00 44 -10.20
 ABUNDANCE CHANGE 45 -10.92 46 -10.35 47 -11.10 48 -10.27 49 -10.38 50 -10.04
 ABUNDANCE CHANGE 51 -11.04 52  -9.80 53 -10.53 54  -9.87 55 -10.91 56  -9.91
 ABUNDANCE CHANGE 57 -10.87 58 -10.46 59 -11.33 60 -10.54 61 -20.00 62 -11.03
 ABUNDANCE CHANGE 63 -11.53 64 -10.92 65 -11.69 66 -10.90 67 -11.78 68 -11.11
 ABUNDANCE CHANGE 69 -12.04 70 -10.96 71 -11.98 72 -11.16 73 -12.17 74 -10.93
 ABUNDANCE CHANGE 75 -11.76 76 -10.59 77 -10.69 78 -10.24 79 -11.03 80 -10.91
 ABUNDANCE CHANGE 81 -11.14 82 -10.09 83 -11.33 84 -20.00 85 -20.00 86 -20.00
 ABUNDANCE CHANGE 87 -20.00 88 -20.00 89 -20.00 90 -11.95 91 -20.00 92 -12.54
 ABUNDANCE CHANGE 93 -20.00 94 -20.00 95 -20.00 96 -20.00 97 -20.00 98 -20.00
 ABUNDANCE CHANGE 99 -20.00
READ DECK6 72 RHOX,T,P,XNE,ABROSS,ACCRAD,VTURB, FLXCNV,VCONV,VELSND
 2.62637447E-05   4192.9 7.182E-05 1.916E+06 5.077E-03 4.280E-01 2.000E+05 0.000E+00 0.000E+00 7.720E+07
 3.53228733E-05   4207.7 9.662E-05 2.390E+06 4.741E-03 4.204E-01 2.000E+05 0.000E+00 0.000E+00 6.911E+07
 4.81851794E-05   4226.5 1.320E-04 3.055E+06 4.480E-03 4.079E-01 2.000E+05 0.000E+00 0.000E+00 6.110E+07
 6.62907165E-05   4247.6 1.820E-04 3.959E+06 4.256E-03 3.935E-01 2.000E+05 0.000E+00 6.916E+08 5.362E+07
 9.16949966E-05   4270.5 2.525E-04 5.182E+06 4.061E-03 3.801E-01 2.000E+05 0.000E+00 5.098E+08 4.680E+07
 1.27126929E-04   4294.8 3.513E-04 6.824E+06 3.890E-03 3.685E-01 2.000E+05 0.000E+00 3.735E+08 4.071E+07
 1.76325204E-04   4320.6 4.890E-04 9.033E+06 3.746E-03 3.583E-01 2.000E+05 0.000E+00 2.748E+08 3.534E+07
 2.44216912E-04   4348.2 6.797E-04 1.202E+07 3.633E-03 3.502E-01 2.000E+05 0.000E+00 2.046E+08 3.062E+07
 3.37031978E-04   4378.6 9.410E-04 1.611E+07 3.564E-03 3.431E-01 2.000E+05 0.000E+00 1.546E+08 2.649E+07
 4.62323518E-04   4412.3 1.295E-03 2.173E+07 3.543E-03 3.351E-01 2.000E+05 0.000E+00 1.169E+08 2.289E+07
 6.29486380E-04   4448.2 1.768E-03 2.939E+07 3.558E-03 3.271E-01 2.000E+05 0.000E+00 8.791E+07 1.979E+07
 8.50409256E-04   4486.1 2.395E-03 3.978E+07 3.605E-03 3.192E-01 2.000E+05 0.000E+00 6.597E+07 1.713E+07
 1.13998608E-03   4525.7 3.220E-03 5.383E+07 3.681E-03 3.115E-01 2.000E+05 0.000E+00 4.919E+07 1.486E+07
 1.51652293E-03   4566.9 4.294E-03 7.272E+07 3.789E-03 3.068E-01 2.000E+05 0.000E+00 3.527E+07 1.291E+07
 2.00337890E-03   4608.8 5.687E-03 9.787E+07 3.912E-03 2.961E-01 2.000E+05 0.000E+00 2.336E+07 1.124E+07
 2.63164623E-03   4651.2 7.492E-03 1.313E+08 4.045E-03 2.833E-01 2.000E+05 0.000E+00 1.313E+07 9.816E+06
 3.44222169E-03   4693.7 9.831E-03 1.753E+08 4.178E-03 2.696E-01 2.000E+05 0.000E+00 6.226E+06 8.589E+06
 4.49056169E-03   4735.9 1.287E-02 2.330E+08 4.301E-03 2.545E-01 2.000E+05 0.000E+00 5.123E+06 7.531E+06
 5.85073889E-03   4777.9 1.684E-02 3.084E+08 4.416E-03 2.411E-01 2.000E+05 0.000E+00 4.020E+06 6.614E+06
 7.61642318E-03   4820.2 2.200E-02 4.077E+08 4.540E-03 2.327E-01 2.000E+05 0.000E+00 2.956E+06 5.814E+06
 9.90314920E-03   4863.8 2.871E-02 5.394E+08 4.682E-03 2.261E-01 2.000E+05 0.000E+00 2.012E+06 5.114E+06
 1.28538920E-02   4909.0 3.738E-02 7.145E+08 4.848E-03 2.199E-01 2.000E+05 0.000E+00 2.961E+05 4.501E+06
 1.66472507E-02   4955.5 4.856E-02 9.468E+08 5.037E-03 2.140E-01 2.000E+05 0.000E+00 1.668E+05 3.966E+06
 2.15059998E-02   5003.4 6.290E-02 1.255E+09 5.253E-03 2.084E-01 2.000E+05 0.000E+00 9.502E+04 3.500E+06
 2.77079091E-02   5052.4 8.123E-02 1.661E+09 5.497E-03 2.031E-01 2.000E+05 0.000E+00 5.395E+04 3.095E+06
 3.56022636E-02   5102.3 1.046E-01 2.195E+09 5.765E-03 1.984E-01 2.000E+05 0.000E+00 3.055E+04 2.744E+06
 4.56258034E-02   5153.0 1.343E-01 2.896E+09 6.063E-03 1.945E-01 2.000E+05 0.000E+00 1.731E+04 2.439E+06
 5.83149341E-02   5205.0 1.720E-01 3.816E+09 6.397E-03 1.914E-01 2.000E+05 0.000E+00 9.823E+03 2.175E+06
 7.43209685E-02   5258.1 2.196E-01 5.024E+09 6.776E-03 1.890E-01 2.000E+05 0.000E+00 5.581E+03 1.946E+06
 9.44223447E-02   5312.8 2.794E-01 6.609E+09 7.212E-03 1.872E-01 2.000E+05 0.000E+00 3.171E+03 1.748E+06
 1.19539030E-01   5369.0 3.541E-01 8.688E+09 7.717E-03 1.862E-01 2.000E+05 0.000E+00 1.794E+03 1.578E+06
 1.50744450E-01   5426.7 4.470E-01 1.141E+10 8.307E-03 1.858E-01 2.000E+05 0.000E+00 1.008E+03 1.431E+06
 1.89283508E-01   5485.9 5.617E-01 1.495E+10 8.995E-03 1.860E-01 2.000E+05 0.000E+00 5.589E+02 1.307E+06
 2.36613497E-01   5546.4 7.026E-01 1.954E+10 9.791E-03 1.868E-01 2.000E+05 0.000E+00 3.001E+02 1.201E+06
 2.94461842E-01   5607.5 8.746E-01 2.544E+10 1.070E-02 1.884E-01 2.000E+05 0.000E+00 1.531E+02 1.113E+06
 3.64867594E-01   5669.3 1.084E+00 3.300E+10 1.175E-02 1.910E-01 2.000E+05 2.980E-08 7.191E+01 1.039E+06
 4.50185885E-01   5731.7 1.337E+00 4.262E+10 1.296E-02 1.949E-01 2.000E+05 6.005E-08 2.858E+01 9.770E+05
 5.53068762E-01   5794.9 1.642E+00 5.484E+10 1.437E-02 2.003E-01 2.000E+05 3.069E-08 6.497E+00 9.260E+05
 6.76442322E-01   5858.9 2.007E+00 7.030E+10 1.603E-02 2.076E-01 2.000E+05 4.452E-10 0.000E+00 8.841E+05
 8.23545148E-01   5923.9 2.441E+00 8.979E+10 1.798E-02 2.168E-01 2.000E+05 0.000E+00 0.000E+00 8.501E+05
 9.97869231E-01   5989.9 2.954E+00 1.143E+11 2.029E-02 2.285E-01 2.000E+05 0.000E+00 0.000E+00 8.226E+05
 1.20315323E+00   6057.2 3.554E+00 1.449E+11 2.305E-02 2.434E-01 2.000E+05 0.000E+00 0.000E+00 8.008E+05
 1.44316391E+00   6126.3 4.253E+00 1.834E+11 2.640E-02 2.626E-01 2.000E+05 0.000E+00 0.000E+00 7.838E+05
 1.72128031E+00   6198.3 5.056E+00 2.318E+11 3.053E-02 2.877E-01 2.000E+05 1.554E-14 0.000E+00 7.708E+05
 2.03988001E+00   6274.4 5.966E+00 2.932E+11 3.578E-02 3.212E-01 2.000E+05 6.232E-10 1.267E-01 7.615E+05
 2.39961001E+00   6356.3 6.981E+00 3.718E+11 4.261E-02 3.665E-01 2.000E+05 8.630E-09 4.074E+00 7.554E+05
 2.79839976E+00   6446.4 8.084E+00 4.737E+11 5.180E-02 4.294E-01 2.000E+05 5.650E-08 8.766E+00 7.525E+05
 3.23033272E+00   6547.7 9.245E+00 6.083E+11 6.463E-02 5.195E-01 2.000E+05 2.747E-07 1.474E+01 7.529E+05
 3.68462328E+00   6664.0 1.042E+01 7.889E+11 8.333E-02 6.531E-01 2.000E+05 1.285E-06 2.326E+01 7.573E+05
 4.14542173E+00   6799.6 1.153E+01 1.035E+12 1.118E-01 8.585E-01 2.000E+05 7.560E-06 3.763E+01 7.666E+05
 4.59361954E+00   6959.2 1.250E+01 1.373E+12 1.567E-01 1.185E+00 2.000E+05 7.589E-05 6.839E+01 7.826E+05
 5.01018090E+00   7148.4 1.322E+01 1.834E+12 2.300E-01 1.716E+00 2.000E+05 1.432E-03 1.527E+02 8.086E+05
 5.38071648E+00   7372.6 1.361E+01 2.439E+12 3.512E-01 2.588E+00 2.000E+05 3.377E-02 4.249E+02 8.498E+05
 5.70061017E+00   7636.1 1.359E+01 3.158E+12 5.441E-01 3.954E+00 2.000E+05 4.320E-01 1.290E+03 9.147E+05
 5.97847571E+00   7939.7 1.312E+01 3.832E+12 8.059E-01 5.729E+00 2.000E+05 1.594E+00 3.230E+03 1.015E+06
 6.24691261E+00   8290.6 1.222E+01 4.193E+12 1.057E+00 7.307E+00 2.000E+05 2.370E+00 4.887E+03 1.174E+06
 6.54620542E+00   8682.4 1.089E+01 4.019E+12 1.144E+00 7.693E+00 2.000E+05 1.682E+00 4.417E+03 1.440E+06
 6.95315601E+00   9116.6 9.248E+00 3.427E+12 1.038E+00 6.710E+00 2.000E+05 8.572E-01 3.977E+03 1.862E+06
 7.58038230E+00   9582.6 7.480E+00 2.687E+12 8.530E-01 5.284E+00 2.000E+05 8.869E-01 4.819E+03 2.351E+06
 8.62314467E+00  10091.2 5.972E+00 2.050E+12 6.816E-01 4.071E+00 2.000E+05 1.214E+00 6.411E+03 2.894E+06
 1.03323676E+01  10645.8 5.137E+00 1.676E+12 5.680E-01 3.338E+00 2.000E+05 1.114E+00 6.834E+03 3.466E+06
 1.29637207E+01  11265.2 5.207E+00 1.610E+12 5.108E-01 2.997E+00 2.000E+05 5.786E-01 4.613E+03 3.903E+06
 1.67130768E+01  11961.8 5.988E+00 1.757E+12 4.934E-01 2.926E+00 2.000E+05 3.519E-01 3.424E+03 4.190E+06
 2.18033636E+01  12743.0 7.264E+00 2.028E+12 4.909E-01 2.908E+00 2.000E+05 1.434E+00 5.126E+03 4.467E+06
 2.85587823E+01  13604.3 8.818E+00 2.332E+12 4.966E-01 2.957E+00 2.000E+05 1.292E+01 9.172E+03 4.830E+06
 3.74806392E+01  14550.6 1.056E+01 2.624E+12 5.005E-01 2.978E+00 2.000E+05 1.407E+02 1.909E+04 5.241E+06
 4.92222493E+01  15581.2 1.228E+01 2.853E+12 5.098E-01 3.060E+00 2.000E+05 1.358E+03 4.151E+04 5.752E+06
 6.47157210E+01  16699.0 1.415E+01 3.072E+12 5.112E-01 3.040E+00 2.000E+05 7.933E+03 8.545E+04 6.339E+06
 8.52706541E+01  17912.3 1.673E+01 3.388E+12 5.151E-01 3.082E+00 2.000E+05 2.375E+04 1.418E+05 6.919E+06
 1.12769191E+02  19222.2 2.155E+01 4.072E+12 5.079E-01 2.989E+00 2.000E+05 9.939E+04 1.693E+05 7.261E+06
 1.49513523E+02  20633.5 2.976E+01 5.238E+12 5.134E-01 3.039E+00 2.000E+05 1.084E+07 2.856E+05 7.379E+06
 1.97777955E+02  22154.8 4.144E+01 6.792E+12 5.229E-01 2.960E+00 2.000E+05 2.146E+07 1.394E+06 7.458E+06
PRADK 4.2239E+00
BEGIN                    ITERATION  15 COMPLETED
