TEFF   6000.  GRAVITY 0.00000 LTE 
TITLE  [0.5a] VTURB=2  L/H=1.25 NOVER NEW ODF                                   
 OPACITY IFOP 1 1 1 1 1 1 1 1 1 1 1 1 1 0 1 0 0 0 0 0
 CONVECTION ON   1.25 TURBULENCE OFF  0.00  0.00  0.00  0.00
ABUNDANCE SCALE   3.16623 ABUNDANCE CHANGE 1 0.91440 2 0.07782
 ABUNDANCE CHANGE  3 -10.94  4 -10.64  5  -9.49  6  -3.52  7  -4.12  8  -2.81
 ABUNDANCE CHANGE  9  -7.48 10  -3.56 11  -5.71 12  -4.06 13  -5.57 14  -4.09
 ABUNDANCE CHANGE 15  -6.59 16  -4.31 17  -6.54 18  -5.24 19  -6.92 20  -5.28
 ABUNDANCE CHANGE 21  -8.87 22  -6.62 23  -8.04 24  -6.37 25  -6.65 26  -4.54
 ABUNDANCE CHANGE 27  -7.12 28  -5.79 29  -7.83 30  -7.44 31  -9.16 32  -8.63
 ABUNDANCE CHANGE 33  -9.67 34  -8.63 35  -9.41 36  -8.73 37  -9.44 38  -9.07
 ABUNDANCE CHANGE 39  -9.80 40  -9.44 41 -10.62 42 -10.12 43 -20.00 44 -10.20
 ABUNDANCE CHANGE 45 -10.92 46 -10.35 47 -11.10 48 -10.27 49 -10.38 50 -10.04
 ABUNDANCE CHANGE 51 -11.04 52  -9.80 53 -10.53 54  -9.87 55 -10.91 56  -9.91
 ABUNDANCE CHANGE 57 -10.87 58 -10.46 59 -11.33 60 -10.54 61 -20.00 62 -11.03
 ABUNDANCE CHANGE 63 -11.53 64 -10.92 65 -11.69 66 -10.90 67 -11.78 68 -11.11
 ABUNDANCE CHANGE 69 -12.04 70 -10.96 71 -11.98 72 -11.16 73 -12.17 74 -10.93
 ABUNDANCE CHANGE 75 -11.76 76 -10.59 77 -10.69 78 -10.24 79 -11.03 80 -10.91
 ABUNDANCE CHANGE 81 -11.14 82 -10.09 83 -11.33 84 -20.00 85 -20.00 86 -20.00
 ABUNDANCE CHANGE 87 -20.00 88 -20.00 89 -20.00 90 -11.95 91 -20.00 92 -12.54
 ABUNDANCE CHANGE 93 -20.00 94 -20.00 95 -20.00 96 -20.00 97 -20.00 98 -20.00
 ABUNDANCE CHANGE 99 -20.00
READ DECK6 72 RHOX,T,P,XNE,ABROSS,ACCRAD,VTURB, FLXCNV,VCONV,VELSND
 4.62799610E-04   3394.2 4.553E-04 6.901E+05 2.881E-04 1.614E-02 2.000E+05 0.000E+00 0.000E+00 4.494E+07
 6.16994840E-04   3411.5 6.071E-04 9.107E+05 2.887E-04 1.599E-02 2.000E+05 0.000E+00 0.000E+00 3.899E+07
 8.22155484E-04   3429.2 8.090E-04 1.202E+06 2.894E-04 1.555E-02 2.000E+05 0.000E+00 0.000E+00 3.381E+07
 1.09493412E-03   3448.2 1.078E-03 1.586E+06 2.904E-04 1.501E-02 2.000E+05 0.000E+00 4.166E+07 2.941E+07
 1.45714147E-03   3468.2 1.434E-03 2.092E+06 2.920E-04 1.454E-02 2.000E+05 0.000E+00 2.981E+07 2.556E+07
 1.93588401E-03   3485.3 1.906E-03 2.753E+06 2.956E-04 1.738E-02 2.000E+05 0.000E+00 2.145E+07 2.224E+07
 2.56500580E-03   3505.6 2.522E-03 3.612E+06 3.007E-04 2.323E-02 2.000E+05 0.000E+00 1.898E+07 1.939E+07
 3.38527179E-03   3539.1 3.317E-03 4.728E+06 3.095E-04 3.873E-02 2.000E+05 0.000E+00 2.101E+07 1.698E+07
 4.43618961E-03   3618.3 4.314E-03 6.236E+06 3.251E-04 6.433E-02 2.000E+05 0.000E+00 1.795E+07 1.496E+07
 5.79911332E-03   3682.5 5.621E-03 8.259E+06 3.261E-04 1.845E-02 2.000E+05 0.000E+00 8.579E+06 1.314E+07
 7.63715404E-03   3697.1 7.434E-03 1.075E+07 3.193E-04 1.055E-02 2.000E+05 0.000E+00 1.841E+06 1.148E+07
 1.01430629E-02   3706.0 9.918E-03 1.408E+07 3.126E-04 7.589E-03 2.000E+05 0.000E+00 6.893E+05 9.983E+06
 1.35196983E-02   3716.2 1.327E-02 1.852E+07 3.124E-04 7.968E-03 2.000E+05 0.000E+00 5.226E+05 8.670E+06
 1.80124706E-02   3729.4 1.772E-02 2.439E+07 3.139E-04 8.520E-03 2.000E+05 0.000E+00 4.262E+05 7.535E+06
 2.39559031E-02   3747.1 2.362E-02 3.213E+07 3.174E-04 9.223E-03 2.000E+05 0.000E+00 3.531E+05 6.558E+06
 3.17675825E-02   3770.4 3.135E-02 4.225E+07 3.232E-04 1.011E-02 2.000E+05 0.000E+00 2.962E+05 5.704E+06
 4.19384901E-02   3801.4 4.141E-02 5.543E+07 3.326E-04 1.144E-02 2.000E+05 0.000E+00 2.253E+05 5.007E+06
 5.51503912E-02   3841.8 5.448E-02 7.266E+07 3.402E-04 1.111E-02 2.000E+05 0.000E+00 1.379E+05 4.394E+06
 7.23885692E-02   3881.0 7.153E-02 9.506E+07 3.476E-04 1.058E-02 2.000E+05 0.000E+00 6.934E+04 3.862E+06
 9.48885656E-02   3919.9 9.380E-02 1.242E+08 3.552E-04 1.005E-02 2.000E+05 0.000E+00 3.420E+04 3.400E+06
 1.24225225E-01   3958.5 1.228E-01 1.622E+08 3.636E-04 9.637E-03 2.000E+05 0.000E+00 1.600E+04 2.998E+06
 1.62389490E-01   3997.2 1.607E-01 2.114E+08 3.732E-04 9.281E-03 2.000E+05 0.000E+00 6.817E+03 2.649E+06
 2.11911526E-01   4036.0 2.097E-01 2.752E+08 3.840E-04 8.975E-03 2.000E+05 0.000E+00 2.244E+03 2.348E+06
 2.76058096E-01   4075.0 2.733E-01 3.578E+08 3.955E-04 8.645E-03 2.000E+05 0.000E+00 6.083E+01 2.087E+06
 3.58999750E-01   4113.9 3.555E-01 4.643E+08 4.084E-04 8.374E-03 2.000E+05 0.000E+00 0.000E+00 1.862E+06
 4.65926350E-01   4153.1 4.616E-01 6.016E+08 4.232E-04 8.167E-03 2.000E+05 0.000E+00 0.000E+00 1.669E+06
 6.03216616E-01   4192.8 5.978E-01 7.781E+08 4.405E-04 8.024E-03 2.000E+05 0.000E+00 0.000E+00 1.504E+06
 7.78669184E-01   4233.5 7.718E-01 1.004E+09 4.607E-04 7.917E-03 2.000E+05 0.000E+00 0.000E+00 1.363E+06
 1.00197774E+00   4275.6 9.934E-01 1.294E+09 4.837E-04 7.786E-03 2.000E+05 0.000E+00 0.000E+00 1.245E+06
 1.28453355E+00   4319.2 1.274E+00 1.664E+09 5.116E-04 7.753E-03 2.000E+05 0.000E+00 0.000E+00 1.145E+06
 1.63992070E+00   4364.6 1.626E+00 2.137E+09 5.439E-04 7.656E-03 2.000E+05 0.000E+00 0.000E+00 1.061E+06
 2.08188632E+00   4410.8 2.065E+00 2.733E+09 5.879E-04 7.890E-03 2.000E+05 0.000E+00 0.000E+00 9.928E+05
 2.62494060E+00   4460.0 2.604E+00 3.488E+09 6.402E-04 8.134E-03 2.000E+05 0.000E+00 0.000E+00 9.366E+05
 3.28734065E+00   4512.0 3.261E+00 4.445E+09 7.026E-04 8.384E-03 2.000E+05 0.000E+00 0.000E+00 8.909E+05
 4.08786073E+00   4566.8 4.054E+00 5.658E+09 7.791E-04 8.752E-03 2.000E+05 0.000E+00 0.000E+00 8.538E+05
 5.05183463E+00   4625.7 5.010E+00 7.220E+09 8.609E-04 8.595E-03 2.000E+05 0.000E+00 0.000E+00 8.238E+05
 6.21334351E+00   4683.4 6.162E+00 9.186E+09 9.545E-04 8.371E-03 2.000E+05 0.000E+00 0.000E+00 7.994E+05
 7.60733117E+00   4739.7 7.544E+00 1.165E+10 1.063E-03 8.169E-03 2.000E+05 0.000E+00 0.000E+00 7.798E+05
 9.27142353E+00   4794.8 9.195E+00 1.472E+10 1.191E-03 8.044E-03 2.000E+05 0.000E+00 0.000E+00 7.640E+05
 1.12369646E+01   4848.5 1.114E+01 1.851E+10 1.355E-03 8.340E-03 2.000E+05 0.000E+00 0.000E+00 7.515E+05
 1.35318493E+01   4903.9 1.342E+01 2.325E+10 1.553E-03 8.719E-03 2.000E+05 0.000E+00 0.000E+00 7.416E+05
 1.61950362E+01   4961.0 1.606E+01 2.919E+10 1.789E-03 9.135E-03 2.000E+05 0.000E+00 0.000E+00 7.338E+05
 1.92696420E+01   5019.4 1.910E+01 3.663E+10 2.072E-03 9.619E-03 2.000E+05 0.000E+00 0.000E+00 7.276E+05
 2.27931711E+01   5079.4 2.259E+01 4.595E+10 2.422E-03 1.033E-02 2.000E+05 0.000E+00 0.000E+00 7.228E+05
 2.67982973E+01   5142.0 2.656E+01 5.776E+10 2.851E-03 1.120E-02 2.000E+05 0.000E+00 0.000E+00 7.190E+05
 3.13204244E+01   5207.8 3.102E+01 7.283E+10 3.379E-03 1.228E-02 2.000E+05 0.000E+00 0.000E+00 7.159E+05
 3.63821935E+01   5277.8 3.602E+01 9.232E+10 4.046E-03 1.371E-02 2.000E+05 0.000E+00 0.000E+00 7.135E+05
 4.19905431E+01   5353.3 4.155E+01 1.179E+11 4.896E-03 1.553E-02 2.000E+05 0.000E+00 0.000E+00 7.114E+05
 4.81170590E+01   5436.0 4.757E+01 1.523E+11 6.033E-03 1.812E-02 2.000E+05 0.000E+00 0.000E+00 7.096E+05
 5.46811431E+01   5528.6 5.400E+01 1.997E+11 7.587E-03 2.173E-02 2.000E+05 0.000E+00 0.000E+00 7.079E+05
 6.15613015E+01   5633.9 6.072E+01 2.673E+11 9.771E-03 2.684E-02 2.000E+05 0.000E+00 0.000E+00 7.061E+05
 6.85852552E+01   5754.8 6.753E+01 3.667E+11 1.296E-02 3.436E-02 2.000E+05 1.102E-08 0.000E+00 7.044E+05
 7.55057389E+01   5895.5 7.417E+01 5.184E+11 1.793E-02 4.640E-02 2.000E+05 1.045E-06 5.781E+00 7.027E+05
 8.20218173E+01   6061.7 8.033E+01 7.598E+11 2.603E-02 6.625E-02 2.000E+05 6.120E-05 2.476E+01 7.015E+05
 8.78286760E+01   6258.8 8.566E+01 1.158E+12 4.020E-02 1.014E-01 2.000E+05 4.790E-03 9.032E+01 7.019E+05
 9.26590660E+01   6493.9 8.986E+01 1.840E+12 6.692E-02 1.689E-01 2.000E+05 6.434E-01 3.647E+02 7.056E+05
 9.63615269E+01   6773.8 9.272E+01 3.036E+12 1.214E-01 3.087E-01 2.000E+05 1.719E+02 1.768E+03 7.150E+05
 9.89335828E+01   7112.6 9.415E+01 5.198E+12 2.445E-01 6.297E-01 2.000E+05 5.915E+04 1.089E+04 7.341E+05
 1.00549378E+02   7513.8 9.423E+01 8.966E+12 5.372E-01 1.397E+00 2.000E+05 3.018E+06 7.477E+04 7.691E+05
 1.01516836E+02   7968.1 9.315E+01 1.470E+13 1.193E+00 3.065E+00 2.000E+05 2.348E+07 2.803E+05 8.279E+05
 1.02126068E+02   8461.5 9.110E+01 2.146E+13 2.359E+00 5.823E+00 2.000E+05 1.295E+08 5.499E+05 9.177E+05
 1.02599487E+02   8970.1 8.818E+01 2.642E+13 3.590E+00 8.519E+00 2.000E+05 2.272E+08 1.072E+06 1.031E+06
 1.03082346E+02   9526.9 8.419E+01 2.787E+13 4.058E+00 9.735E+00 2.000E+05 1.460E+08 8.474E+05 1.166E+06
 1.03740413E+02  10169.8 7.878E+01 2.610E+13 3.535E+00 8.647E+00 2.000E+05 2.885E+07 3.436E+05 1.352E+06
 1.04821357E+02  10862.8 7.172E+01 2.272E+13 2.635E+00 6.417E+00 2.000E+05 1.147E+06 1.840E+05 1.582E+06
 1.06854719E+02  11628.3 6.293E+01 1.875E+13 1.828E+00 4.446E+00 2.000E+05 1.244E+05 1.036E+05 1.802E+06
 1.10819907E+02  12455.0 5.250E+01 1.469E+13 1.240E+00 3.003E+00 2.000E+05 3.146E+04 8.406E+04 2.034E+06
 1.18400078E+02  13359.4 4.091E+01 1.083E+13 8.933E-01 2.171E+00 2.000E+05 4.440E+04 1.028E+05 2.417E+06
 1.32047731E+02  14325.2 2.904E+01 7.292E+12 6.810E-01 1.648E+00 2.000E+05 4.643E+05 1.769E+05 3.246E+06
 1.55101779E+02  15389.0 1.804E+01 4.246E+12 5.564E-01 1.326E+00 2.000E+05 5.946E+06 5.496E+05 4.674E+06
 1.91530536E+02  16523.9 1.028E+01 2.265E+12 4.868E-01 1.035E+00 2.000E+05 3.510E+07 1.580E+06 7.103E+06
 2.43305115E+02  17693.3 9.685E+00 1.994E+12 4.746E-01 9.184E-01 2.000E+05 5.448E+07 2.727E+06 8.324E+06
PRADK 1.7318E+00
BEGIN                    ITERATION  15 COMPLETED
