TEFF   6250.  GRAVITY 0.50000 LTE 
TITLE  [0.5a] VTURB=2  L/H=1.25 NOVER NEW ODF                                   
 OPACITY IFOP 1 1 1 1 1 1 1 1 1 1 1 1 1 0 1 0 0 0 0 0
 CONVECTION ON   1.25 TURBULENCE OFF  0.00  0.00  0.00  0.00
ABUNDANCE SCALE   3.16623 ABUNDANCE CHANGE 1 0.91440 2 0.07782
 ABUNDANCE CHANGE  3 -10.94  4 -10.64  5  -9.49  6  -3.52  7  -4.12  8  -2.81
 ABUNDANCE CHANGE  9  -7.48 10  -3.56 11  -5.71 12  -4.06 13  -5.57 14  -4.09
 ABUNDANCE CHANGE 15  -6.59 16  -4.31 17  -6.54 18  -5.24 19  -6.92 20  -5.28
 ABUNDANCE CHANGE 21  -8.87 22  -6.62 23  -8.04 24  -6.37 25  -6.65 26  -4.54
 ABUNDANCE CHANGE 27  -7.12 28  -5.79 29  -7.83 30  -7.44 31  -9.16 32  -8.63
 ABUNDANCE CHANGE 33  -9.67 34  -8.63 35  -9.41 36  -8.73 37  -9.44 38  -9.07
 ABUNDANCE CHANGE 39  -9.80 40  -9.44 41 -10.62 42 -10.12 43 -20.00 44 -10.20
 ABUNDANCE CHANGE 45 -10.92 46 -10.35 47 -11.10 48 -10.27 49 -10.38 50 -10.04
 ABUNDANCE CHANGE 51 -11.04 52  -9.80 53 -10.53 54  -9.87 55 -10.91 56  -9.91
 ABUNDANCE CHANGE 57 -10.87 58 -10.46 59 -11.33 60 -10.54 61 -20.00 62 -11.03
 ABUNDANCE CHANGE 63 -11.53 64 -10.92 65 -11.69 66 -10.90 67 -11.78 68 -11.11
 ABUNDANCE CHANGE 69 -12.04 70 -10.96 71 -11.98 72 -11.16 73 -12.17 74 -10.93
 ABUNDANCE CHANGE 75 -11.76 76 -10.59 77 -10.69 78 -10.24 79 -11.03 80 -10.91
 ABUNDANCE CHANGE 81 -11.14 82 -10.09 83 -11.33 84 -20.00 85 -20.00 86 -20.00
 ABUNDANCE CHANGE 87 -20.00 88 -20.00 89 -20.00 90 -11.95 91 -20.00 92 -12.54
 ABUNDANCE CHANGE 93 -20.00 94 -20.00 95 -20.00 96 -20.00 97 -20.00 98 -20.00
 ABUNDANCE CHANGE 99 -20.00
READ DECK6 72 RHOX,T,P,XNE,ABROSS,ACCRAD,VTURB, FLXCNV,VCONV,VELSND
 3.24690860E-04   3698.2 9.926E-04 1.899E+06 4.107E-04 1.054E-01 2.000E+05 0.000E+00 0.000E+00 3.237E+07
 4.33781095E-04   3717.9 1.328E-03 2.490E+06 4.047E-04 7.281E-02 2.000E+05 0.000E+00 0.000E+00 2.813E+07
 5.81845113E-04   3733.2 1.787E-03 3.254E+06 3.964E-04 5.542E-02 2.000E+05 0.000E+00 0.000E+00 2.441E+07
 7.83492870E-04   3747.5 2.414E-03 4.264E+06 3.880E-04 4.357E-02 2.000E+05 0.000E+00 1.740E+07 2.115E+07
 1.05854996E-03   3760.5 3.273E-03 5.599E+06 3.791E-04 3.462E-02 2.000E+05 0.000E+00 1.131E+07 1.832E+07
 1.43489284E-03   3771.3 4.452E-03 7.360E+06 3.687E-04 2.609E-02 2.000E+05 0.000E+00 7.098E+06 1.578E+07
 1.95010578E-03   3781.7 6.069E-03 9.703E+06 3.601E-04 2.228E-02 2.000E+05 0.000E+00 4.677E+06 1.363E+07
 2.65151128E-03   3792.7 8.272E-03 1.283E+07 3.540E-04 2.107E-02 2.000E+05 0.000E+00 3.467E+06 1.176E+07
 3.59371119E-03   3808.0 1.123E-02 1.700E+07 3.551E-04 2.339E-02 2.000E+05 0.000E+00 2.947E+06 1.016E+07
 4.82773623E-03   3829.7 1.510E-02 2.250E+07 3.656E-04 2.839E-02 2.000E+05 0.000E+00 2.374E+06 8.805E+06
 6.43501231E-03   3854.2 2.014E-02 2.964E+07 3.709E-04 2.931E-02 2.000E+05 0.000E+00 1.577E+06 7.665E+06
 8.58370513E-03   3878.5 2.688E-02 3.906E+07 3.651E-04 2.481E-02 2.000E+05 0.000E+00 8.807E+05 6.671E+06
 1.14965504E-02   3902.7 3.602E-02 5.165E+07 3.596E-04 2.097E-02 2.000E+05 0.000E+00 5.082E+05 5.797E+06
 1.53857244E-02   3930.2 4.824E-02 6.842E+07 3.637E-04 2.084E-02 2.000E+05 0.000E+00 3.629E+05 5.041E+06
 2.05057670E-02   3960.8 6.433E-02 9.049E+07 3.689E-04 2.037E-02 2.000E+05 0.000E+00 2.267E+05 4.394E+06
 2.72243580E-02   3993.9 8.544E-02 1.195E+08 3.755E-04 1.973E-02 2.000E+05 0.000E+00 1.300E+05 3.840E+06
 3.60064439E-02   4028.9 1.130E-01 1.574E+08 3.839E-04 1.922E-02 2.000E+05 0.000E+00 6.891E+04 3.365E+06
 4.74402846E-02   4065.5 1.490E-01 2.068E+08 3.938E-04 1.871E-02 2.000E+05 0.000E+00 3.336E+04 2.958E+06
 6.22890992E-02   4103.1 1.957E-01 2.712E+08 4.047E-04 1.807E-02 2.000E+05 0.000E+00 1.398E+04 2.609E+06
 8.15423394E-02   4141.4 2.562E-01 3.548E+08 4.166E-04 1.732E-02 2.000E+05 0.000E+00 3.980E+03 2.308E+06
 1.06451966E-01   4180.2 3.346E-01 4.631E+08 4.301E-04 1.663E-02 2.000E+05 0.000E+00 0.000E+00 2.050E+06
 1.38523501E-01   4219.4 4.355E-01 6.029E+08 4.468E-04 1.626E-02 2.000E+05 0.000E+00 0.000E+00 1.830E+06
 1.79624437E-01   4259.3 5.648E-01 7.830E+08 4.654E-04 1.579E-02 2.000E+05 0.000E+00 0.000E+00 1.641E+06
 2.32165340E-01   4299.3 7.301E-01 1.014E+09 4.861E-04 1.528E-02 2.000E+05 0.000E+00 0.000E+00 1.480E+06
 2.99173281E-01   4339.3 9.410E-01 1.310E+09 5.092E-04 1.474E-02 2.000E+05 0.000E+00 0.000E+00 1.344E+06
 3.84114941E-01   4379.2 1.208E+00 1.686E+09 5.380E-04 1.458E-02 2.000E+05 0.000E+00 0.000E+00 1.229E+06
 4.90684376E-01   4419.8 1.544E+00 2.162E+09 5.750E-04 1.485E-02 2.000E+05 0.000E+00 0.000E+00 1.133E+06
 6.23156678E-01   4462.1 1.961E+00 2.765E+09 6.186E-04 1.514E-02 2.000E+05 0.000E+00 0.000E+00 1.053E+06
 7.86815885E-01   4506.1 2.476E+00 3.526E+09 6.698E-04 1.543E-02 2.000E+05 0.000E+00 0.000E+00 9.869E+05
 9.87670231E-01   4551.9 3.108E+00 4.486E+09 7.301E-04 1.575E-02 2.000E+05 0.000E+00 0.000E+00 9.327E+05
 1.23282570E+00   4600.7 3.879E+00 5.707E+09 7.992E-04 1.582E-02 2.000E+05 0.000E+00 0.000E+00 8.881E+05
 1.53113646E+00   4651.4 4.818E+00 7.256E+09 8.769E-04 1.548E-02 2.000E+05 0.000E+00 0.000E+00 8.517E+05
 1.89272387E+00   4702.1 5.956E+00 9.202E+09 9.672E-04 1.506E-02 2.000E+05 0.000E+00 0.000E+00 8.221E+05
 2.32897766E+00   4752.6 7.329E+00 1.163E+10 1.072E-03 1.460E-02 2.000E+05 0.000E+00 0.000E+00 7.981E+05
 2.85184084E+00   4802.3 8.975E+00 1.464E+10 1.197E-03 1.434E-02 2.000E+05 0.000E+00 0.000E+00 7.788E+05
 3.47222096E+00   4851.4 1.093E+01 1.834E+10 1.354E-03 1.465E-02 2.000E+05 0.000E+00 0.000E+00 7.635E+05
 4.20102551E+00   4901.9 1.322E+01 2.292E+10 1.541E-03 1.506E-02 2.000E+05 0.000E+00 0.000E+00 7.513E+05
 5.05255846E+00   4953.5 1.590E+01 2.860E+10 1.762E-03 1.547E-02 2.000E+05 0.000E+00 0.000E+00 7.416E+05
 6.04363388E+00   5005.8 1.902E+01 3.560E+10 2.023E-03 1.590E-02 2.000E+05 0.000E+00 0.000E+00 7.340E+05
 7.19116553E+00   5058.5 2.263E+01 4.421E+10 2.338E-03 1.660E-02 2.000E+05 0.000E+00 0.000E+00 7.280E+05
 8.51196891E+00   5112.5 2.678E+01 5.484E+10 2.715E-03 1.745E-02 2.000E+05 0.000E+00 0.000E+00 7.234E+05
 1.00259392E+01   5167.9 3.155E+01 6.799E+10 3.164E-03 1.845E-02 2.000E+05 0.000E+00 0.000E+00 7.197E+05
 1.17526797E+01   5225.1 3.697E+01 8.432E+10 3.711E-03 1.975E-02 2.000E+05 0.000E+00 0.000E+00 7.169E+05
 1.37121390E+01   5284.3 4.313E+01 1.047E+11 4.369E-03 2.128E-02 2.000E+05 0.000E+00 0.000E+00 7.147E+05
 1.59267882E+01   5346.0 5.008E+01 1.302E+11 5.167E-03 2.311E-02 2.000E+05 0.000E+00 0.000E+00 7.130E+05
 1.84143847E+01   5410.6 5.789E+01 1.625E+11 6.160E-03 2.557E-02 2.000E+05 0.000E+00 0.000E+00 7.117E+05
 2.11821133E+01   5480.0 6.657E+01 2.040E+11 7.422E-03 2.885E-02 2.000E+05 0.000E+00 0.000E+00 7.106E+05
 2.42282975E+01   5556.0 7.611E+01 2.584E+11 9.045E-03 3.313E-02 2.000E+05 0.000E+00 0.000E+00 7.097E+05
 2.75387820E+01   5640.1 8.646E+01 3.315E+11 1.118E-02 3.884E-02 2.000E+05 0.000E+00 0.000E+00 7.088E+05
 3.10793042E+01   5734.8 9.750E+01 4.320E+11 1.407E-02 4.670E-02 2.000E+05 0.000E+00 0.000E+00 7.079E+05
 3.47800283E+01   5843.4 1.090E+02 5.752E+11 1.822E-02 5.838E-02 2.000E+05 4.059E-11 0.000E+00 7.069E+05
 3.85316974E+01   5970.0 1.206E+02 7.867E+11 2.437E-02 7.598E-02 2.000E+05 3.414E-07 7.696E-01 7.058E+05
 4.22013632E+01   6118.7 1.319E+02 1.110E+12 3.390E-02 1.035E-01 2.000E+05 1.914E-05 1.483E+01 7.050E+05
 4.56287811E+01   6295.3 1.423E+02 1.624E+12 4.977E-02 1.502E-01 2.000E+05 1.024E-03 5.299E+01 7.050E+05
 4.86473652E+01   6505.9 1.513E+02 2.472E+12 7.782E-02 2.339E-01 2.000E+05 8.228E-02 1.880E+02 7.070E+05
 5.11239192E+01   6758.2 1.584E+02 3.918E+12 1.315E-01 3.968E-01 2.000E+05 1.160E+01 7.662E+02 7.129E+05
 5.29909637E+01   7060.5 1.633E+02 6.443E+12 2.426E-01 7.395E-01 2.000E+05 3.020E+03 3.781E+03 7.254E+05
 5.42700370E+01   7421.9 1.660E+02 1.088E+13 4.931E-01 1.520E+00 2.000E+05 3.894E+05 2.320E+04 7.487E+05
 5.50739030E+01   7847.0 1.667E+02 1.830E+13 1.074E+00 3.321E+00 2.000E+05 3.062E+06 1.155E+05 7.891E+05
 5.55692090E+01   8320.8 1.658E+02 2.884E+13 2.281E+00 6.883E+00 2.000E+05 6.950E+07 2.162E+05 8.535E+05
 5.58991341E+01   8819.9 1.638E+02 4.003E+13 4.140E+00 1.169E+01 2.000E+05 2.796E+08 7.080E+05 9.436E+05
 5.61820542E+01   9324.3 1.608E+02 4.770E+13 5.803E+00 1.580E+01 2.000E+05 3.872E+08 1.042E+06 1.047E+06
 5.64880561E+01   9906.1 1.566E+02 5.028E+13 6.268E+00 1.765E+01 2.000E+05 2.012E+08 6.848E+05 1.167E+06
 5.69193614E+01  10574.5 1.508E+02 4.811E+13 5.330E+00 1.527E+01 2.000E+05 2.753E+07 2.506E+05 1.320E+06
 5.76382592E+01  11305.7 1.435E+02 4.366E+13 4.011E+00 1.157E+01 2.000E+05 7.515E+05 9.297E+04 1.505E+06
 5.89671501E+01  12100.8 1.349E+02 3.862E+13 2.815E+00 8.048E+00 2.000E+05 2.673E+04 4.084E+04 1.659E+06
 6.14934124E+01  12969.6 1.259E+02 3.383E+13 1.989E+00 5.699E+00 2.000E+05 2.557E+03 2.588E+04 1.767E+06
 6.61308919E+01  13905.0 1.180E+02 2.995E+13 1.492E+00 4.266E+00 2.000E+05 8.386E+02 2.121E+04 1.909E+06
 7.40318323E+01  14920.8 1.127E+02 2.709E+13 1.215E+00 3.482E+00 2.000E+05 3.822E+02 1.646E+04 2.208E+06
 8.66501228E+01  16010.1 1.123E+02 2.534E+13 1.039E+00 2.979E+00 2.000E+05 2.017E+02 1.413E+04 2.554E+06
 1.05557155E+02  17191.9 1.181E+02 2.486E+13 9.551E-01 2.753E+00 2.000E+05 4.224E+02 1.461E+04 2.865E+06
 1.32549484E+02  18456.5 1.323E+02 2.596E+13 8.981E-01 2.520E+00 2.000E+05 6.699E+02 2.696E+04 3.137E+06
PRADK 2.0403E+00
BEGIN                    ITERATION  15 COMPLETED
