TEFF   7750.  GRAVITY 4.50000 LTE 
TITLE  [0.5a] VTURB=2  L/H=1.25 NOVER NEW ODF                                   
 OPACITY IFOP 1 1 1 1 1 1 1 1 1 1 1 1 1 0 1 0 0 0 0 0
 CONVECTION ON   1.25 TURBULENCE OFF  0.00  0.00  0.00  0.00
ABUNDANCE SCALE   3.16623 ABUNDANCE CHANGE 1 0.91440 2 0.07782
 ABUNDANCE CHANGE  3 -10.94  4 -10.64  5  -9.49  6  -3.52  7  -4.12  8  -2.81
 ABUNDANCE CHANGE  9  -7.48 10  -3.56 11  -5.71 12  -4.06 13  -5.57 14  -4.09
 ABUNDANCE CHANGE 15  -6.59 16  -4.31 17  -6.54 18  -5.24 19  -6.92 20  -5.28
 ABUNDANCE CHANGE 21  -8.87 22  -6.62 23  -8.04 24  -6.37 25  -6.65 26  -4.54
 ABUNDANCE CHANGE 27  -7.12 28  -5.79 29  -7.83 30  -7.44 31  -9.16 32  -8.63
 ABUNDANCE CHANGE 33  -9.67 34  -8.63 35  -9.41 36  -8.73 37  -9.44 38  -9.07
 ABUNDANCE CHANGE 39  -9.80 40  -9.44 41 -10.62 42 -10.12 43 -20.00 44 -10.20
 ABUNDANCE CHANGE 45 -10.92 46 -10.35 47 -11.10 48 -10.27 49 -10.38 50 -10.04
 ABUNDANCE CHANGE 51 -11.04 52  -9.80 53 -10.53 54  -9.87 55 -10.91 56  -9.91
 ABUNDANCE CHANGE 57 -10.87 58 -10.46 59 -11.33 60 -10.54 61 -20.00 62 -11.03
 ABUNDANCE CHANGE 63 -11.53 64 -10.92 65 -11.69 66 -10.90 67 -11.78 68 -11.11
 ABUNDANCE CHANGE 69 -12.04 70 -10.96 71 -11.98 72 -11.16 73 -12.17 74 -10.93
 ABUNDANCE CHANGE 75 -11.76 76 -10.59 77 -10.69 78 -10.24 79 -11.03 80 -10.91
 ABUNDANCE CHANGE 81 -11.14 82 -10.09 83 -11.33 84 -20.00 85 -20.00 86 -20.00
 ABUNDANCE CHANGE 87 -20.00 88 -20.00 89 -20.00 90 -11.95 91 -20.00 92 -12.54
 ABUNDANCE CHANGE 93 -20.00 94 -20.00 95 -20.00 96 -20.00 97 -20.00 98 -20.00
 ABUNDANCE CHANGE 99 -20.00
READ DECK6 72 RHOX,T,P,XNE,ABROSS,ACCRAD,VTURB, FLXCNV,VCONV,VELSND
 1.22150466E-04   4815.4 3.863E+00 8.303E+09 1.092E-03 1.478E+00 2.000E+05 0.000E+00 0.000E+00 1.086E+06
 1.61657312E-04   4838.1 5.112E+00 1.051E+10 1.160E-03 1.519E+00 2.000E+05 0.000E+00 0.000E+00 1.008E+06
 2.10866468E-04   4863.3 6.668E+00 1.325E+10 1.251E-03 1.530E+00 2.000E+05 0.000E+00 0.000E+00 9.458E+05
 2.71332112E-04   4890.6 8.580E+00 1.660E+10 1.365E-03 1.529E+00 2.000E+05 0.000E+00 0.000E+00 8.970E+05
 3.44772472E-04   4919.7 1.090E+01 2.069E+10 1.507E-03 1.528E+00 2.000E+05 0.000E+00 0.000E+00 8.586E+05
 4.33068261E-04   4950.0 1.369E+01 2.562E+10 1.679E-03 1.529E+00 2.000E+05 0.000E+00 0.000E+00 8.284E+05
 5.38451628E-04   4981.3 1.703E+01 3.154E+10 1.880E-03 1.520E+00 2.000E+05 0.000E+00 0.000E+00 8.046E+05
 6.63664492E-04   5013.4 2.099E+01 3.863E+10 2.115E-03 1.505E+00 2.000E+05 0.000E+00 0.000E+00 7.858E+05
 8.11618755E-04   5046.1 2.566E+01 4.707E+10 2.394E-03 1.497E+00 2.000E+05 0.000E+00 0.000E+00 7.710E+05
 9.85685345E-04   5079.3 3.117E+01 5.709E+10 2.717E-03 1.485E+00 2.000E+05 0.000E+00 0.000E+00 7.593E+05
 1.18973166E-03   5112.9 3.762E+01 6.896E+10 3.097E-03 1.484E+00 2.000E+05 0.000E+00 0.000E+00 7.501E+05
 1.42819698E-03   5146.9 4.516E+01 8.299E+10 3.535E-03 1.478E+00 2.000E+05 0.000E+00 0.000E+00 7.429E+05
 1.70662464E-03   5181.1 5.397E+01 9.954E+10 4.039E-03 1.468E+00 2.000E+05 0.000E+00 0.000E+00 7.372E+05
 2.03155202E-03   5215.4 6.424E+01 1.190E+11 4.616E-03 1.454E+00 2.000E+05 0.000E+00 0.000E+00 7.329E+05
 2.41066521E-03   5249.8 7.623E+01 1.419E+11 5.276E-03 1.437E+00 2.000E+05 0.000E+00 0.000E+00 7.296E+05
 2.85300397E-03   5284.1 9.022E+01 1.688E+11 6.030E-03 1.418E+00 2.000E+05 0.000E+00 0.000E+00 7.272E+05
 3.36891717E-03   5318.5 1.065E+02 2.004E+11 6.898E-03 1.403E+00 2.000E+05 0.000E+00 0.000E+00 7.255E+05
 3.97005637E-03   5353.1 1.255E+02 2.376E+11 7.899E-03 1.394E+00 2.000E+05 0.000E+00 0.000E+00 7.243E+05
 4.66951599E-03   5388.0 1.477E+02 2.812E+11 9.060E-03 1.392E+00 2.000E+05 0.000E+00 0.000E+00 7.237E+05
 5.48195118E-03   5423.3 1.733E+02 3.324E+11 1.041E-02 1.399E+00 2.000E+05 0.000E+00 0.000E+00 7.235E+05
 6.42472105E-03   5459.0 2.032E+02 3.926E+11 1.196E-02 1.405E+00 2.000E+05 0.000E+00 0.000E+00 7.236E+05
 7.51887038E-03   5495.4 2.378E+02 4.634E+11 1.374E-02 1.411E+00 2.000E+05 0.000E+00 0.000E+00 7.240E+05
 8.78873527E-03   5532.3 2.779E+02 5.468E+11 1.579E-02 1.417E+00 2.000E+05 0.000E+00 0.000E+00 7.247E+05
 1.02625309E-02   5569.7 3.245E+02 6.449E+11 1.815E-02 1.426E+00 2.000E+05 0.000E+00 0.000E+00 7.256E+05
 1.19719988E-02   5607.9 3.786E+02 7.607E+11 2.087E-02 1.446E+00 2.000E+05 0.000E+00 0.000E+00 7.266E+05
 1.39538165E-02   5647.0 4.412E+02 8.974E+11 2.401E-02 1.464E+00 2.000E+05 0.000E+00 0.000E+00 7.278E+05
 1.62514520E-02   5686.8 5.139E+02 1.059E+12 2.761E-02 1.481E+00 2.000E+05 0.000E+00 0.000E+00 7.292E+05
 1.89154884E-02   5727.5 5.981E+02 1.250E+12 3.176E-02 1.497E+00 2.000E+05 0.000E+00 0.000E+00 7.307E+05
 2.20020496E-02   5769.0 6.957E+02 1.476E+12 3.658E-02 1.518E+00 2.000E+05 0.000E+00 0.000E+00 7.322E+05
 2.55711318E-02   5811.0 8.086E+02 1.742E+12 4.224E-02 1.555E+00 2.000E+05 0.000E+00 0.000E+00 7.339E+05
 2.96923869E-02   5854.1 9.389E+02 2.056E+12 4.879E-02 1.595E+00 2.000E+05 0.000E+00 0.000E+00 7.357E+05
 3.44471720E-02   5898.0 1.089E+03 2.428E+12 5.643E-02 1.646E+00 2.000E+05 0.000E+00 0.000E+00 7.375E+05
 3.99262535E-02   5942.9 1.263E+03 2.868E+12 6.532E-02 1.707E+00 2.000E+05 0.000E+00 0.000E+00 7.394E+05
 4.62374563E-02   5988.7 1.462E+03 3.388E+12 7.562E-02 1.770E+00 2.000E+05 0.000E+00 0.000E+00 7.413E+05
 5.35110714E-02   6035.2 1.692E+03 4.002E+12 8.746E-02 1.838E+00 2.000E+05 0.000E+00 0.000E+00 7.433E+05
 6.18987345E-02   6082.5 1.957E+03 4.728E+12 1.011E-01 1.913E+00 2.000E+05 0.000E+00 0.000E+00 7.453E+05
 7.15761918E-02   6130.3 2.263E+03 5.584E+12 1.168E-01 1.995E+00 2.000E+05 0.000E+00 0.000E+00 7.474E+05
 8.27440074E-02   6178.7 2.616E+03 6.595E+12 1.351E-01 2.093E+00 2.000E+05 0.000E+00 0.000E+00 7.495E+05
 9.56180833E-02   6227.8 3.024E+03 7.787E+12 1.564E-01 2.222E+00 2.000E+05 0.000E+00 0.000E+00 7.517E+05
 1.10428688E-01   6278.4 3.492E+03 9.206E+12 1.815E-01 2.383E+00 2.000E+05 0.000E+00 0.000E+00 7.539E+05
 1.27434393E-01   6331.0 4.030E+03 1.090E+13 2.109E-01 2.573E+00 2.000E+05 0.000E+00 0.000E+00 7.561E+05
 1.46928035E-01   6386.0 4.646E+03 1.294E+13 2.456E-01 2.795E+00 2.000E+05 0.000E+00 0.000E+00 7.584E+05
 1.69228461E-01   6444.0 5.351E+03 1.540E+13 2.866E-01 3.057E+00 2.000E+05 0.000E+00 0.000E+00 7.607E+05
 1.94669555E-01   6505.8 6.156E+03 1.841E+13 3.356E-01 3.369E+00 2.000E+05 0.000E+00 0.000E+00 7.630E+05
 2.23585103E-01   6572.5 7.070E+03 2.212E+13 3.947E-01 3.746E+00 2.000E+05 0.000E+00 0.000E+00 7.653E+05
 2.56252535E-01   6645.3 8.103E+03 2.677E+13 4.677E-01 4.227E+00 2.000E+05 0.000E+00 0.000E+00 7.676E+05
 2.92820492E-01   6726.6 9.259E+03 3.270E+13 5.602E-01 4.854E+00 2.000E+05 0.000E+00 0.000E+00 7.699E+05
 3.33282304E-01   6819.0 1.054E+04 4.045E+13 6.795E-01 5.675E+00 2.000E+05 0.000E+00 0.000E+00 7.722E+05
 3.77417799E-01   6925.2 1.193E+04 5.081E+13 8.374E-01 6.775E+00 2.000E+05 0.000E+00 0.000E+00 7.744E+05
 4.24768595E-01   7048.2 1.343E+04 6.497E+13 1.050E+00 8.265E+00 2.000E+05 0.000E+00 0.000E+00 7.766E+05
 4.74469761E-01   7192.4 1.500E+04 8.492E+13 1.353E+00 1.042E+01 2.000E+05 2.168E-02 0.000E+00 7.787E+05
 5.25186026E-01   7362.7 1.661E+04 1.138E+14 1.795E+00 1.361E+01 2.000E+05 1.174E+01 1.314E+02 7.808E+05
 5.75291016E-01   7565.4 1.819E+04 1.571E+14 2.468E+00 1.852E+01 2.000E+05 4.700E+02 1.020E+03 7.834E+05
 6.22836424E-01   7805.8 1.969E+04 2.234E+14 3.552E+00 2.659E+01 2.000E+05 1.601E+04 3.267E+03 7.868E+05
 6.65542829E-01   8101.0 2.104E+04 3.311E+14 5.436E+00 4.075E+01 2.000E+05 6.784E+05 1.002E+04 7.925E+05
 7.01916490E-01   8440.5 2.219E+04 4.990E+14 8.715E+00 6.575E+01 2.000E+05 1.937E+07 3.330E+04 8.018E+05
 7.30925318E-01   8861.8 2.310E+04 7.847E+14 1.520E+01 1.149E+02 2.000E+05 1.496E+08 9.608E+04 8.180E+05
 7.52013142E-01   9376.3 2.377E+04 1.268E+15 2.857E+01 2.009E+02 2.000E+05 1.118E+09 1.703E+05 8.457E+05
 7.67753308E-01   9835.2 2.426E+04 1.835E+15 4.749E+01 2.635E+02 2.000E+05 3.580E+09 3.319E+05 8.780E+05
 7.81622915E-01  10178.4 2.470E+04 2.343E+15 6.656E+01 2.631E+02 2.000E+05 6.649E+09 4.151E+05 9.071E+05
 7.95502146E-01  10461.8 2.513E+04 2.811E+15 8.535E+01 2.400E+02 2.000E+05 9.205E+09 4.618E+05 9.342E+05
 8.10297815E-01  10719.2 2.560E+04 3.268E+15 1.046E+02 2.168E+02 2.000E+05 1.109E+10 4.947E+05 9.612E+05
 8.26640483E-01  10967.8 2.611E+04 3.731E+15 1.247E+02 1.979E+02 2.000E+05 1.236E+10 5.175E+05 9.893E+05
 8.45129844E-01  11215.7 2.669E+04 4.205E+15 1.454E+02 1.856E+02 2.000E+05 1.319E+10 5.329E+05 1.019E+06
 8.66560155E-01  11475.5 2.736E+04 4.705E+15 1.653E+02 1.803E+02 2.000E+05 1.368E+10 5.498E+05 1.052E+06
 8.91870819E-01  11763.1 2.816E+04 5.246E+15 1.855E+02 1.779E+02 2.000E+05 1.395E+10 5.587E+05 1.089E+06
 9.22222979E-01  12076.1 2.911E+04 5.810E+15 2.044E+02 1.893E+02 2.000E+05 1.411E+10 5.791E+05 1.130E+06
 9.59233043E-01  12482.1 3.028E+04 6.449E+15 2.216E+02 2.127E+02 2.000E+05 1.394E+10 5.917E+05 1.183E+06
 1.00593573E+00  12971.7 3.174E+04 7.088E+15 2.272E+02 2.668E+02 2.000E+05 1.351E+10 6.128E+05 1.245E+06
 1.06975929E+00  13828.9 3.374E+04 7.736E+15 2.087E+02 5.591E+02 2.000E+05 9.901E+09 6.642E+05 1.347E+06
 1.19294893E+00  16802.3 3.756E+04 7.704E+15 9.579E+01 5.152E+02 2.000E+05 3.272E+09 1.238E+05 1.620E+06
 1.50168248E+00  19146.1 4.719E+04 8.696E+15 6.626E+01 3.580E+02 2.000E+05 3.263E+09 5.935E+04 1.726E+06
PRADK 4.8133E+00
BEGIN                    ITERATION  15 COMPLETED
