TEFF   7500.  GRAVITY 1.50000 LTE 
TITLE  [0.5a] VTURB=2  L/H=1.25 NOVER NEW ODF                                   
 OPACITY IFOP 1 1 1 1 1 1 1 1 1 1 1 1 1 0 1 0 0 0 0 0
 CONVECTION ON   1.25 TURBULENCE OFF  0.00  0.00  0.00  0.00
ABUNDANCE SCALE   3.16623 ABUNDANCE CHANGE 1 0.91440 2 0.07782
 ABUNDANCE CHANGE  3 -10.94  4 -10.64  5  -9.49  6  -3.52  7  -4.12  8  -2.81
 ABUNDANCE CHANGE  9  -7.48 10  -3.56 11  -5.71 12  -4.06 13  -5.57 14  -4.09
 ABUNDANCE CHANGE 15  -6.59 16  -4.31 17  -6.54 18  -5.24 19  -6.92 20  -5.28
 ABUNDANCE CHANGE 21  -8.87 22  -6.62 23  -8.04 24  -6.37 25  -6.65 26  -4.54
 ABUNDANCE CHANGE 27  -7.12 28  -5.79 29  -7.83 30  -7.44 31  -9.16 32  -8.63
 ABUNDANCE CHANGE 33  -9.67 34  -8.63 35  -9.41 36  -8.73 37  -9.44 38  -9.07
 ABUNDANCE CHANGE 39  -9.80 40  -9.44 41 -10.62 42 -10.12 43 -20.00 44 -10.20
 ABUNDANCE CHANGE 45 -10.92 46 -10.35 47 -11.10 48 -10.27 49 -10.38 50 -10.04
 ABUNDANCE CHANGE 51 -11.04 52  -9.80 53 -10.53 54  -9.87 55 -10.91 56  -9.91
 ABUNDANCE CHANGE 57 -10.87 58 -10.46 59 -11.33 60 -10.54 61 -20.00 62 -11.03
 ABUNDANCE CHANGE 63 -11.53 64 -10.92 65 -11.69 66 -10.90 67 -11.78 68 -11.11
 ABUNDANCE CHANGE 69 -12.04 70 -10.96 71 -11.98 72 -11.16 73 -12.17 74 -10.93
 ABUNDANCE CHANGE 75 -11.76 76 -10.59 77 -10.69 78 -10.24 79 -11.03 80 -10.91
 ABUNDANCE CHANGE 81 -11.14 82 -10.09 83 -11.33 84 -20.00 85 -20.00 86 -20.00
 ABUNDANCE CHANGE 87 -20.00 88 -20.00 89 -20.00 90 -11.95 91 -20.00 92 -12.54
 ABUNDANCE CHANGE 93 -20.00 94 -20.00 95 -20.00 96 -20.00 97 -20.00 98 -20.00
 ABUNDANCE CHANGE 99 -20.00
READ DECK6 72 RHOX,T,P,XNE,ABROSS,ACCRAD,VTURB, FLXCNV,VCONV,VELSND
 8.48913015E-05   4267.6 2.653E-03 1.919E+07 1.571E-03 3.689E-01 2.000E+05 0.000E+00 0.000E+00 2.091E+07
 1.13835049E-04   4285.1 3.558E-03 2.426E+07 1.502E-03 3.681E-01 2.000E+05 0.000E+00 0.000E+00 1.847E+07
 1.54107983E-04   4305.0 4.817E-03 3.109E+07 1.443E-03 3.633E-01 2.000E+05 0.000E+00 0.000E+00 1.621E+07
 2.09736317E-04   4328.6 6.556E-03 4.044E+07 1.401E-03 3.578E-01 2.000E+05 0.000E+00 1.993E+07 1.415E+07
 2.85877248E-04   4355.7 8.937E-03 5.323E+07 1.374E-03 3.520E-01 2.000E+05 0.000E+00 1.553E+07 1.231E+07
 3.88616261E-04   4386.5 1.215E-02 7.074E+07 1.367E-03 3.479E-01 2.000E+05 0.000E+00 1.205E+07 1.068E+07
 5.25410510E-04   4420.6 1.643E-02 9.452E+07 1.377E-03 3.441E-01 2.000E+05 0.000E+00 9.253E+06 9.265E+06
 7.05590186E-04   4457.3 2.206E-02 1.266E+08 1.400E-03 3.397E-01 2.000E+05 0.000E+00 7.047E+06 8.046E+06
 9.40855585E-04   4496.2 2.942E-02 1.698E+08 1.435E-03 3.343E-01 2.000E+05 0.000E+00 5.322E+06 6.999E+06
 1.24576525E-03   4536.8 3.897E-02 2.275E+08 1.482E-03 3.280E-01 2.000E+05 0.000E+00 3.982E+06 6.101E+06
 1.63868043E-03   4578.4 5.126E-02 3.039E+08 1.535E-03 3.186E-01 2.000E+05 0.000E+00 2.910E+06 5.333E+06
 2.14512707E-03   4620.1 6.712E-02 4.041E+08 1.586E-03 2.992E-01 2.000E+05 0.000E+00 2.060E+06 4.675E+06
 2.79991190E-03   4661.1 8.764E-02 5.343E+08 1.634E-03 2.813E-01 2.000E+05 0.000E+00 1.406E+06 4.110E+06
 3.64802091E-03   4701.7 1.142E-01 7.034E+08 1.681E-03 2.652E-01 2.000E+05 0.000E+00 9.219E+05 3.621E+06
 4.74776941E-03   4742.1 1.487E-01 9.232E+08 1.728E-03 2.510E-01 2.000E+05 0.000E+00 5.753E+05 3.197E+06
 6.17439442E-03   4782.8 1.935E-01 1.210E+09 1.778E-03 2.383E-01 2.000E+05 0.000E+00 1.789E+05 2.829E+06
 8.01868603E-03   4824.4 2.514E-01 1.585E+09 1.839E-03 2.310E-01 2.000E+05 0.000E+00 8.965E+04 2.507E+06
 1.03899796E-02   4867.3 3.258E-01 2.078E+09 1.912E-03 2.246E-01 2.000E+05 0.000E+00 4.502E+04 2.228E+06
 1.34226659E-02   4911.6 4.211E-01 2.724E+09 1.999E-03 2.188E-01 2.000E+05 0.000E+00 2.097E+04 1.986E+06
 1.72802285E-02   4957.1 5.422E-01 3.568E+09 2.101E-03 2.131E-01 2.000E+05 0.000E+00 8.231E+03 1.778E+06
 2.21617835E-02   5003.5 6.956E-01 4.667E+09 2.219E-03 2.075E-01 2.000E+05 0.000E+00 1.786E+03 1.599E+06
 2.83066678E-02   5050.8 8.886E-01 6.091E+09 2.357E-03 2.027E-01 2.000E+05 0.000E+00 0.000E+00 1.447E+06
 3.59996116E-02   5098.8 1.130E+00 7.927E+09 2.517E-03 1.987E-01 2.000E+05 0.000E+00 0.000E+00 1.317E+06
 4.55745691E-02   5147.7 1.431E+00 1.029E+10 2.705E-03 1.955E-01 2.000E+05 0.000E+00 0.000E+00 1.207E+06
 5.74176592E-02   5197.3 1.803E+00 1.332E+10 2.925E-03 1.926E-01 2.000E+05 0.000E+00 0.000E+00 1.114E+06
 7.19735460E-02   5247.7 2.261E+00 1.719E+10 3.184E-03 1.900E-01 2.000E+05 0.000E+00 0.000E+00 1.036E+06
 8.97510762E-02   5298.6 2.820E+00 2.210E+10 3.487E-03 1.878E-01 2.000E+05 0.000E+00 0.000E+00 9.717E+05
 1.11328517E-01   5350.1 3.498E+00 2.830E+10 3.843E-03 1.863E-01 2.000E+05 0.000E+00 0.000E+00 9.182E+05
 1.37346626E-01   5401.9 4.316E+00 3.610E+10 4.264E-03 1.859E-01 2.000E+05 0.000E+00 0.000E+00 8.742E+05
 1.68504318E-01   5454.4 5.296E+00 4.586E+10 4.763E-03 1.862E-01 2.000E+05 0.000E+00 0.000E+00 8.381E+05
 2.05580417E-01   5507.3 6.461E+00 5.803E+10 5.353E-03 1.871E-01 2.000E+05 0.000E+00 0.000E+00 8.087E+05
 2.49452072E-01   5560.6 7.840E+00 7.310E+10 6.048E-03 1.886E-01 2.000E+05 0.000E+00 0.000E+00 7.849E+05
 3.01112081E-01   5614.1 9.464E+00 9.168E+10 6.864E-03 1.908E-01 2.000E+05 0.000E+00 0.000E+00 7.656E+05
 3.61677232E-01   5667.7 1.137E+01 1.145E+11 7.824E-03 1.942E-01 2.000E+05 0.000E+00 0.000E+00 7.502E+05
 4.32392075E-01   5721.5 1.359E+01 1.423E+11 8.953E-03 1.986E-01 2.000E+05 0.000E+00 0.000E+00 7.379E+05
 5.14641488E-01   5775.7 1.617E+01 1.763E+11 1.028E-02 2.043E-01 2.000E+05 0.000E+00 0.000E+00 7.281E+05
 6.09950710E-01   5830.1 1.917E+01 2.175E+11 1.185E-02 2.118E-01 2.000E+05 0.000E+00 0.000E+00 7.204E+05
 7.20010437E-01   5885.2 2.262E+01 2.677E+11 1.371E-02 2.209E-01 2.000E+05 0.000E+00 0.000E+00 7.144E+05
 8.46726702E-01   5940.9 2.660E+01 3.285E+11 1.590E-02 2.319E-01 2.000E+05 0.000E+00 0.000E+00 7.099E+05
 9.92210480E-01   5997.4 3.117E+01 4.023E+11 1.850E-02 2.453E-01 2.000E+05 0.000E+00 0.000E+00 7.065E+05
 1.15874111E+00   6055.0 3.639E+01 4.918E+11 2.158E-02 2.620E-01 2.000E+05 0.000E+00 0.000E+00 7.040E+05
 1.34868559E+00   6114.4 4.235E+01 6.010E+11 2.528E-02 2.825E-01 2.000E+05 0.000E+00 0.000E+00 7.024E+05
 1.56436903E+00   6176.1 4.910E+01 7.349E+11 2.977E-02 3.080E-01 2.000E+05 0.000E+00 0.000E+00 7.014E+05
 1.80777840E+00   6240.9 5.672E+01 9.002E+11 3.531E-02 3.411E-01 2.000E+05 0.000E+00 0.000E+00 7.011E+05
 2.08032457E+00   6310.1 6.524E+01 1.107E+12 4.223E-02 3.835E-01 2.000E+05 0.000E+00 0.000E+00 7.013E+05
 2.38255663E+00   6385.3 7.468E+01 1.369E+12 5.108E-02 4.392E-01 2.000E+05 0.000E+00 0.000E+00 7.021E+05
 2.71342120E+00   6468.6 8.498E+01 1.707E+12 6.269E-02 5.143E-01 2.000E+05 0.000E+00 0.000E+00 7.034E+05
 3.06955464E+00   6562.7 9.604E+01 2.155E+12 7.845E-02 6.184E-01 2.000E+05 2.806E-07 0.000E+00 7.055E+05
 3.44425216E+00   6671.0 1.076E+02 2.761E+12 1.008E-01 7.698E-01 2.000E+05 4.677E-06 1.301E+01 7.084E+05
 3.82681273E+00   6797.7 1.194E+02 3.607E+12 1.340E-01 9.980E-01 2.000E+05 4.257E-05 3.026E+01 7.127E+05
 4.20342452E+00   6947.4 1.309E+02 4.815E+12 1.852E-01 1.355E+00 2.000E+05 4.385E-04 5.826E+01 7.189E+05
 4.55803598E+00   7126.1 1.415E+02 6.590E+12 2.690E-01 1.945E+00 2.000E+05 8.288E-03 1.228E+02 7.281E+05
 4.87445583E+00   7339.2 1.508E+02 9.234E+12 4.137E-01 2.965E+00 2.000E+05 3.183E-01 3.235E+02 7.418E+05
 5.14078926E+00   7592.8 1.582E+02 1.319E+13 6.741E-01 4.796E+00 2.000E+05 1.869E+01 1.079E+03 7.623E+05
 5.35306486E+00   7889.9 1.636E+02 1.897E+13 1.153E+00 8.080E+00 2.000E+05 1.071E+03 4.174E+03 7.928E+05
 5.51660142E+00   8231.6 1.670E+02 2.684E+13 2.006E+00 1.375E+01 2.000E+05 3.141E+04 1.631E+04 8.377E+05
 5.64313752E+00   8618.9 1.687E+02 3.635E+13 3.378E+00 2.251E+01 2.000E+05 2.075E+05 5.189E+04 9.017E+05
 5.74836634E+00   9049.7 1.692E+02 4.555E+13 5.075E+00 3.274E+01 2.000E+05 3.869E+05 9.574E+04 9.854E+05
 5.85126663E+00   9527.5 1.687E+02 5.177E+13 6.361E+00 3.983E+01 2.000E+05 2.740E+05 7.969E+04 1.082E+06
 5.97268207E+00  10049.5 1.676E+02 5.379E+13 6.523E+00 4.007E+01 2.000E+05 6.657E+04 3.061E+04 1.187E+06
 6.14529767E+00  10630.0 1.666E+02 5.286E+13 5.697E+00 3.424E+01 2.000E+05 2.361E+03 8.536E+03 1.315E+06
 6.41895964E+00  11266.7 1.669E+02 5.083E+13 4.634E+00 2.780E+01 2.000E+05 3.260E+01 2.863E+03 1.464E+06
 6.88109581E+00  11977.1 1.703E+02 4.916E+13 3.584E+00 2.127E+01 2.000E+05 9.464E-01 1.249E+03 1.593E+06
 7.67333236E+00  12758.2 1.805E+02 4.913E+13 2.824E+00 1.677E+01 2.000E+05 8.945E-02 7.239E+02 1.669E+06
 8.97896494E+00  13623.3 2.019E+02 5.185E+13 2.350E+00 1.399E+01 2.000E+05 3.374E-02 6.031E+02 1.705E+06
 1.09925941E+01  14567.0 2.391E+02 5.815E+13 2.101E+00 1.251E+01 2.000E+05 2.226E-02 5.445E+02 1.773E+06
 1.39261026E+01  15599.8 2.966E+02 6.814E+13 1.963E+00 1.169E+01 2.000E+05 9.325E-03 3.158E+02 1.909E+06
 1.80226322E+01  16716.2 3.790E+02 8.175E+13 1.910E+00 1.141E+01 2.000E+05 1.453E-03 1.007E+02 2.057E+06
 2.35396346E+01  17926.8 4.905E+02 9.892E+13 1.913E+00 1.140E+01 2.000E+05 4.799E-05 0.000E+00 2.176E+06
 3.09053480E+01  19230.5 6.396E+02 1.204E+14 1.903E+00 1.134E+01 2.000E+05 0.000E+00 0.000E+00 2.271E+06
 4.08780863E+01  20645.1 8.431E+02 1.479E+14 1.859E+00 1.107E+01 2.000E+05 9.420E-04 0.000E+00 2.355E+06
 5.44923610E+01  22160.8 1.127E+03 1.845E+14 1.816E+00 1.042E+01 2.000E+05 1.884E-03 2.113E+02 2.439E+06
PRADK 4.2312E+00
BEGIN                    ITERATION  15 COMPLETED
