TEFF   4000.  GRAVITY 0.00000 LTE 
TITLE  [0.5a] VTURB=2  L/H=1.25 NOVER NEW ODF                                   
 OPACITY IFOP 1 1 1 1 1 1 1 1 1 1 1 1 1 0 1 0 0 0 0 0
 CONVECTION ON   1.25 TURBULENCE OFF  0.00  0.00  0.00  0.00
ABUNDANCE SCALE   3.16623 ABUNDANCE CHANGE 1 0.91440 2 0.07782
 ABUNDANCE CHANGE  3 -10.94  4 -10.64  5  -9.49  6  -3.52  7  -4.12  8  -2.81
 ABUNDANCE CHANGE  9  -7.48 10  -3.56 11  -5.71 12  -4.06 13  -5.57 14  -4.09
 ABUNDANCE CHANGE 15  -6.59 16  -4.31 17  -6.54 18  -5.24 19  -6.92 20  -5.28
 ABUNDANCE CHANGE 21  -8.87 22  -6.62 23  -8.04 24  -6.37 25  -6.65 26  -4.54
 ABUNDANCE CHANGE 27  -7.12 28  -5.79 29  -7.83 30  -7.44 31  -9.16 32  -8.63
 ABUNDANCE CHANGE 33  -9.67 34  -8.63 35  -9.41 36  -8.73 37  -9.44 38  -9.07
 ABUNDANCE CHANGE 39  -9.80 40  -9.44 41 -10.62 42 -10.12 43 -20.00 44 -10.20
 ABUNDANCE CHANGE 45 -10.92 46 -10.35 47 -11.10 48 -10.27 49 -10.38 50 -10.04
 ABUNDANCE CHANGE 51 -11.04 52  -9.80 53 -10.53 54  -9.87 55 -10.91 56  -9.91
 ABUNDANCE CHANGE 57 -10.87 58 -10.46 59 -11.33 60 -10.54 61 -20.00 62 -11.03
 ABUNDANCE CHANGE 63 -11.53 64 -10.92 65 -11.69 66 -10.90 67 -11.78 68 -11.11
 ABUNDANCE CHANGE 69 -12.04 70 -10.96 71 -11.98 72 -11.16 73 -12.17 74 -10.93
 ABUNDANCE CHANGE 75 -11.76 76 -10.59 77 -10.69 78 -10.24 79 -11.03 80 -10.91
 ABUNDANCE CHANGE 81 -11.14 82 -10.09 83 -11.33 84 -20.00 85 -20.00 86 -20.00
 ABUNDANCE CHANGE 87 -20.00 88 -20.00 89 -20.00 90 -11.95 91 -20.00 92 -12.54
 ABUNDANCE CHANGE 93 -20.00 94 -20.00 95 -20.00 96 -20.00 97 -20.00 98 -20.00
 ABUNDANCE CHANGE 99 -20.00
READ DECK6 72 RHOX,T,P,XNE,ABROSS,ACCRAD,VTURB, FLXCNV,VCONV,VELSND
 3.10659819E-03   2258.4 3.066E-03 3.749E+05 4.293E-05 1.315E-02 2.000E+05 0.000E+00 0.000E+00 6.231E+06
 4.13106134E-03   2281.3 4.077E-03 5.047E+05 4.390E-05 1.190E-02 2.000E+05 0.000E+00 0.000E+00 5.426E+06
 5.45942052E-03   2304.6 5.391E-03 6.769E+05 4.540E-05 1.073E-02 2.000E+05 0.000E+00 0.000E+00 4.740E+06
 7.17226516E-03   2327.7 7.086E-03 9.030E+05 4.695E-05 9.649E-03 2.000E+05 0.000E+00 1.127E+06 4.154E+06
 9.39343539E-03   2350.6 9.287E-03 1.202E+06 4.800E-05 8.724E-03 2.000E+05 0.000E+00 7.469E+05 3.647E+06
 1.22833049E-02   2373.5 1.215E-02 1.596E+06 4.932E-05 7.883E-03 2.000E+05 0.000E+00 4.803E+05 3.207E+06
 1.60418100E-02   2397.2 1.588E-02 2.123E+06 5.048E-05 7.155E-03 2.000E+05 0.000E+00 3.032E+05 2.825E+06
 2.08905036E-02   2422.3 2.070E-02 2.832E+06 5.268E-05 6.417E-03 2.000E+05 0.000E+00 2.509E+05 2.494E+06
 2.71103575E-02   2446.6 2.688E-02 3.755E+06 5.446E-05 5.807E-03 2.000E+05 0.000E+00 1.647E+05 2.209E+06
 3.51466811E-02   2470.4 3.487E-02 4.964E+06 5.618E-05 5.291E-03 2.000E+05 0.000E+00 1.023E+05 1.961E+06
 4.55172109E-02   2494.4 4.519E-02 6.556E+06 5.815E-05 4.840E-03 2.000E+05 0.000E+00 4.283E+04 1.745E+06
 5.88870825E-02   2519.3 5.850E-02 8.676E+06 6.016E-05 4.446E-03 2.000E+05 0.000E+00 3.216E+03 1.558E+06
 7.60045818E-02   2545.4 7.554E-02 1.150E+07 6.307E-05 4.063E-03 2.000E+05 0.000E+00 0.000E+00 1.397E+06
 9.78939718E-02   2570.5 9.735E-02 1.515E+07 6.544E-05 3.740E-03 2.000E+05 0.000E+00 0.000E+00 1.259E+06
 1.25879103E-01   2595.7 1.252E-01 1.993E+07 6.860E-05 3.438E-03 2.000E+05 0.000E+00 0.000E+00 1.140E+06
 1.61608253E-01   2621.1 1.608E-01 2.616E+07 7.140E-05 3.177E-03 2.000E+05 0.000E+00 0.000E+00 1.038E+06
 2.07068767E-01   2648.3 2.062E-01 3.451E+07 7.533E-05 2.925E-03 2.000E+05 0.000E+00 0.000E+00 9.520E+05
 2.64406942E-01   2675.7 2.633E-01 4.538E+07 7.968E-05 2.687E-03 2.000E+05 0.000E+00 0.000E+00 8.797E+05
 3.36843258E-01   2702.5 3.356E-01 5.937E+07 8.403E-05 2.469E-03 2.000E+05 0.000E+00 0.000E+00 8.188E+05
 4.28063336E-01   2729.8 4.266E-01 7.755E+07 8.932E-05 2.266E-03 2.000E+05 0.000E+00 0.000E+00 7.682E+05
 5.42777189E-01   2757.3 5.411E-01 1.011E+08 9.457E-05 2.088E-03 2.000E+05 0.000E+00 0.000E+00 7.262E+05
 6.85471214E-01   2786.6 6.835E-01 1.322E+08 1.026E-04 1.932E-03 2.000E+05 0.000E+00 0.000E+00 6.922E+05
 8.61556230E-01   2814.6 8.592E-01 1.710E+08 1.102E-04 1.787E-03 2.000E+05 0.000E+00 0.000E+00 6.646E+05
 1.08009319E+00   2842.0 1.077E+00 2.201E+08 1.186E-04 1.656E-03 2.000E+05 0.000E+00 0.000E+00 6.421E+05
 1.35012631E+00   2869.7 1.347E+00 2.825E+08 1.285E-04 1.544E-03 2.000E+05 0.000E+00 0.000E+00 6.241E+05
 1.68040342E+00   2898.3 1.677E+00 3.623E+08 1.409E-04 1.455E-03 2.000E+05 0.000E+00 0.000E+00 6.101E+05
 2.07949961E+00   2927.2 2.075E+00 4.624E+08 1.563E-04 1.381E-03 2.000E+05 0.000E+00 0.000E+00 5.992E+05
 2.56067391E+00   2954.8 2.556E+00 5.846E+08 1.720E-04 1.307E-03 2.000E+05 0.000E+00 0.000E+00 5.907E+05
 3.14577415E+00   2981.9 3.140E+00 7.355E+08 1.885E-04 1.235E-03 2.000E+05 0.000E+00 0.000E+00 5.841E+05
 3.85424500E+00   3009.8 3.848E+00 9.247E+08 2.086E-04 1.177E-03 2.000E+05 0.000E+00 0.000E+00 5.793E+05
 4.70021646E+00   3039.4 4.693E+00 1.164E+09 2.348E-04 1.144E-03 2.000E+05 0.000E+00 0.000E+00 5.760E+05
 5.70000087E+00   3068.8 5.691E+00 1.456E+09 2.655E-04 1.118E-03 2.000E+05 0.000E+00 0.000E+00 5.738E+05
 6.88153740E+00   3097.5 6.872E+00 1.809E+09 2.986E-04 1.086E-03 2.000E+05 0.000E+00 0.000E+00 5.723E+05
 8.28497676E+00   3125.9 8.274E+00 2.237E+09 3.348E-04 1.049E-03 2.000E+05 0.000E+00 0.000E+00 5.716E+05
 9.95691087E+00   3154.5 9.944E+00 2.761E+09 3.747E-04 1.015E-03 2.000E+05 0.000E+00 0.000E+00 5.714E+05
 1.19191205E+01   3185.8 1.190E+01 3.422E+09 4.314E-04 1.027E-03 2.000E+05 0.000E+00 0.000E+00 5.720E+05
 1.41910327E+01   3216.6 1.417E+01 4.212E+09 4.970E-04 1.046E-03 2.000E+05 0.000E+00 0.000E+00 5.729E+05
 1.68264306E+01   3247.0 1.681E+01 5.154E+09 5.698E-04 1.060E-03 2.000E+05 0.000E+00 0.000E+00 5.740E+05
 1.98967918E+01   3277.5 1.987E+01 6.285E+09 6.514E-04 1.074E-03 2.000E+05 0.000E+00 0.000E+00 5.754E+05
 2.34831655E+01   3308.5 2.346E+01 7.653E+09 7.434E-04 1.090E-03 2.000E+05 0.000E+00 0.000E+00 5.771E+05
 2.76340819E+01   3342.5 2.760E+01 9.359E+09 8.646E-04 1.156E-03 2.000E+05 0.000E+00 0.000E+00 5.792E+05
 3.23877370E+01   3377.4 3.235E+01 1.142E+10 1.008E-03 1.233E-03 2.000E+05 0.000E+00 0.000E+00 5.815E+05
 3.78105950E+01   3414.8 3.777E+01 1.396E+10 1.181E-03 1.336E-03 2.000E+05 0.000E+00 0.000E+00 5.842E+05
 4.39626353E+01   3456.3 4.391E+01 1.714E+10 1.390E-03 1.463E-03 2.000E+05 0.000E+00 0.000E+00 5.873E+05
 5.11081063E+01   3502.5 5.104E+01 2.120E+10 1.555E-03 1.397E-03 2.000E+05 0.000E+00 0.000E+00 5.909E+05
 5.97109881E+01   3541.7 5.964E+01 2.578E+10 1.715E-03 1.379E-03 2.000E+05 0.000E+00 0.000E+00 5.938E+05
 7.00655736E+01   3582.0 6.998E+01 3.143E+10 1.908E-03 1.420E-03 2.000E+05 0.000E+00 0.000E+00 5.967E+05
 8.24062039E+01   3626.5 8.230E+01 3.860E+10 2.148E-03 1.496E-03 2.000E+05 0.000E+00 0.000E+00 6.001E+05
 9.61451118E+01   3680.0 9.601E+01 4.781E+10 2.754E-03 1.876E-03 2.000E+05 0.000E+00 0.000E+00 6.041E+05
 1.10218018E+02   3740.1 1.101E+02 5.884E+10 3.617E-03 2.451E-03 2.000E+05 0.000E+00 0.000E+00 6.084E+05
 1.24218976E+02   3824.1 1.240E+02 7.370E+10 4.856E-03 3.359E-03 2.000E+05 0.000E+00 0.000E+00 6.139E+05
 1.38852070E+02   3930.0 1.386E+02 9.294E+10 5.936E-03 3.797E-03 2.000E+05 0.000E+00 0.000E+00 6.197E+05
 1.55074873E+02   4042.9 1.548E+02 1.153E+11 7.052E-03 4.237E-03 2.000E+05 0.000E+00 0.000E+00 6.251E+05
 1.73472557E+02   4169.5 1.731E+02 1.418E+11 8.209E-03 4.670E-03 2.000E+05 0.000E+00 0.000E+00 6.328E+05
 1.95128861E+02   4309.7 1.946E+02 1.722E+11 9.089E-03 4.883E-03 2.000E+05 0.000E+00 0.000E+00 6.452E+05
 2.21234320E+02   4468.5 2.206E+02 2.062E+11 1.004E-02 5.232E-03 2.000E+05 0.000E+00 0.000E+00 6.622E+05
 2.53521467E+02   4649.5 2.527E+02 2.441E+11 1.056E-02 5.323E-03 2.000E+05 0.000E+00 0.000E+00 6.802E+05
 2.95077010E+02   4852.2 2.940E+02 2.919E+11 1.085E-02 5.246E-03 2.000E+05 0.000E+00 0.000E+00 6.963E+05
 3.46985682E+02   5082.5 3.457E+02 3.699E+11 1.223E-02 5.875E-03 2.000E+05 3.319E-07 0.000E+00 7.096E+05
 4.04679190E+02   5344.1 4.030E+02 5.333E+11 1.570E-02 7.475E-03 2.000E+05 7.185E-03 1.152E+01 7.191E+05
 4.59231874E+02   5642.4 4.570E+02 9.107E+11 2.431E-02 1.155E-02 2.000E+05 1.802E+00 3.053E+02 7.242E+05
 5.02462884E+02   5979.4 4.996E+02 1.770E+12 4.385E-02 2.086E-02 2.000E+05 3.640E+02 1.815E+03 7.244E+05
 5.32401696E+02   6360.0 5.286E+02 3.691E+12 8.879E-02 4.242E-02 2.000E+05 7.587E+04 9.914E+03 7.217E+05
 5.51147337E+02   6783.2 5.462E+02 7.820E+12 1.960E-01 9.396E-02 2.000E+05 1.100E+06 5.394E+04 7.225E+05
 5.61945317E+02   7250.3 5.554E+02 1.628E+13 4.656E-01 2.124E-01 2.000E+05 5.841E+07 1.152E+05 7.340E+05
 5.68101274E+02   7703.2 5.598E+02 3.014E+13 1.054E+00 3.659E-01 2.000E+05 3.157E+08 4.245E+05 7.573E+05
 5.72171301E+02   8033.5 5.624E+02 4.461E+13 1.861E+00 3.616E-01 2.000E+05 6.833E+08 6.357E+05 7.822E+05
 5.75747213E+02   8229.7 5.648E+02 5.507E+13 2.563E+00 2.795E-01 2.000E+05 8.944E+08 6.547E+05 8.004E+05
 5.79357936E+02   8388.1 5.675E+02 6.450E+13 3.281E+00 2.421E-01 2.000E+05 9.771E+08 6.769E+05 8.171E+05
 5.83192838E+02   8530.5 5.704E+02 7.366E+13 4.055E+00 2.172E-01 2.000E+05 1.029E+09 6.934E+05 8.335E+05
 5.87380300E+02   8664.9 5.737E+02 8.281E+13 4.903E+00 1.945E-01 2.000E+05 1.058E+09 6.947E+05 8.502E+05
 5.92054603E+02   8791.2 5.775E+02 9.180E+13 5.797E+00 1.940E-01 2.000E+05 1.077E+09 7.166E+05 8.673E+05
PRADK 3.4129E-01
BEGIN                    ITERATION  15 COMPLETED
