TEFF   8000.  GRAVITY 4.50000 LTE 
TITLE  [0.5a] VTURB=2  L/H=1.25 NOVER NEW ODF                                   
 OPACITY IFOP 1 1 1 1 1 1 1 1 1 1 1 1 1 0 1 0 0 0 0 0
 CONVECTION ON   1.25 TURBULENCE OFF  0.00  0.00  0.00  0.00
ABUNDANCE SCALE   3.16623 ABUNDANCE CHANGE 1 0.91440 2 0.07782
 ABUNDANCE CHANGE  3 -10.94  4 -10.64  5  -9.49  6  -3.52  7  -4.12  8  -2.81
 ABUNDANCE CHANGE  9  -7.48 10  -3.56 11  -5.71 12  -4.06 13  -5.57 14  -4.09
 ABUNDANCE CHANGE 15  -6.59 16  -4.31 17  -6.54 18  -5.24 19  -6.92 20  -5.28
 ABUNDANCE CHANGE 21  -8.87 22  -6.62 23  -8.04 24  -6.37 25  -6.65 26  -4.54
 ABUNDANCE CHANGE 27  -7.12 28  -5.79 29  -7.83 30  -7.44 31  -9.16 32  -8.63
 ABUNDANCE CHANGE 33  -9.67 34  -8.63 35  -9.41 36  -8.73 37  -9.44 38  -9.07
 ABUNDANCE CHANGE 39  -9.80 40  -9.44 41 -10.62 42 -10.12 43 -20.00 44 -10.20
 ABUNDANCE CHANGE 45 -10.92 46 -10.35 47 -11.10 48 -10.27 49 -10.38 50 -10.04
 ABUNDANCE CHANGE 51 -11.04 52  -9.80 53 -10.53 54  -9.87 55 -10.91 56  -9.91
 ABUNDANCE CHANGE 57 -10.87 58 -10.46 59 -11.33 60 -10.54 61 -20.00 62 -11.03
 ABUNDANCE CHANGE 63 -11.53 64 -10.92 65 -11.69 66 -10.90 67 -11.78 68 -11.11
 ABUNDANCE CHANGE 69 -12.04 70 -10.96 71 -11.98 72 -11.16 73 -12.17 74 -10.93
 ABUNDANCE CHANGE 75 -11.76 76 -10.59 77 -10.69 78 -10.24 79 -11.03 80 -10.91
 ABUNDANCE CHANGE 81 -11.14 82 -10.09 83 -11.33 84 -20.00 85 -20.00 86 -20.00
 ABUNDANCE CHANGE 87 -20.00 88 -20.00 89 -20.00 90 -11.95 91 -20.00 92 -12.54
 ABUNDANCE CHANGE 93 -20.00 94 -20.00 95 -20.00 96 -20.00 97 -20.00 98 -20.00
 ABUNDANCE CHANGE 99 -20.00
READ DECK6 72 RHOX,T,P,XNE,ABROSS,ACCRAD,VTURB, FLXCNV,VCONV,VELSND
 9.03938554E-05   4952.0 2.858E+00 9.339E+09 1.475E-03 2.125E+00 2.000E+05 0.000E+00 0.000E+00 1.187E+06
 1.20028485E-04   4974.5 3.795E+00 1.173E+10 1.526E-03 2.162E+00 2.000E+05 0.000E+00 0.000E+00 1.093E+06
 1.57874979E-04   4999.6 4.992E+00 1.473E+10 1.608E-03 2.168E+00 2.000E+05 0.000E+00 0.000E+00 1.016E+06
 2.05353177E-04   5027.7 6.493E+00 1.850E+10 1.724E-03 2.166E+00 2.000E+05 0.000E+00 0.000E+00 9.543E+05
 2.63971272E-04   5057.9 8.347E+00 2.316E+10 1.875E-03 2.159E+00 2.000E+05 0.000E+00 0.000E+00 9.045E+05
 3.35376172E-04   5089.7 1.060E+01 2.885E+10 2.065E-03 2.151E+00 2.000E+05 0.000E+00 0.000E+00 8.649E+05
 4.21386684E-04   5122.8 1.332E+01 3.577E+10 2.297E-03 2.148E+00 2.000E+05 0.000E+00 0.000E+00 8.335E+05
 5.24118653E-04   5156.8 1.657E+01 4.411E+10 2.572E-03 2.138E+00 2.000E+05 0.000E+00 0.000E+00 8.087E+05
 6.46084546E-04   5191.5 2.043E+01 5.413E+10 2.896E-03 2.122E+00 2.000E+05 0.000E+00 0.000E+00 7.890E+05
 7.90215710E-04   5226.7 2.499E+01 6.610E+10 3.274E-03 2.099E+00 2.000E+05 0.000E+00 0.000E+00 7.735E+05
 9.59965641E-04   5262.2 3.035E+01 8.036E+10 3.713E-03 2.072E+00 2.000E+05 0.000E+00 0.000E+00 7.611E+05
 1.15916505E-03   5298.1 3.665E+01 9.731E+10 4.227E-03 2.051E+00 2.000E+05 0.000E+00 0.000E+00 7.513E+05
 1.39225293E-03   5334.1 4.402E+01 1.174E+11 4.821E-03 2.028E+00 2.000E+05 0.000E+00 0.000E+00 7.437E+05
 1.66475102E-03   5370.1 5.264E+01 1.411E+11 5.502E-03 1.999E+00 2.000E+05 0.000E+00 0.000E+00 7.377E+05
 1.98257441E-03   5406.3 6.269E+01 1.691E+11 6.301E-03 1.985E+00 2.000E+05 0.000E+00 0.000E+00 7.330E+05
 2.35253131E-03   5442.4 7.439E+01 2.019E+11 7.218E-03 1.971E+00 2.000E+05 0.000E+00 0.000E+00 7.295E+05
 2.78311264E-03   5478.6 8.800E+01 2.406E+11 8.272E-03 1.957E+00 2.000E+05 0.000E+00 0.000E+00 7.269E+05
 3.28407128E-03   5514.9 1.038E+02 2.860E+11 9.484E-03 1.948E+00 2.000E+05 0.000E+00 0.000E+00 7.250E+05
 3.86629590E-03   5551.5 1.223E+02 3.395E+11 1.089E-02 1.951E+00 2.000E+05 0.000E+00 0.000E+00 7.237E+05
 4.54245707E-03   5588.5 1.436E+02 4.024E+11 1.250E-02 1.953E+00 2.000E+05 0.000E+00 0.000E+00 7.230E+05
 5.32769708E-03   5625.8 1.685E+02 4.764E+11 1.436E-02 1.955E+00 2.000E+05 0.000E+00 0.000E+00 7.227E+05
 6.23950428E-03   5663.7 1.973E+02 5.636E+11 1.649E-02 1.957E+00 2.000E+05 0.000E+00 0.000E+00 7.227E+05
 7.29818962E-03   5702.0 2.308E+02 6.663E+11 1.894E-02 1.960E+00 2.000E+05 0.000E+00 0.000E+00 7.229E+05
 8.52741597E-03   5740.9 2.696E+02 7.874E+11 2.176E-02 1.962E+00 2.000E+05 0.000E+00 0.000E+00 7.237E+05
 9.95318789E-03   5780.4 3.147E+02 9.302E+11 2.503E-02 1.977E+00 2.000E+05 0.000E+00 0.000E+00 7.245E+05
 1.16039022E-02   5820.7 3.669E+02 1.099E+12 2.886E-02 2.014E+00 2.000E+05 0.000E+00 0.000E+00 7.255E+05
 1.35122225E-02   5862.1 4.273E+02 1.298E+12 3.330E-02 2.054E+00 2.000E+05 0.000E+00 0.000E+00 7.267E+05
 1.57166507E-02   5904.4 4.970E+02 1.535E+12 3.846E-02 2.095E+00 2.000E+05 0.000E+00 0.000E+00 7.280E+05
 1.82615103E-02   5947.7 5.774E+02 1.814E+12 4.444E-02 2.139E+00 2.000E+05 0.000E+00 0.000E+00 7.294E+05
 2.11977950E-02   5991.9 6.703E+02 2.145E+12 5.136E-02 2.186E+00 2.000E+05 0.000E+00 0.000E+00 7.310E+05
 2.45853964E-02   6036.9 7.774E+02 2.536E+12 5.937E-02 2.236E+00 2.000E+05 0.000E+00 0.000E+00 7.326E+05
 2.84938171E-02   6082.7 9.010E+02 2.999E+12 6.862E-02 2.290E+00 2.000E+05 0.000E+00 0.000E+00 7.343E+05
 3.30028976E-02   6129.0 1.044E+03 3.544E+12 7.932E-02 2.353E+00 2.000E+05 0.000E+00 0.000E+00 7.361E+05
 3.82019005E-02   6176.1 1.208E+03 4.187E+12 9.180E-02 2.436E+00 2.000E+05 0.000E+00 0.000E+00 7.380E+05
 4.41886734E-02   6223.7 1.397E+03 4.945E+12 1.064E-01 2.544E+00 2.000E+05 0.000E+00 0.000E+00 7.399E+05
 5.10780819E-02   6272.2 1.615E+03 5.841E+12 1.233E-01 2.665E+00 2.000E+05 0.000E+00 0.000E+00 7.418E+05
 5.90065355E-02   6321.6 1.866E+03 6.899E+12 1.428E-01 2.801E+00 2.000E+05 0.000E+00 0.000E+00 7.439E+05
 6.81312222E-02   6371.9 2.154E+03 8.149E+12 1.655E-01 2.955E+00 2.000E+05 0.000E+00 0.000E+00 7.459E+05
 7.86324469E-02   6423.0 2.486E+03 9.628E+12 1.918E-01 3.132E+00 2.000E+05 0.000E+00 0.000E+00 7.481E+05
 9.07159241E-02   6475.4 2.868E+03 1.138E+13 2.223E-01 3.339E+00 2.000E+05 0.000E+00 0.000E+00 7.502E+05
 1.04609526E-01   6529.2 3.308E+03 1.347E+13 2.580E-01 3.587E+00 2.000E+05 0.000E+00 0.000E+00 7.524E+05
 1.20553271E-01   6585.4 3.812E+03 1.597E+13 3.002E-01 3.892E+00 2.000E+05 0.000E+00 0.000E+00 7.547E+05
 1.38788629E-01   6644.6 4.388E+03 1.899E+13 3.507E-01 4.270E+00 2.000E+05 0.000E+00 0.000E+00 7.569E+05
 1.59551712E-01   6707.9 5.045E+03 2.268E+13 4.118E-01 4.738E+00 2.000E+05 0.000E+00 0.000E+00 7.592E+05
 1.83064268E-01   6776.8 5.788E+03 2.725E+13 4.864E-01 5.312E+00 2.000E+05 0.000E+00 0.000E+00 7.614E+05
 2.09514081E-01   6852.6 6.625E+03 3.300E+13 5.788E-01 6.028E+00 2.000E+05 0.000E+00 0.000E+00 7.637E+05
 2.39013682E-01   6937.4 7.557E+03 4.034E+13 6.955E-01 6.941E+00 2.000E+05 0.000E+00 0.000E+00 7.659E+05
 2.71560543E-01   7033.4 8.586E+03 4.991E+13 8.459E-01 8.127E+00 2.000E+05 0.000E+00 0.000E+00 7.681E+05
 3.06949296E-01   7143.5 9.705E+03 6.267E+13 1.047E+00 9.746E+00 2.000E+05 0.000E+00 0.000E+00 7.704E+05
 3.44645738E-01   7272.1 1.090E+04 8.018E+13 1.326E+00 1.205E+01 2.000E+05 0.000E+00 0.000E+00 7.726E+05
 3.83822197E-01   7423.6 1.214E+04 1.048E+14 1.724E+00 1.537E+01 2.000E+05 1.078E+00 0.000E+00 7.752E+05
 4.23407826E-01   7602.8 1.339E+04 1.405E+14 2.313E+00 2.033E+01 2.000E+05 3.864E+01 4.978E+02 7.781E+05
 4.61925627E-01   7817.3 1.460E+04 1.938E+14 3.241E+00 2.824E+01 2.000E+05 1.053E+03 1.532E+03 7.821E+05
 4.97838583E-01   8070.9 1.574E+04 2.746E+14 4.739E+00 4.119E+01 2.000E+05 3.488E+04 4.358E+03 7.879E+05
 5.29502679E-01   8382.1 1.674E+04 4.040E+14 7.407E+00 6.427E+01 2.000E+05 1.498E+06 1.335E+04 7.972E+05
 5.56002042E-01   8737.4 1.757E+04 6.008E+14 1.204E+01 1.046E+02 2.000E+05 3.035E+07 4.483E+04 8.114E+05
 5.76846921E-01   9179.1 1.823E+04 9.269E+14 2.122E+01 1.828E+02 2.000E+05 2.294E+08 1.154E+05 8.347E+05
 5.92124875E-01   9699.0 1.871E+04 1.434E+15 3.874E+01 3.051E+02 2.000E+05 1.403E+09 2.090E+05 8.711E+05
 6.04068081E-01  10151.2 1.908E+04 1.978E+15 6.100E+01 3.810E+02 2.000E+05 4.110E+09 3.789E+05 9.110E+05
 6.15063899E-01  10510.6 1.943E+04 2.466E+15 8.286E+01 3.784E+02 2.000E+05 7.327E+09 4.681E+05 9.482E+05
 6.26376362E-01  10811.6 1.978E+04 2.900E+15 1.034E+02 3.536E+02 2.000E+05 9.976E+09 5.248E+05 9.829E+05
 6.38691257E-01  11113.0 2.016E+04 3.339E+15 1.247E+02 3.332E+02 2.000E+05 1.183E+10 5.660E+05 1.020E+06
 6.52625774E-01  11406.3 2.060E+04 3.760E+15 1.437E+02 3.207E+02 2.000E+05 1.306E+10 5.930E+05 1.059E+06
 6.68958342E-01  11740.9 2.111E+04 4.208E+15 1.617E+02 3.330E+02 2.000E+05 1.350E+10 6.251E+05 1.104E+06
 6.88592709E-01  12130.6 2.173E+04 4.665E+15 1.768E+02 3.533E+02 2.000E+05 1.371E+10 6.266E+05 1.157E+06
 7.13002800E-01  12597.2 2.249E+04 5.104E+15 1.851E+02 5.167E+02 2.000E+05 1.183E+10 6.961E+05 1.219E+06
 7.47087579E-01  13672.6 2.354E+04 5.540E+15 1.609E+02 8.374E+02 2.000E+05 5.890E+09 5.194E+05 1.351E+06
 8.07684366E-01  15443.0 2.541E+04 5.607E+15 1.002E+02 7.271E+02 2.000E+05 1.050E+09 9.693E+04 1.544E+06
 9.39301323E-01  17318.1 2.949E+04 5.921E+15 6.571E+01 5.029E+02 2.000E+05 3.899E+06 2.730E+04 1.636E+06
 1.18190651E+00  19121.3 3.706E+04 6.858E+15 5.271E+01 4.054E+02 2.000E+05 1.095E+05 1.293E+04 1.731E+06
 1.55302637E+00  20932.2 4.865E+04 8.320E+15 4.899E+01 3.740E+02 2.000E+05 1.103E+04 3.280E+03 1.882E+06
 2.07235534E+00  22775.0 6.488E+04 1.025E+16 4.732E+01 3.523E+02 2.000E+05 1.087E+04 3.591E+02 2.038E+06
PRADK 5.4650E+00
BEGIN                    ITERATION  15 COMPLETED
