TEFF   5000.  GRAVITY 5.00000 LTE 
TITLE  [0.5a] VTURB=2  L/H=1.25 NOVER NEW ODF                                   
 OPACITY IFOP 1 1 1 1 1 1 1 1 1 1 1 1 1 0 1 0 0 0 0 0
 CONVECTION ON   1.25 TURBULENCE OFF  0.00  0.00  0.00  0.00
ABUNDANCE SCALE   3.16623 ABUNDANCE CHANGE 1 0.91440 2 0.07782
 ABUNDANCE CHANGE  3 -10.94  4 -10.64  5  -9.49  6  -3.52  7  -4.12  8  -2.81
 ABUNDANCE CHANGE  9  -7.48 10  -3.56 11  -5.71 12  -4.06 13  -5.57 14  -4.09
 ABUNDANCE CHANGE 15  -6.59 16  -4.31 17  -6.54 18  -5.24 19  -6.92 20  -5.28
 ABUNDANCE CHANGE 21  -8.87 22  -6.62 23  -8.04 24  -6.37 25  -6.65 26  -4.54
 ABUNDANCE CHANGE 27  -7.12 28  -5.79 29  -7.83 30  -7.44 31  -9.16 32  -8.63
 ABUNDANCE CHANGE 33  -9.67 34  -8.63 35  -9.41 36  -8.73 37  -9.44 38  -9.07
 ABUNDANCE CHANGE 39  -9.80 40  -9.44 41 -10.62 42 -10.12 43 -20.00 44 -10.20
 ABUNDANCE CHANGE 45 -10.92 46 -10.35 47 -11.10 48 -10.27 49 -10.38 50 -10.04
 ABUNDANCE CHANGE 51 -11.04 52  -9.80 53 -10.53 54  -9.87 55 -10.91 56  -9.91
 ABUNDANCE CHANGE 57 -10.87 58 -10.46 59 -11.33 60 -10.54 61 -20.00 62 -11.03
 ABUNDANCE CHANGE 63 -11.53 64 -10.92 65 -11.69 66 -10.90 67 -11.78 68 -11.11
 ABUNDANCE CHANGE 69 -12.04 70 -10.96 71 -11.98 72 -11.16 73 -12.17 74 -10.93
 ABUNDANCE CHANGE 75 -11.76 76 -10.59 77 -10.69 78 -10.24 79 -11.03 80 -10.91
 ABUNDANCE CHANGE 81 -11.14 82 -10.09 83 -11.33 84 -20.00 85 -20.00 86 -20.00
 ABUNDANCE CHANGE 87 -20.00 88 -20.00 89 -20.00 90 -11.95 91 -20.00 92 -12.54
 ABUNDANCE CHANGE 93 -20.00 94 -20.00 95 -20.00 96 -20.00 97 -20.00 98 -20.00
 ABUNDANCE CHANGE 99 -20.00
READ DECK6 72 RHOX,T,P,XNE,ABROSS,ACCRAD,VTURB, FLXCNV,VCONV,VELSND
 2.39979196E-04   3185.9 2.400E+01 5.345E+09 5.557E-04 1.384E-01 2.000E+05 0.000E+00 0.000E+00 5.717E+05
 3.13984440E-04   3202.7 3.140E+01 6.686E+09 6.463E-04 1.477E-01 2.000E+05 0.000E+00 0.000E+00 5.691E+05
 3.98322661E-04   3221.1 3.983E+01 8.238E+09 7.602E-04 1.515E-01 2.000E+05 0.000E+00 0.000E+00 5.678E+05
 4.94522110E-04   3239.8 4.945E+01 1.001E+10 8.841E-04 1.538E-01 2.000E+05 0.000E+00 0.000E+00 5.672E+05
 6.05287857E-04   3258.9 6.053E+01 1.207E+10 1.019E-03 1.557E-01 2.000E+05 0.000E+00 0.000E+00 5.671E+05
 7.33940477E-04   3278.4 7.339E+01 1.446E+10 1.166E-03 1.572E-01 2.000E+05 0.000E+00 0.000E+00 5.673E+05
 8.84389574E-04   3298.5 8.844E+01 1.728E+10 1.327E-03 1.585E-01 2.000E+05 0.000E+00 0.000E+00 5.678E+05
 1.05997258E-03   3319.3 1.060E+02 2.061E+10 1.524E-03 1.597E-01 2.000E+05 0.000E+00 0.000E+00 5.686E+05
 1.26182949E-03   3340.9 1.262E+02 2.451E+10 1.781E-03 1.607E-01 2.000E+05 0.000E+00 0.000E+00 5.695E+05
 1.49296656E-03   3362.5 1.493E+02 2.901E+10 2.066E-03 1.613E-01 2.000E+05 0.000E+00 0.000E+00 5.706E+05
 1.75941323E-03   3384.4 1.759E+02 3.426E+10 2.384E-03 1.618E-01 2.000E+05 0.000E+00 0.000E+00 5.718E+05
 2.06809407E-03   3406.8 2.068E+02 4.041E+10 2.738E-03 1.621E-01 2.000E+05 0.000E+00 0.000E+00 5.731E+05
 2.42714059E-03   3429.8 2.427E+02 4.766E+10 3.134E-03 1.624E-01 2.000E+05 0.000E+00 0.000E+00 5.743E+05
 2.84605168E-03   3453.6 2.846E+02 5.625E+10 3.577E-03 1.626E-01 2.000E+05 0.000E+00 0.000E+00 5.761E+05
 3.33735706E-03   3477.5 3.337E+02 6.636E+10 4.051E-03 1.509E-01 2.000E+05 0.000E+00 0.000E+00 5.776E+05
 3.91789226E-03   3501.5 3.918E+02 7.828E+10 4.559E-03 1.275E-01 2.000E+05 0.000E+00 0.000E+00 5.792E+05
 4.60672811E-03   3524.6 4.607E+02 9.214E+10 5.119E-03 1.097E-01 2.000E+05 0.000E+00 0.000E+00 5.805E+05
 5.42522390E-03   3547.3 5.425E+02 1.084E+11 5.743E-03 9.575E-02 2.000E+05 0.000E+00 0.000E+00 5.818E+05
 6.39819209E-03   3570.0 6.398E+02 1.275E+11 6.442E-03 8.449E-02 2.000E+05 0.000E+00 0.000E+00 5.831E+05
 7.55454199E-03   3592.5 7.555E+02 1.499E+11 7.231E-03 7.541E-02 2.000E+05 0.000E+00 0.000E+00 5.842E+05
 8.92825784E-03   3614.9 8.928E+02 1.762E+11 8.125E-03 6.774E-02 2.000E+05 0.000E+00 0.000E+00 5.854E+05
 1.05487515E-02   3635.9 1.055E+03 2.062E+11 9.251E-03 6.442E-02 2.000E+05 0.000E+00 0.000E+00 5.862E+05
 1.24254795E-02   3651.4 1.243E+03 2.375E+11 1.075E-02 7.067E-02 2.000E+05 0.000E+00 0.000E+00 5.863E+05
 1.45761344E-02   3668.4 1.458E+03 2.736E+11 1.251E-02 7.878E-02 2.000E+05 0.000E+00 0.000E+00 5.865E+05
 1.70434273E-02   3685.4 1.704E+03 3.146E+11 1.452E-02 8.794E-02 2.000E+05 0.000E+00 0.000E+00 5.867E+05
 1.98789238E-02   3702.9 1.988E+03 3.614E+11 1.685E-02 9.870E-02 2.000E+05 0.000E+00 0.000E+00 5.870E+05
 2.31392086E-02   3721.1 2.314E+03 4.152E+11 1.954E-02 1.114E-01 2.000E+05 0.000E+00 0.000E+00 5.873E+05
 2.68869444E-02   3740.4 2.689E+03 4.774E+11 2.268E-02 1.268E-01 2.000E+05 0.000E+00 0.000E+00 5.878E+05
 3.11879751E-02   3761.4 3.119E+03 5.503E+11 2.639E-02 1.459E-01 2.000E+05 0.000E+00 0.000E+00 5.891E+05
 3.60863391E-02   3785.4 3.609E+03 6.374E+11 3.104E-02 1.722E-01 2.000E+05 0.000E+00 0.000E+00 5.898E+05
 4.16497628E-02   3815.1 4.165E+03 7.461E+11 3.638E-02 1.944E-01 2.000E+05 0.000E+00 0.000E+00 5.920E+05
 4.80491152E-02   3849.3 4.805E+03 8.810E+11 4.168E-02 1.974E-01 2.000E+05 0.000E+00 0.000E+00 5.948E+05
 5.55450949E-02   3881.0 5.555E+03 1.035E+12 4.722E-02 2.001E-01 2.000E+05 0.000E+00 0.000E+00 5.971E+05
 6.43925421E-02   3911.5 6.439E+03 1.213E+12 5.325E-02 2.043E-01 2.000E+05 0.000E+00 0.000E+00 5.992E+05
 7.48646235E-02   3941.3 7.486E+03 1.421E+12 5.997E-02 2.099E-01 2.000E+05 0.000E+00 0.000E+00 6.010E+05
 8.72603138E-02   3970.7 8.726E+03 1.664E+12 6.764E-02 2.172E-01 2.000E+05 0.000E+00 0.000E+00 6.026E+05
 1.01838286E-01   4000.6 1.018E+04 1.951E+12 7.718E-02 2.280E-01 2.000E+05 0.000E+00 0.000E+00 6.043E+05
 1.18707638E-01   4031.2 1.187E+04 2.286E+12 8.956E-02 2.438E-01 2.000E+05 0.000E+00 0.000E+00 6.060E+05
 1.38127760E-01   4061.8 1.381E+04 2.674E+12 1.036E-01 2.614E-01 2.000E+05 0.000E+00 0.000E+00 6.078E+05
 1.60552711E-01   4093.0 1.606E+04 3.126E+12 1.195E-01 2.814E-01 2.000E+05 0.000E+00 0.000E+00 6.095E+05
 1.86487382E-01   4125.2 1.865E+04 3.657E+12 1.377E-01 3.042E-01 2.000E+05 0.000E+00 0.000E+00 6.114E+05
 2.16495805E-01   4159.0 2.165E+04 4.286E+12 1.587E-01 3.302E-01 2.000E+05 0.000E+00 0.000E+00 6.135E+05
 2.51139659E-01   4195.1 2.511E+04 5.037E+12 1.838E-01 3.614E-01 2.000E+05 0.000E+00 0.000E+00 6.159E+05
 2.90961886E-01   4233.9 2.910E+04 5.939E+12 2.136E-01 3.981E-01 2.000E+05 0.000E+00 0.000E+00 6.187E+05
 3.36581809E-01   4276.4 3.366E+04 7.032E+12 2.491E-01 4.417E-01 2.000E+05 0.000E+00 0.000E+00 6.221E+05
 3.88618946E-01   4323.8 3.886E+04 8.376E+12 2.919E-01 4.942E-01 2.000E+05 0.000E+00 0.000E+00 6.261E+05
 4.47634685E-01   4377.2 4.476E+04 1.005E+13 3.446E-01 5.591E-01 2.000E+05 0.000E+00 0.000E+00 6.309E+05
 5.13669847E-01   4439.3 5.137E+04 1.217E+13 4.146E-01 6.511E-01 2.000E+05 0.000E+00 0.000E+00 6.369E+05
 5.86456375E-01   4512.1 5.865E+04 1.489E+13 5.034E-01 7.660E-01 2.000E+05 0.000E+00 0.000E+00 6.442E+05
 6.66344639E-01   4597.7 6.663E+04 1.842E+13 6.100E-01 8.934E-01 2.000E+05 0.000E+00 0.000E+00 6.528E+05
 7.55340432E-01   4693.7 7.553E+04 2.292E+13 7.228E-01 1.002E+00 2.000E+05 0.000E+00 0.000E+00 6.621E+05
 8.55439248E-01   4802.0 8.554E+04 2.870E+13 8.600E-01 1.141E+00 2.000E+05 0.000E+00 0.000E+00 6.719E+05
 9.66520680E-01   4928.6 9.665E+04 3.622E+13 1.042E+00 1.341E+00 2.000E+05 0.000E+00 0.000E+00 6.825E+05
 1.08906299E+00   5076.2 1.089E+05 4.589E+13 1.254E+00 1.571E+00 2.000E+05 0.000E+00 0.000E+00 6.941E+05
 1.22565388E+00   5248.2 1.226E+05 5.816E+13 1.492E+00 1.828E+00 2.000E+05 0.000E+00 0.000E+00 7.075E+05
 1.37982752E+00   5447.9 1.380E+05 7.350E+13 1.750E+00 2.105E+00 2.000E+05 0.000E+00 0.000E+00 7.241E+05
 1.55693866E+00   5677.5 1.557E+05 9.246E+13 2.012E+00 2.389E+00 2.000E+05 0.000E+00 0.000E+00 7.439E+05
 1.76362128E+00   5944.5 1.764E+05 1.167E+14 2.292E+00 2.702E+00 2.000E+05 1.883E+04 0.000E+00 7.653E+05
 2.00422968E+00   6248.9 2.004E+05 1.512E+14 2.648E+00 3.121E+00 2.000E+05 1.576E+06 5.987E+03 7.857E+05
 2.27319399E+00   6604.0 2.273E+05 2.136E+14 3.298E+00 3.852E+00 2.000E+05 2.927E+07 2.520E+04 8.028E+05
 2.54298400E+00   6996.5 2.543E+05 3.387E+14 4.681E+00 5.185E+00 2.000E+05 1.744E+08 6.293E+04 8.190E+05
 2.78570818E+00   7394.9 2.786E+05 5.656E+14 7.138E+00 6.830E+00 2.000E+05 5.218E+08 1.014E+05 8.299E+05
 2.99874810E+00   7755.8 2.999E+05 9.034E+14 1.072E+01 8.030E+00 2.000E+05 1.015E+09 1.259E+05 8.370E+05
 3.19186346E+00   8074.3 3.192E+05 1.349E+15 1.541E+01 8.452E+00 2.000E+05 1.499E+09 1.399E+05 8.418E+05
 3.37575346E+00   8346.9 3.376E+05 1.880E+15 2.105E+01 8.334E+00 2.000E+05 1.871E+09 1.454E+05 8.457E+05
 3.55870938E+00   8591.0 3.559E+05 2.503E+15 2.772E+01 8.039E+00 2.000E+05 2.125E+09 1.469E+05 8.494E+05
 3.74699632E+00   8811.5 3.747E+05 3.217E+15 3.542E+01 7.676E+00 2.000E+05 2.304E+09 1.460E+05 8.532E+05
 3.94529101E+00   9019.1 3.945E+05 4.044E+15 4.449E+01 7.338E+00 2.000E+05 2.425E+09 1.449E+05 8.572E+05
 4.15754683E+00   9216.4 4.157E+05 4.997E+15 5.501E+01 6.913E+00 2.000E+05 2.519E+09 1.414E+05 8.617E+05
 4.38804920E+00   9404.7 4.388E+05 6.087E+15 6.718E+01 6.605E+00 2.000E+05 2.589E+09 1.405E+05 8.665E+05
 4.63966273E+00   9595.2 4.639E+05 7.386E+15 8.191E+01 6.186E+00 2.000E+05 2.633E+09 1.352E+05 8.718E+05
 4.91772762E+00   9769.7 4.918E+05 8.802E+15 9.798E+01 6.211E+00 2.000E+05 2.675E+09 1.344E+05 8.773E+05
PRADK 8.3474E-01
BEGIN                    ITERATION  15 COMPLETED
