TEFF   4000.  GRAVITY 4.00000 LTE 
TITLE  [0.5a] VTURB=2  L/H=1.25 NOVER NEW ODF                                   
 OPACITY IFOP 1 1 1 1 1 1 1 1 1 1 1 1 1 0 1 0 0 0 0 0
 CONVECTION ON   1.25 TURBULENCE OFF  0.00  0.00  0.00  0.00
ABUNDANCE SCALE   3.16623 ABUNDANCE CHANGE 1 0.91440 2 0.07782
 ABUNDANCE CHANGE  3 -10.94  4 -10.64  5  -9.49  6  -3.52  7  -4.12  8  -2.81
 ABUNDANCE CHANGE  9  -7.48 10  -3.56 11  -5.71 12  -4.06 13  -5.57 14  -4.09
 ABUNDANCE CHANGE 15  -6.59 16  -4.31 17  -6.54 18  -5.24 19  -6.92 20  -5.28
 ABUNDANCE CHANGE 21  -8.87 22  -6.62 23  -8.04 24  -6.37 25  -6.65 26  -4.54
 ABUNDANCE CHANGE 27  -7.12 28  -5.79 29  -7.83 30  -7.44 31  -9.16 32  -8.63
 ABUNDANCE CHANGE 33  -9.67 34  -8.63 35  -9.41 36  -8.73 37  -9.44 38  -9.07
 ABUNDANCE CHANGE 39  -9.80 40  -9.44 41 -10.62 42 -10.12 43 -20.00 44 -10.20
 ABUNDANCE CHANGE 45 -10.92 46 -10.35 47 -11.10 48 -10.27 49 -10.38 50 -10.04
 ABUNDANCE CHANGE 51 -11.04 52  -9.80 53 -10.53 54  -9.87 55 -10.91 56  -9.91
 ABUNDANCE CHANGE 57 -10.87 58 -10.46 59 -11.33 60 -10.54 61 -20.00 62 -11.03
 ABUNDANCE CHANGE 63 -11.53 64 -10.92 65 -11.69 66 -10.90 67 -11.78 68 -11.11
 ABUNDANCE CHANGE 69 -12.04 70 -10.96 71 -11.98 72 -11.16 73 -12.17 74 -10.93
 ABUNDANCE CHANGE 75 -11.76 76 -10.59 77 -10.69 78 -10.24 79 -11.03 80 -10.91
 ABUNDANCE CHANGE 81 -11.14 82 -10.09 83 -11.33 84 -20.00 85 -20.00 86 -20.00
 ABUNDANCE CHANGE 87 -20.00 88 -20.00 89 -20.00 90 -11.95 91 -20.00 92 -12.54
 ABUNDANCE CHANGE 93 -20.00 94 -20.00 95 -20.00 96 -20.00 97 -20.00 98 -20.00
 ABUNDANCE CHANGE 99 -20.00
READ DECK6 72 RHOX,T,P,XNE,ABROSS,ACCRAD,VTURB, FLXCNV,VCONV,VELSND
 4.49953729E-04   2705.1 4.500E+00 4.063E+08 2.964E-04 5.794E-02 2.000E+05 0.000E+00 0.000E+00 5.256E+05
 5.89783782E-04   2727.7 5.898E+00 5.285E+08 3.398E-04 5.865E-02 2.000E+05 0.000E+00 0.000E+00 5.203E+05
 7.54490742E-04   2749.2 7.545E+00 6.721E+08 3.804E-04 5.932E-02 2.000E+05 0.000E+00 0.000E+00 5.169E+05
 9.49879001E-04   2769.2 9.499E+00 8.409E+08 4.292E-04 5.942E-02 2.000E+05 0.000E+00 0.000E+00 5.144E+05
 1.17795715E-03   2786.8 1.178E+01 1.034E+09 4.957E-04 5.876E-02 2.000E+05 0.000E+00 0.000E+00 5.123E+05
 1.44225833E-03   2804.1 1.442E+01 1.257E+09 5.674E-04 5.799E-02 2.000E+05 0.000E+00 0.000E+00 5.108E+05
 1.75251917E-03   2821.6 1.753E+01 1.518E+09 6.397E-04 5.734E-02 2.000E+05 0.000E+00 0.000E+00 5.098E+05
 2.12181507E-03   2839.4 2.122E+01 1.830E+09 7.127E-04 5.681E-02 2.000E+05 0.000E+00 0.000E+00 5.093E+05
 2.56617443E-03   2857.9 2.566E+01 2.206E+09 7.861E-04 5.643E-02 2.000E+05 0.000E+00 0.000E+00 5.090E+05
 3.10711398E-03   2877.3 3.107E+01 2.666E+09 8.583E-04 5.613E-02 2.000E+05 0.000E+00 0.000E+00 5.089E+05
 3.75056264E-03   2894.7 3.751E+01 3.199E+09 9.855E-04 5.502E-02 2.000E+05 0.000E+00 0.000E+00 5.086E+05
 4.49681648E-03   2911.5 4.497E+01 3.811E+09 1.134E-03 5.396E-02 2.000E+05 0.000E+00 0.000E+00 5.083E+05
 5.36538724E-03   2927.9 5.365E+01 4.518E+09 1.292E-03 5.323E-02 2.000E+05 0.000E+00 0.000E+00 5.081E+05
 6.38646528E-03   2944.2 6.387E+01 5.344E+09 1.460E-03 5.284E-02 2.000E+05 0.000E+00 0.000E+00 5.079E+05
 7.59495568E-03   2960.5 7.595E+01 6.313E+09 1.641E-03 5.279E-02 2.000E+05 0.000E+00 0.000E+00 5.077E+05
 9.03503406E-03   2976.8 9.035E+01 7.458E+09 1.833E-03 5.307E-02 2.000E+05 0.000E+00 0.000E+00 5.075E+05
 1.07462390E-02   2992.7 1.075E+02 8.796E+09 2.067E-03 5.339E-02 2.000E+05 0.000E+00 0.000E+00 5.072E+05
 1.27520793E-02   3007.8 1.275E+02 1.034E+10 2.368E-03 5.373E-02 2.000E+05 0.000E+00 0.000E+00 5.067E+05
 1.50876044E-02   3022.9 1.509E+02 1.211E+10 2.711E-03 5.436E-02 2.000E+05 0.000E+00 0.000E+00 5.063E+05
 1.77898487E-02   3037.0 1.779E+02 1.413E+10 3.143E-03 5.501E-02 2.000E+05 0.000E+00 0.000E+00 5.057E+05
 2.09108246E-02   3050.9 2.091E+02 1.643E+10 3.611E-03 5.596E-02 2.000E+05 0.000E+00 0.000E+00 5.051E+05
 2.45473164E-02   3064.8 2.455E+02 1.907E+10 4.118E-03 5.719E-02 2.000E+05 0.000E+00 0.000E+00 5.045E+05
 2.88176366E-02   3078.9 2.882E+02 2.214E+10 4.666E-03 5.867E-02 2.000E+05 0.000E+00 0.000E+00 5.039E+05
 3.38319357E-02   3092.7 3.383E+02 2.570E+10 5.310E-03 5.992E-02 2.000E+05 0.000E+00 0.000E+00 5.032E+05
 3.96696487E-02   3105.9 3.967E+02 2.974E+10 6.116E-03 6.106E-02 2.000E+05 0.000E+00 0.000E+00 5.024E+05
 4.64439524E-02   3119.5 4.645E+02 3.440E+10 7.006E-03 6.256E-02 2.000E+05 0.000E+00 0.000E+00 5.017E+05
 5.43496629E-02   3133.6 5.435E+02 3.981E+10 7.987E-03 6.438E-02 2.000E+05 0.000E+00 0.000E+00 5.012E+05
 6.36128719E-02   3148.3 6.362E+02 4.610E+10 9.077E-03 6.664E-02 2.000E+05 0.000E+00 0.000E+00 5.007E+05
 7.44949565E-02   3163.3 7.450E+02 5.343E+10 1.030E-02 6.943E-02 2.000E+05 0.000E+00 0.000E+00 5.004E+05
 8.72249446E-02   3178.2 8.723E+02 6.189E+10 1.179E-02 7.171E-02 2.000E+05 0.000E+00 0.000E+00 4.999E+05
 1.02139297E-01   3194.1 1.021E+03 7.181E+10 1.336E-02 7.362E-02 2.000E+05 0.000E+00 0.000E+00 4.997E+05
 1.19614687E-01   3209.7 1.196E+03 8.324E+10 1.527E-02 7.441E-02 2.000E+05 0.000E+00 0.000E+00 4.995E+05
 1.40083058E-01   3227.0 1.401E+03 9.676E+10 1.729E-02 7.513E-02 2.000E+05 0.000E+00 0.000E+00 4.995E+05
 1.64273356E-01   3245.9 1.643E+03 1.129E+11 1.944E-02 7.586E-02 2.000E+05 0.000E+00 0.000E+00 4.999E+05
 1.93061118E-01   3266.8 1.931E+03 1.324E+11 2.171E-02 7.659E-02 2.000E+05 0.000E+00 0.000E+00 5.007E+05
 2.27561259E-01   3290.0 2.276E+03 1.563E+11 2.409E-02 7.736E-02 2.000E+05 0.000E+00 0.000E+00 5.018E+05
 2.69143367E-01   3315.9 2.691E+03 1.857E+11 2.664E-02 7.793E-02 2.000E+05 0.000E+00 0.000E+00 5.034E+05
 3.19071443E-01   3343.0 3.191E+03 2.214E+11 2.970E-02 7.722E-02 2.000E+05 0.000E+00 0.000E+00 5.051E+05
 3.78624024E-01   3370.5 3.786E+03 2.643E+11 3.326E-02 7.538E-02 2.000E+05 0.000E+00 0.000E+00 5.068E+05
 4.49745307E-01   3400.5 4.497E+03 3.171E+11 3.699E-02 7.394E-02 2.000E+05 0.000E+00 0.000E+00 5.090E+05
 5.35205911E-01   3432.7 5.352E+03 3.822E+11 4.097E-02 7.313E-02 2.000E+05 0.000E+00 0.000E+00 5.114E+05
 6.38425332E-01   3468.5 6.384E+03 4.645E+11 4.499E-02 7.230E-02 2.000E+05 0.000E+00 0.000E+00 5.145E+05
 7.69766279E-01   3505.0 7.698E+03 5.691E+11 4.533E-02 6.160E-02 2.000E+05 0.000E+00 0.000E+00 5.174E+05
 9.42572473E-01   3540.7 9.426E+03 7.034E+11 4.633E-02 5.564E-02 2.000E+05 0.000E+00 0.000E+00 5.196E+05
 1.16456989E+00   3577.0 1.165E+04 8.751E+11 4.885E-02 5.218E-02 2.000E+05 0.000E+00 0.000E+00 5.216E+05
 1.44154455E+00   3614.2 1.442E+04 1.091E+12 5.302E-02 5.122E-02 2.000E+05 0.000E+00 0.000E+00 5.237E+05
 1.76368466E+00   3658.1 1.764E+04 1.364E+12 6.453E-02 5.774E-02 2.000E+05 0.000E+00 0.000E+00 5.272E+05
 2.10382652E+00   3708.0 2.104E+04 1.695E+12 8.339E-02 7.012E-02 2.000E+05 0.000E+00 0.000E+00 5.323E+05
 2.45394774E+00   3766.7 2.454E+04 2.108E+12 1.071E-01 8.477E-02 2.000E+05 0.000E+00 0.000E+00 5.397E+05
 2.82925207E+00   3835.1 2.829E+04 2.649E+12 1.292E-01 9.556E-02 2.000E+05 0.000E+00 0.000E+00 5.487E+05
 3.25629931E+00   3911.1 3.256E+04 3.377E+12 1.485E-01 1.012E-01 2.000E+05 0.000E+00 0.000E+00 5.592E+05
 3.74373642E+00   3997.1 3.744E+04 4.381E+12 1.774E-01 1.123E-01 2.000E+05 0.000E+00 0.000E+00 5.713E+05
 4.27619764E+00   4096.1 4.276E+04 5.793E+12 2.209E-01 1.312E-01 2.000E+05 0.000E+00 0.000E+00 5.858E+05
 4.83896246E+00   4211.4 4.839E+04 7.811E+12 2.819E-01 1.582E-01 2.000E+05 2.806E-01 0.000E+00 6.027E+05
 5.42134822E+00   4342.4 5.421E+04 1.066E+13 3.673E-01 1.960E-01 2.000E+05 8.799E+03 1.865E+02 6.213E+05
 6.00141320E+00   4497.1 6.001E+04 1.475E+13 4.991E-01 2.575E-01 2.000E+05 1.349E+05 5.894E+03 6.417E+05
 6.58376092E+00   4669.8 6.584E+04 2.027E+13 6.484E-01 3.227E-01 2.000E+05 8.583E+05 1.397E+04 6.614E+05
 7.19236243E+00   4870.7 7.192E+04 2.769E+13 8.148E-01 3.919E-01 2.000E+05 3.357E+06 2.413E+04 6.799E+05
 7.84477716E+00   5094.5 7.845E+04 3.683E+13 1.003E+00 4.751E-01 2.000E+05 8.370E+06 3.547E+04 6.973E+05
 8.56604402E+00   5352.6 8.566E+04 4.783E+13 1.184E+00 5.558E-01 2.000E+05 1.395E+07 4.338E+04 7.186E+05
 9.40259576E+00   5644.3 9.402E+04 6.062E+13 1.333E+00 6.233E-01 2.000E+05 1.805E+07 4.593E+04 7.441E+05
 1.04014765E+01   5978.5 1.040E+05 7.696E+13 1.483E+00 6.916E-01 2.000E+05 2.774E+07 4.839E+04 7.693E+05
 1.15655557E+01   6347.4 1.157E+05 1.048E+14 1.768E+00 7.953E-01 2.000E+05 7.226E+07 6.293E+04 7.899E+05
 1.27816823E+01   6732.4 1.278E+05 1.617E+14 2.422E+00 9.713E-01 2.000E+05 1.891E+08 9.161E+04 8.050E+05
 1.39127151E+01   7097.7 1.391E+05 2.619E+14 3.583E+00 1.164E+00 2.000E+05 3.734E+08 1.160E+05 8.150E+05
 1.49257527E+01   7426.0 1.492E+05 4.102E+14 5.306E+00 1.294E+00 2.000E+05 5.691E+08 1.307E+05 8.213E+05
 1.58612086E+01   7706.2 1.586E+05 5.993E+14 7.471E+00 1.327E+00 2.000E+05 7.298E+08 1.371E+05 8.254E+05
 1.67641121E+01   7953.3 1.676E+05 8.300E+14 1.013E+01 1.318E+00 2.000E+05 8.436E+08 1.398E+05 8.285E+05
 1.76689051E+01   8173.8 1.767E+05 1.100E+15 1.326E+01 1.268E+00 2.000E+05 9.261E+08 1.387E+05 8.314E+05
 1.86021564E+01   8375.3 1.860E+05 1.414E+15 1.697E+01 1.229E+00 2.000E+05 9.832E+08 1.390E+05 8.343E+05
 1.95804770E+01   8569.1 1.958E+05 1.787E+15 2.141E+01 1.158E+00 2.000E+05 1.024E+09 1.343E+05 8.375E+05
 2.06280579E+01   8742.7 2.063E+05 2.196E+15 2.633E+01 1.183E+00 2.000E+05 1.049E+09 1.348E+05 8.410E+05
PRADK 3.3929E-01
BEGIN                    ITERATION  15 COMPLETED
