TEFF   6000.  GRAVITY 2.50000 LTE 
TITLE  [0.5a] VTURB=2  L/H=1.25 NOVER NEW ODF                                   
 OPACITY IFOP 1 1 1 1 1 1 1 1 1 1 1 1 1 0 1 0 0 0 0 0
 CONVECTION ON   1.25 TURBULENCE OFF  0.00  0.00  0.00  0.00
ABUNDANCE SCALE   3.16623 ABUNDANCE CHANGE 1 0.91440 2 0.07782
 ABUNDANCE CHANGE  3 -10.94  4 -10.64  5  -9.49  6  -3.52  7  -4.12  8  -2.81
 ABUNDANCE CHANGE  9  -7.48 10  -3.56 11  -5.71 12  -4.06 13  -5.57 14  -4.09
 ABUNDANCE CHANGE 15  -6.59 16  -4.31 17  -6.54 18  -5.24 19  -6.92 20  -5.28
 ABUNDANCE CHANGE 21  -8.87 22  -6.62 23  -8.04 24  -6.37 25  -6.65 26  -4.54
 ABUNDANCE CHANGE 27  -7.12 28  -5.79 29  -7.83 30  -7.44 31  -9.16 32  -8.63
 ABUNDANCE CHANGE 33  -9.67 34  -8.63 35  -9.41 36  -8.73 37  -9.44 38  -9.07
 ABUNDANCE CHANGE 39  -9.80 40  -9.44 41 -10.62 42 -10.12 43 -20.00 44 -10.20
 ABUNDANCE CHANGE 45 -10.92 46 -10.35 47 -11.10 48 -10.27 49 -10.38 50 -10.04
 ABUNDANCE CHANGE 51 -11.04 52  -9.80 53 -10.53 54  -9.87 55 -10.91 56  -9.91
 ABUNDANCE CHANGE 57 -10.87 58 -10.46 59 -11.33 60 -10.54 61 -20.00 62 -11.03
 ABUNDANCE CHANGE 63 -11.53 64 -10.92 65 -11.69 66 -10.90 67 -11.78 68 -11.11
 ABUNDANCE CHANGE 69 -12.04 70 -10.96 71 -11.98 72 -11.16 73 -12.17 74 -10.93
 ABUNDANCE CHANGE 75 -11.76 76 -10.59 77 -10.69 78 -10.24 79 -11.03 80 -10.91
 ABUNDANCE CHANGE 81 -11.14 82 -10.09 83 -11.33 84 -20.00 85 -20.00 86 -20.00
 ABUNDANCE CHANGE 87 -20.00 88 -20.00 89 -20.00 90 -11.95 91 -20.00 92 -12.54
 ABUNDANCE CHANGE 93 -20.00 94 -20.00 95 -20.00 96 -20.00 97 -20.00 98 -20.00
 ABUNDANCE CHANGE 99 -20.00
READ DECK6 72 RHOX,T,P,XNE,ABROSS,ACCRAD,VTURB, FLXCNV,VCONV,VELSND
 3.98945721E-04   3513.8 1.261E-01 1.625E+08 3.343E-04 6.396E-02 2.000E+05 0.000E+00 0.000E+00 2.644E+06
 5.31856864E-04   3534.8 1.681E-01 2.142E+08 3.350E-04 6.126E-02 2.000E+05 0.000E+00 0.000E+00 2.312E+06
 7.08409552E-04   3556.2 2.240E-01 2.819E+08 3.369E-04 5.773E-02 2.000E+05 0.000E+00 0.000E+00 2.028E+06
 9.42233586E-04   3580.4 2.979E-01 3.706E+08 3.396E-04 5.322E-02 2.000E+05 0.000E+00 0.000E+00 1.788E+06
 1.25110138E-03   3607.4 3.955E-01 4.864E+08 3.433E-04 4.805E-02 2.000E+05 0.000E+00 0.000E+00 1.585E+06
 1.65612620E-03   3637.0 5.236E-01 6.368E+08 3.522E-04 4.485E-02 2.000E+05 0.000E+00 0.000E+00 1.416E+06
 2.16912285E-03   3671.3 6.858E-01 8.260E+08 3.791E-04 4.914E-02 2.000E+05 0.000E+00 0.000E+00 1.279E+06
 2.80062598E-03   3707.2 8.855E-01 1.057E+09 4.131E-04 5.398E-02 2.000E+05 0.000E+00 0.000E+00 1.169E+06
 3.56863452E-03   3744.1 1.128E+00 1.337E+09 4.556E-04 6.016E-02 2.000E+05 0.000E+00 0.000E+00 1.081E+06
 4.49111398E-03   3780.7 1.420E+00 1.670E+09 5.086E-04 6.866E-02 2.000E+05 0.000E+00 0.000E+00 1.009E+06
 5.59913264E-03   3816.5 1.770E+00 2.067E+09 5.592E-04 7.422E-02 2.000E+05 0.000E+00 0.000E+00 9.503E+05
 6.96833534E-03   3851.6 2.203E+00 2.554E+09 5.956E-04 7.210E-02 2.000E+05 0.000E+00 0.000E+00 8.998E+05
 8.67681678E-03   3886.4 2.743E+00 3.156E+09 6.387E-04 7.035E-02 2.000E+05 0.000E+00 0.000E+00 8.564E+05
 1.07949157E-02   3921.5 3.413E+00 3.897E+09 6.889E-04 6.873E-02 2.000E+05 0.000E+00 0.000E+00 8.199E+05
 1.34045389E-02   3957.2 4.238E+00 4.802E+09 7.480E-04 6.730E-02 2.000E+05 0.000E+00 0.000E+00 7.897E+05
 1.66003448E-02   3993.4 5.248E+00 5.903E+09 8.165E-04 6.595E-02 2.000E+05 0.000E+00 0.000E+00 7.650E+05
 2.05009082E-02   4030.2 6.482E+00 7.237E+09 8.928E-04 6.445E-02 2.000E+05 0.000E+00 0.000E+00 7.450E+05
 2.52463017E-02   4066.9 7.982E+00 8.847E+09 9.809E-04 6.267E-02 2.000E+05 0.000E+00 0.000E+00 7.288E+05
 3.09928006E-02   4103.3 9.799E+00 1.078E+10 1.083E-03 6.080E-02 2.000E+05 0.000E+00 0.000E+00 7.159E+05
 3.79191063E-02   4139.5 1.199E+01 1.310E+10 1.201E-03 5.930E-02 2.000E+05 0.000E+00 0.000E+00 7.057E+05
 4.62258012E-02   4175.1 1.461E+01 1.585E+10 1.338E-03 5.812E-02 2.000E+05 0.000E+00 0.000E+00 6.977E+05
 5.61562861E-02   4210.2 1.775E+01 1.912E+10 1.494E-03 5.731E-02 2.000E+05 0.000E+00 0.000E+00 6.916E+05
 6.80025935E-02   4244.9 2.150E+01 2.299E+10 1.672E-03 5.651E-02 2.000E+05 0.000E+00 0.000E+00 6.869E+05
 8.20974718E-02   4279.2 2.596E+01 2.757E+10 1.876E-03 5.577E-02 2.000E+05 0.000E+00 0.000E+00 6.835E+05
 9.88309973E-02   4312.9 3.125E+01 3.296E+10 2.109E-03 5.514E-02 2.000E+05 0.000E+00 0.000E+00 6.811E+05
 1.18641365E-01   4346.8 3.751E+01 3.930E+10 2.381E-03 5.501E-02 2.000E+05 0.000E+00 0.000E+00 6.796E+05
 1.41973821E-01   4380.4 4.489E+01 4.672E+10 2.704E-03 5.588E-02 2.000E+05 0.000E+00 0.000E+00 6.787E+05
 1.69296431E-01   4414.1 5.353E+01 5.536E+10 3.086E-03 5.789E-02 2.000E+05 0.000E+00 0.000E+00 6.785E+05
 2.01223768E-01   4448.6 6.362E+01 6.540E+10 3.519E-03 5.998E-02 2.000E+05 0.000E+00 0.000E+00 6.788E+05
 2.38564023E-01   4483.9 7.543E+01 7.708E+10 4.012E-03 6.218E-02 2.000E+05 0.000E+00 0.000E+00 6.796E+05
 2.82258121E-01   4520.3 8.924E+01 9.068E+10 4.571E-03 6.446E-02 2.000E+05 0.000E+00 0.000E+00 6.807E+05
 3.33386455E-01   4557.9 1.054E+02 1.065E+11 5.208E-03 6.713E-02 2.000E+05 0.000E+00 0.000E+00 6.822E+05
 3.93546436E-01   4598.6 1.244E+02 1.252E+11 5.869E-03 6.743E-02 2.000E+05 0.000E+00 0.000E+00 6.842E+05
 4.64913404E-01   4640.2 1.470E+02 1.472E+11 6.590E-03 6.623E-02 2.000E+05 0.000E+00 0.000E+00 6.864E+05
 5.49549754E-01   4681.6 1.737E+02 1.732E+11 7.421E-03 6.520E-02 2.000E+05 0.000E+00 0.000E+00 6.886E+05
 6.49646882E-01   4722.6 2.054E+02 2.038E+11 8.377E-03 6.447E-02 2.000E+05 0.000E+00 0.000E+00 6.909E+05
 7.67813687E-01   4763.1 2.428E+02 2.399E+11 9.474E-03 6.404E-02 2.000E+05 0.000E+00 0.000E+00 6.932E+05
 9.06771304E-01   4802.6 2.867E+02 2.821E+11 1.077E-02 6.495E-02 2.000E+05 0.000E+00 0.000E+00 6.955E+05
 1.06940108E+00   4841.7 3.381E+02 3.313E+11 1.229E-02 6.763E-02 2.000E+05 0.000E+00 0.000E+00 6.978E+05
 1.25947844E+00   4882.2 3.982E+02 3.888E+11 1.401E-02 7.078E-02 2.000E+05 0.000E+00 0.000E+00 7.003E+05
 1.48197245E+00   4924.2 4.685E+02 4.561E+11 1.596E-02 7.423E-02 2.000E+05 0.000E+00 0.000E+00 7.029E+05
 1.74253938E+00   4968.1 5.509E+02 5.352E+11 1.817E-02 7.806E-02 2.000E+05 0.000E+00 0.000E+00 7.056E+05
 2.04790245E+00   5014.1 6.475E+02 6.284E+11 2.068E-02 8.241E-02 2.000E+05 0.000E+00 0.000E+00 7.085E+05
 2.40509628E+00   5062.9 7.604E+02 7.382E+11 2.361E-02 8.837E-02 2.000E+05 0.000E+00 0.000E+00 7.115E+05
 2.82245015E+00   5115.8 8.923E+02 8.686E+11 2.691E-02 9.485E-02 2.000E+05 0.000E+00 0.000E+00 7.147E+05
 3.31103648E+00   5173.7 1.047E+03 1.025E+12 3.064E-02 1.021E-01 2.000E+05 0.000E+00 0.000E+00 7.182E+05
 3.88367896E+00   5238.0 1.228E+03 1.215E+12 3.487E-02 1.107E-01 2.000E+05 0.000E+00 0.000E+00 7.219E+05
 4.55314896E+00   5310.3 1.439E+03 1.449E+12 3.986E-02 1.208E-01 2.000E+05 0.000E+00 0.000E+00 7.259E+05
 5.33099620E+00   5392.2 1.685E+03 1.744E+12 4.596E-02 1.336E-01 2.000E+05 0.000E+00 0.000E+00 7.302E+05
 6.22349309E+00   5487.1 1.967E+03 2.129E+12 5.387E-02 1.518E-01 2.000E+05 0.000E+00 0.000E+00 7.346E+05
 7.23169068E+00   5597.5 2.286E+03 2.653E+12 6.406E-02 1.747E-01 2.000E+05 0.000E+00 0.000E+00 7.392E+05
 8.35135368E+00   5724.8 2.640E+03 3.398E+12 7.780E-02 2.052E-01 2.000E+05 0.000E+00 0.000E+00 7.438E+05
 9.55575380E+00   5873.8 3.021E+03 4.524E+12 9.864E-02 2.546E-01 2.000E+05 0.000E+00 0.000E+00 7.482E+05
 1.07945349E+01   6048.8 3.412E+03 6.316E+12 1.308E-01 3.316E-01 2.000E+05 1.640E-03 0.000E+00 7.520E+05
 1.20090040E+01   6253.2 3.795E+03 9.286E+12 1.827E-01 4.567E-01 2.000E+05 8.661E-01 9.432E+01 7.548E+05
 1.31324015E+01   6493.6 4.150E+03 1.443E+13 2.720E-01 6.756E-01 2.000E+05 6.653E+01 7.279E+02 7.563E+05
 1.41070932E+01   6774.0 4.458E+03 2.354E+13 4.316E-01 1.072E+00 2.000E+05 4.695E+03 2.922E+03 7.565E+05
 1.48967374E+01   7104.0 4.706E+03 4.024E+13 7.364E-01 1.842E+00 2.000E+05 4.157E+05 1.139E+04 7.569E+05
 1.54886162E+01   7490.2 4.892E+03 7.130E+13 1.363E+00 3.468E+00 2.000E+05 1.196E+07 4.758E+04 7.608E+05
 1.58889250E+01   7957.2 5.016E+03 1.318E+14 2.820E+00 7.136E+00 2.000E+05 1.641E+08 1.337E+05 7.727E+05
 1.61412867E+01   8452.9 5.094E+03 2.324E+14 5.918E+00 1.265E+01 2.000E+05 9.565E+08 2.953E+05 7.954E+05
 1.63176502E+01   8837.2 5.147E+03 3.415E+14 1.017E+01 1.426E+01 2.000E+05 2.412E+09 4.827E+05 8.203E+05
 1.64711612E+01   9095.5 5.194E+03 4.313E+14 1.429E+01 1.227E+01 2.000E+05 3.674E+09 5.394E+05 8.408E+05
 1.66237477E+01   9302.6 5.240E+03 5.127E+14 1.849E+01 1.060E+01 2.000E+05 4.414E+09 5.703E+05 8.595E+05
 1.67847720E+01   9488.4 5.289E+03 5.923E+14 2.293E+01 9.365E+00 2.000E+05 4.853E+09 5.887E+05 8.780E+05
 1.69605594E+01   9660.8 5.343E+03 6.711E+14 2.765E+01 8.446E+00 2.000E+05 5.111E+09 5.998E+05 8.966E+05
 1.71566377E+01   9830.1 5.404E+03 7.525E+14 3.283E+01 7.842E+00 2.000E+05 5.278E+09 6.106E+05 9.162E+05
 1.73782629E+01  10000.3 5.472E+03 8.374E+14 3.851E+01 7.410E+00 2.000E+05 5.388E+09 6.192E+05 9.372E+05
 1.76322879E+01  10176.6 5.551E+03 9.272E+14 4.447E+01 7.086E+00 2.000E+05 5.468E+09 6.282E+05 9.600E+05
 1.79266562E+01  10364.2 5.642E+03 1.024E+15 5.102E+01 6.936E+00 2.000E+05 5.524E+09 6.392E+05 9.855E+05
 1.82699902E+01  10569.0 5.748E+03 1.127E+15 5.814E+01 6.893E+00 2.000E+05 5.563E+09 6.490E+05 1.014E+06
 1.86743006E+01  10795.1 5.873E+03 1.238E+15 6.559E+01 7.259E+00 2.000E+05 5.585E+09 6.650E+05 1.047E+06
PRADK 1.7329E+00
BEGIN                    ITERATION  15 COMPLETED
