TEFF   4250.  GRAVITY 4.00000 LTE 
TITLE  [0.5a] VTURB=2  L/H=1.25 NOVER NEW ODF                                   
 OPACITY IFOP 1 1 1 1 1 1 1 1 1 1 1 1 1 0 1 0 0 0 0 0
 CONVECTION ON   1.25 TURBULENCE OFF  0.00  0.00  0.00  0.00
ABUNDANCE SCALE   3.16623 ABUNDANCE CHANGE 1 0.91440 2 0.07782
 ABUNDANCE CHANGE  3 -10.94  4 -10.64  5  -9.49  6  -3.52  7  -4.12  8  -2.81
 ABUNDANCE CHANGE  9  -7.48 10  -3.56 11  -5.71 12  -4.06 13  -5.57 14  -4.09
 ABUNDANCE CHANGE 15  -6.59 16  -4.31 17  -6.54 18  -5.24 19  -6.92 20  -5.28
 ABUNDANCE CHANGE 21  -8.87 22  -6.62 23  -8.04 24  -6.37 25  -6.65 26  -4.54
 ABUNDANCE CHANGE 27  -7.12 28  -5.79 29  -7.83 30  -7.44 31  -9.16 32  -8.63
 ABUNDANCE CHANGE 33  -9.67 34  -8.63 35  -9.41 36  -8.73 37  -9.44 38  -9.07
 ABUNDANCE CHANGE 39  -9.80 40  -9.44 41 -10.62 42 -10.12 43 -20.00 44 -10.20
 ABUNDANCE CHANGE 45 -10.92 46 -10.35 47 -11.10 48 -10.27 49 -10.38 50 -10.04
 ABUNDANCE CHANGE 51 -11.04 52  -9.80 53 -10.53 54  -9.87 55 -10.91 56  -9.91
 ABUNDANCE CHANGE 57 -10.87 58 -10.46 59 -11.33 60 -10.54 61 -20.00 62 -11.03
 ABUNDANCE CHANGE 63 -11.53 64 -10.92 65 -11.69 66 -10.90 67 -11.78 68 -11.11
 ABUNDANCE CHANGE 69 -12.04 70 -10.96 71 -11.98 72 -11.16 73 -12.17 74 -10.93
 ABUNDANCE CHANGE 75 -11.76 76 -10.59 77 -10.69 78 -10.24 79 -11.03 80 -10.91
 ABUNDANCE CHANGE 81 -11.14 82 -10.09 83 -11.33 84 -20.00 85 -20.00 86 -20.00
 ABUNDANCE CHANGE 87 -20.00 88 -20.00 89 -20.00 90 -11.95 91 -20.00 92 -12.54
 ABUNDANCE CHANGE 93 -20.00 94 -20.00 95 -20.00 96 -20.00 97 -20.00 98 -20.00
 ABUNDANCE CHANGE 99 -20.00
READ DECK6 72 RHOX,T,P,XNE,ABROSS,ACCRAD,VTURB, FLXCNV,VCONV,VELSND
 5.70033511E-04   2797.5 5.700E+00 6.063E+08 2.339E-04 5.840E-02 2.000E+05 0.000E+00 0.000E+00 5.417E+05
 7.47853088E-04   2822.1 7.478E+00 7.920E+08 2.663E-04 5.908E-02 2.000E+05 0.000E+00 0.000E+00 5.366E+05
 9.59172042E-04   2844.9 9.592E+00 1.012E+09 2.950E-04 5.912E-02 2.000E+05 0.000E+00 0.000E+00 5.333E+05
 1.21055856E-03   2866.7 1.211E+01 1.272E+09 3.342E-04 5.864E-02 2.000E+05 0.000E+00 0.000E+00 5.310E+05
 1.50643812E-03   2888.6 1.506E+01 1.583E+09 3.787E-04 5.798E-02 2.000E+05 0.000E+00 0.000E+00 5.297E+05
 1.85200768E-03   2910.3 1.852E+01 1.949E+09 4.353E-04 5.696E-02 2.000E+05 0.000E+00 0.000E+00 5.291E+05
 2.25643360E-03   2931.5 2.256E+01 2.379E+09 4.905E-04 5.589E-02 2.000E+05 0.000E+00 0.000E+00 5.288E+05
 2.73923116E-03   2952.7 2.739E+01 2.894E+09 5.444E-04 5.477E-02 2.000E+05 0.000E+00 0.000E+00 5.288E+05
 3.32063808E-03   2974.0 3.321E+01 3.516E+09 6.029E-04 5.351E-02 2.000E+05 0.000E+00 0.000E+00 5.291E+05
 4.01305499E-03   2995.0 4.013E+01 4.257E+09 6.818E-04 5.209E-02 2.000E+05 0.000E+00 0.000E+00 5.294E+05
 4.83301131E-03   3016.2 4.833E+01 5.139E+09 7.649E-04 5.090E-02 2.000E+05 0.000E+00 0.000E+00 5.300E+05
 5.79469865E-03   3037.5 5.795E+01 6.183E+09 8.799E-04 4.974E-02 2.000E+05 0.000E+00 0.000E+00 5.307E+05
 6.91315248E-03   3058.1 6.913E+01 7.394E+09 1.004E-03 4.869E-02 2.000E+05 0.000E+00 0.000E+00 5.314E+05
 8.22871407E-03   3078.2 8.229E+01 8.812E+09 1.131E-03 4.778E-02 2.000E+05 0.000E+00 0.000E+00 5.321E+05
 9.79627768E-03   3098.3 9.796E+01 1.050E+10 1.262E-03 4.698E-02 2.000E+05 0.000E+00 0.000E+00 5.328E+05
 1.16488668E-02   3117.9 1.165E+02 1.247E+10 1.438E-03 4.611E-02 2.000E+05 0.000E+00 0.000E+00 5.334E+05
 1.38181852E-02   3137.5 1.382E+02 1.478E+10 1.634E-03 4.544E-02 2.000E+05 0.000E+00 0.000E+00 5.340E+05
 1.63737656E-02   3157.1 1.637E+02 1.749E+10 1.846E-03 4.497E-02 2.000E+05 0.000E+00 0.000E+00 5.346E+05
 1.93593493E-02   3177.0 1.936E+02 2.068E+10 2.127E-03 4.463E-02 2.000E+05 0.000E+00 0.000E+00 5.353E+05
 2.28196859E-02   3196.6 2.282E+02 2.436E+10 2.442E-03 4.434E-02 2.000E+05 0.000E+00 0.000E+00 5.360E+05
 2.68606541E-02   3215.9 2.686E+02 2.863E+10 2.772E-03 4.407E-02 2.000E+05 0.000E+00 0.000E+00 5.366E+05
 3.16356381E-02   3235.3 3.164E+02 3.365E+10 3.119E-03 4.380E-02 2.000E+05 0.000E+00 0.000E+00 5.372E+05
 3.72310877E-02   3254.3 3.723E+02 3.947E+10 3.585E-03 4.346E-02 2.000E+05 0.000E+00 0.000E+00 5.377E+05
 4.37426994E-02   3273.2 4.374E+02 4.620E+10 4.091E-03 4.329E-02 2.000E+05 0.000E+00 0.000E+00 5.382E+05
 5.13750853E-02   3292.2 5.137E+02 5.406E+10 4.642E-03 4.327E-02 2.000E+05 0.000E+00 0.000E+00 5.386E+05
 6.03745150E-02   3311.3 6.037E+02 6.327E+10 5.242E-03 4.341E-02 2.000E+05 0.000E+00 0.000E+00 5.390E+05
 7.08620217E-02   3330.4 7.086E+02 7.394E+10 6.068E-03 4.403E-02 2.000E+05 0.000E+00 0.000E+00 5.394E+05
 8.30028214E-02   3348.9 8.300E+02 8.611E+10 6.948E-03 4.479E-02 2.000E+05 0.000E+00 0.000E+00 5.396E+05
 9.72194805E-02   3367.1 9.722E+02 1.002E+11 7.889E-03 4.567E-02 2.000E+05 0.000E+00 0.000E+00 5.398E+05
 1.13799312E-01   3384.8 1.138E+03 1.163E+11 9.077E-03 4.669E-02 2.000E+05 0.000E+00 0.000E+00 5.398E+05
 1.33033730E-01   3402.4 1.330E+03 1.348E+11 1.042E-02 4.796E-02 2.000E+05 0.000E+00 0.000E+00 5.397E+05
 1.55453183E-01   3420.5 1.555E+03 1.563E+11 1.188E-02 4.939E-02 2.000E+05 0.000E+00 0.000E+00 5.398E+05
 1.81747798E-01   3439.4 1.817E+03 1.815E+11 1.347E-02 5.093E-02 2.000E+05 0.000E+00 0.000E+00 5.399E+05
 2.12739943E-01   3459.2 2.127E+03 2.113E+11 1.520E-02 5.274E-02 2.000E+05 0.000E+00 0.000E+00 5.402E+05
 2.49687800E-01   3482.2 2.497E+03 2.481E+11 1.685E-02 5.038E-02 2.000E+05 0.000E+00 0.000E+00 5.410E+05
 2.94400146E-01   3504.0 2.944E+03 2.913E+11 1.852E-02 4.726E-02 2.000E+05 0.000E+00 0.000E+00 5.414E+05
 3.48344382E-01   3523.2 3.483E+03 3.406E+11 2.058E-02 4.608E-02 2.000E+05 0.000E+00 0.000E+00 5.411E+05
 4.12958766E-01   3541.8 4.130E+03 3.981E+11 2.293E-02 4.582E-02 2.000E+05 0.000E+00 0.000E+00 5.406E+05
 4.90477355E-01   3560.7 4.905E+03 4.659E+11 2.541E-02 4.614E-02 2.000E+05 0.000E+00 0.000E+00 5.401E+05
 5.83978482E-01   3581.0 5.840E+03 5.477E+11 2.804E-02 4.665E-02 2.000E+05 0.000E+00 0.000E+00 5.398E+05
 6.96979195E-01   3602.0 6.970E+03 6.455E+11 3.095E-02 4.770E-02 2.000E+05 0.000E+00 0.000E+00 5.395E+05
 8.33508747E-01   3625.4 8.335E+03 7.651E+11 3.420E-02 4.891E-02 2.000E+05 0.000E+00 0.000E+00 5.396E+05
 9.92737510E-01   3651.7 9.927E+03 9.093E+11 4.065E-02 5.574E-02 2.000E+05 0.000E+00 0.000E+00 5.403E+05
 1.16819364E+00   3681.7 1.168E+04 1.079E+12 4.977E-02 6.491E-02 2.000E+05 0.000E+00 0.000E+00 5.421E+05
 1.35888706E+00   3717.3 1.359E+04 1.284E+12 6.111E-02 7.545E-02 2.000E+05 0.000E+00 0.000E+00 5.452E+05
 1.56557296E+00   3758.6 1.566E+04 1.536E+12 7.526E-02 8.788E-02 2.000E+05 0.000E+00 0.000E+00 5.495E+05
 1.78955432E+00   3808.9 1.790E+04 1.860E+12 9.221E-02 1.018E-01 2.000E+05 0.000E+00 0.000E+00 5.557E+05
 2.04415820E+00   3867.2 2.044E+04 2.286E+12 1.043E-01 1.054E-01 2.000E+05 0.000E+00 0.000E+00 5.634E+05
 2.34166089E+00   3930.5 2.342E+04 2.841E+12 1.204E-01 1.126E-01 2.000E+05 0.000E+00 0.000E+00 5.717E+05
 2.68056706E+00   4002.3 2.681E+04 3.584E+12 1.429E-01 1.243E-01 2.000E+05 0.000E+00 0.000E+00 5.814E+05
 3.05524455E+00   4084.3 3.055E+04 4.586E+12 1.749E-01 1.424E-01 2.000E+05 0.000E+00 0.000E+00 5.927E+05
 3.46047289E+00   4178.2 3.460E+04 5.954E+12 2.171E-01 1.666E-01 2.000E+05 0.000E+00 0.000E+00 6.057E+05
 3.89015054E+00   4286.7 3.890E+04 7.842E+12 2.765E-01 2.009E-01 2.000E+05 0.000E+00 0.000E+00 6.204E+05
 4.33684817E+00   4411.1 4.337E+04 1.043E+13 3.573E-01 2.479E-01 2.000E+05 1.055E+01 0.000E+00 6.363E+05
 4.78822033E+00   4556.3 4.788E+04 1.399E+13 4.737E-01 3.201E-01 2.000E+05 1.842E+03 6.899E+02 6.531E+05
 5.25982970E+00   4722.4 5.260E+04 1.872E+13 5.869E-01 3.768E-01 2.000E+05 2.505E+04 3.805E+03 6.693E+05
 5.76946275E+00   4908.8 5.769E+04 2.472E+13 7.220E-01 4.509E-01 2.000E+05 1.525E+05 8.534E+03 6.843E+05
 6.32813592E+00   5125.6 6.328E+04 3.223E+13 8.702E-01 5.344E-01 2.000E+05 4.722E+05 1.444E+04 7.007E+05
 6.95696337E+00   5371.2 6.957E+04 4.112E+13 1.011E+00 6.163E-01 2.000E+05 8.830E+05 1.857E+04 7.216E+05
 7.69452311E+00   5656.1 7.694E+04 5.173E+13 1.131E+00 6.856E-01 2.000E+05 1.371E+06 2.012E+04 7.462E+05
 8.57477752E+00   5976.3 8.575E+04 6.555E+13 1.265E+00 7.689E-01 2.000E+05 3.814E+06 2.379E+04 7.694E+05
 9.59174186E+00   6343.0 9.591E+04 9.061E+13 1.531E+00 9.194E-01 2.000E+05 2.601E+07 3.888E+04 7.889E+05
 1.06323142E+01   6736.2 1.063E+05 1.438E+14 2.155E+00 1.212E+00 2.000E+05 1.199E+08 7.668E+04 8.035E+05
 1.15609783E+01   7133.0 1.156E+05 2.451E+14 3.355E+00 1.595E+00 2.000E+05 3.259E+08 1.150E+05 8.133E+05
 1.23574163E+01   7485.4 1.236E+05 3.975E+14 5.155E+00 1.870E+00 2.000E+05 6.004E+08 1.402E+05 8.189E+05
 1.30641718E+01   7792.3 1.306E+05 5.989E+14 7.540E+00 1.958E+00 2.000E+05 8.490E+08 1.527E+05 8.225E+05
 1.37314432E+01   8046.9 1.373E+05 8.323E+14 1.033E+01 1.913E+00 2.000E+05 1.029E+09 1.565E+05 8.253E+05
 1.43930621E+01   8274.1 1.439E+05 1.105E+15 1.366E+01 1.847E+00 2.000E+05 1.149E+09 1.580E+05 8.283E+05
 1.50710637E+01   8477.7 1.507E+05 1.414E+15 1.752E+01 1.739E+00 2.000E+05 1.234E+09 1.556E+05 8.314E+05
 1.57847456E+01   8666.1 1.578E+05 1.766E+15 2.197E+01 1.660E+00 2.000E+05 1.293E+09 1.554E+05 8.349E+05
 1.65455901E+01   8849.9 1.654E+05 2.178E+15 2.735E+01 1.550E+00 2.000E+05 1.335E+09 1.502E+05 8.390E+05
 1.73712121E+01   9015.5 1.737E+05 2.624E+15 3.324E+01 1.568E+00 2.000E+05 1.361E+09 1.501E+05 8.432E+05
PRADK 4.3405E-01
BEGIN                    ITERATION  15 COMPLETED
