TEFF   8500.  GRAVITY 2.50000 LTE 
TITLE  [0.5a] VTURB=2  L/H=1.25 NOVER NEW ODF                                   
 OPACITY IFOP 1 1 1 1 1 1 1 1 1 1 1 1 1 0 1 0 0 0 0 0
 CONVECTION ON   1.25 TURBULENCE OFF  0.00  0.00  0.00  0.00
ABUNDANCE SCALE   3.16623 ABUNDANCE CHANGE 1 0.91440 2 0.07782
 ABUNDANCE CHANGE  3 -10.94  4 -10.64  5  -9.49  6  -3.52  7  -4.12  8  -2.81
 ABUNDANCE CHANGE  9  -7.48 10  -3.56 11  -5.71 12  -4.06 13  -5.57 14  -4.09
 ABUNDANCE CHANGE 15  -6.59 16  -4.31 17  -6.54 18  -5.24 19  -6.92 20  -5.28
 ABUNDANCE CHANGE 21  -8.87 22  -6.62 23  -8.04 24  -6.37 25  -6.65 26  -4.54
 ABUNDANCE CHANGE 27  -7.12 28  -5.79 29  -7.83 30  -7.44 31  -9.16 32  -8.63
 ABUNDANCE CHANGE 33  -9.67 34  -8.63 35  -9.41 36  -8.73 37  -9.44 38  -9.07
 ABUNDANCE CHANGE 39  -9.80 40  -9.44 41 -10.62 42 -10.12 43 -20.00 44 -10.20
 ABUNDANCE CHANGE 45 -10.92 46 -10.35 47 -11.10 48 -10.27 49 -10.38 50 -10.04
 ABUNDANCE CHANGE 51 -11.04 52  -9.80 53 -10.53 54  -9.87 55 -10.91 56  -9.91
 ABUNDANCE CHANGE 57 -10.87 58 -10.46 59 -11.33 60 -10.54 61 -20.00 62 -11.03
 ABUNDANCE CHANGE 63 -11.53 64 -10.92 65 -11.69 66 -10.90 67 -11.78 68 -11.11
 ABUNDANCE CHANGE 69 -12.04 70 -10.96 71 -11.98 72 -11.16 73 -12.17 74 -10.93
 ABUNDANCE CHANGE 75 -11.76 76 -10.59 77 -10.69 78 -10.24 79 -11.03 80 -10.91
 ABUNDANCE CHANGE 81 -11.14 82 -10.09 83 -11.33 84 -20.00 85 -20.00 86 -20.00
 ABUNDANCE CHANGE 87 -20.00 88 -20.00 89 -20.00 90 -11.95 91 -20.00 92 -12.54
 ABUNDANCE CHANGE 93 -20.00 94 -20.00 95 -20.00 96 -20.00 97 -20.00 98 -20.00
 ABUNDANCE CHANGE 99 -20.00
READ DECK6 72 RHOX,T,P,XNE,ABROSS,ACCRAD,VTURB, FLXCNV,VCONV,VELSND
 1.27608669E-05   4847.9 3.992E-03 1.799E+08 1.045E-02 3.328E+00 2.000E+05 0.000E+00 0.000E+00 1.316E+07
 1.71311880E-05   4871.1 5.360E-03 2.264E+08 9.904E-03 3.282E+00 2.000E+05 0.000E+00 0.000E+00 1.163E+07
 2.32648887E-05   4897.4 7.280E-03 2.892E+08 9.436E-03 3.181E+00 2.000E+05 0.000E+00 0.000E+00 1.022E+07
 3.18102891E-05   4927.7 9.955E-03 3.750E+08 9.076E-03 3.056E+00 2.000E+05 0.000E+00 2.879E+07 8.931E+06
 4.36313119E-05   4960.7 1.366E-02 4.907E+08 8.792E-03 2.919E+00 2.000E+05 0.000E+00 2.138E+07 7.788E+06
 5.98734957E-05   4995.0 1.875E-02 6.438E+08 8.545E-03 2.785E+00 2.000E+05 0.000E+00 1.560E+07 6.788E+06
 8.21412094E-05   5029.9 2.573E-02 8.448E+08 8.316E-03 2.664E+00 2.000E+05 0.000E+00 1.128E+07 5.919E+06
 1.12637419E-04   5065.2 3.529E-02 1.108E+09 8.102E-03 2.564E+00 2.000E+05 0.000E+00 8.160E+06 5.165E+06
 1.54314138E-04   5101.5 4.836E-02 1.455E+09 7.920E-03 2.486E+00 2.000E+05 0.000E+00 5.955E+06 4.510E+06
 2.10993948E-04   5139.7 6.615E-02 1.916E+09 7.791E-03 2.425E+00 2.000E+05 0.000E+00 4.391E+06 3.940E+06
 2.87465793E-04   5180.6 9.014E-02 2.533E+09 7.737E-03 2.374E+00 2.000E+05 0.000E+00 3.267E+06 3.445E+06
 3.89540823E-04   5224.7 1.222E-01 3.362E+09 7.773E-03 2.326E+00 2.000E+05 0.000E+00 2.439E+06 3.017E+06
 5.24188403E-04   5271.9 1.644E-01 4.474E+09 7.902E-03 2.276E+00 2.000E+05 0.000E+00 1.811E+06 2.648E+06
 6.99784056E-04   5321.7 2.196E-01 5.959E+09 8.122E-03 2.223E+00 2.000E+05 0.000E+00 1.331E+06 2.333E+06
 9.26446051E-04   5373.8 2.907E-01 7.927E+09 8.430E-03 2.166E+00 2.000E+05 0.000E+00 9.618E+05 2.064E+06
 1.21623922E-03   5427.8 3.818E-01 1.052E+10 8.832E-03 2.103E+00 2.000E+05 0.000E+00 6.760E+05 1.837E+06
 1.58384598E-03   5482.4 4.972E-01 1.389E+10 9.308E-03 2.039E+00 2.000E+05 0.000E+00 1.795E+05 1.645E+06
 2.04791514E-03   5537.2 6.431E-01 1.824E+10 9.852E-03 1.976E+00 2.000E+05 0.000E+00 8.692E+04 1.483E+06
 2.63143862E-03   5592.0 8.264E-01 2.379E+10 1.047E-02 1.918E+00 2.000E+05 0.000E+00 4.279E+04 1.347E+06
 3.36248579E-03   5646.5 1.056E+00 3.084E+10 1.116E-02 1.868E+00 2.000E+05 0.000E+00 1.949E+04 1.233E+06
 4.27462472E-03   5701.1 1.343E+00 3.979E+10 1.196E-02 1.827E+00 2.000E+05 0.000E+00 7.507E+03 1.137E+06
 5.40740072E-03   5755.7 1.699E+00 5.109E+10 1.287E-02 1.794E+00 2.000E+05 0.000E+00 1.629E+03 1.057E+06
 6.80588776E-03   5810.9 2.139E+00 6.533E+10 1.395E-02 1.770E+00 2.000E+05 0.000E+00 0.000E+00 9.906E+05
 8.52080517E-03   5866.6 2.678E+00 8.322E+10 1.522E-02 1.753E+00 2.000E+05 0.000E+00 0.000E+00 9.352E+05
 1.06088752E-02   5923.0 3.335E+00 1.056E+11 1.673E-02 1.744E+00 2.000E+05 0.000E+00 0.000E+00 8.897E+05
 1.31320415E-02   5980.4 4.128E+00 1.336E+11 1.852E-02 1.741E+00 2.000E+05 0.000E+00 0.000E+00 8.525E+05
 1.61593953E-02   6038.4 5.080E+00 1.683E+11 2.066E-02 1.742E+00 2.000E+05 0.000E+00 0.000E+00 8.223E+05
 1.97675988E-02   6096.9 6.215E+00 2.111E+11 2.318E-02 1.747E+00 2.000E+05 0.000E+00 0.000E+00 7.980E+05
 2.40442894E-02   6155.7 7.559E+00 2.636E+11 2.614E-02 1.755E+00 2.000E+05 0.000E+00 0.000E+00 7.785E+05
 2.90894749E-02   6214.4 9.146E+00 3.273E+11 2.961E-02 1.770E+00 2.000E+05 0.000E+00 0.000E+00 7.632E+05
 3.50198239E-02   6272.9 1.101E+01 4.043E+11 3.364E-02 1.794E+00 2.000E+05 0.000E+00 0.000E+00 7.511E+05
 4.19704569E-02   6331.1 1.320E+01 4.970E+11 3.832E-02 1.828E+00 2.000E+05 0.000E+00 0.000E+00 7.417E+05
 5.00974322E-02   6389.1 1.575E+01 6.081E+11 4.375E-02 1.870E+00 2.000E+05 0.000E+00 0.000E+00 7.345E+05
 5.95815858E-02   6447.0 1.873E+01 7.411E+11 5.004E-02 1.922E+00 2.000E+05 0.000E+00 0.000E+00 7.291E+05
 7.06285905E-02   6504.8 2.220E+01 8.997E+11 5.734E-02 1.986E+00 2.000E+05 0.000E+00 0.000E+00 7.252E+05
 8.34770086E-02   6562.5 2.624E+01 1.088E+12 6.579E-02 2.064E+00 2.000E+05 0.000E+00 0.000E+00 7.224E+05
 9.83953818E-02   6620.3 3.093E+01 1.313E+12 7.561E-02 2.158E+00 2.000E+05 0.000E+00 0.000E+00 7.207E+05
 1.15687047E-01   6678.4 3.636E+01 1.579E+12 8.710E-02 2.276E+00 2.000E+05 0.000E+00 0.000E+00 7.198E+05
 1.35682084E-01   6737.3 4.263E+01 1.896E+12 1.005E-01 2.419E+00 2.000E+05 0.000E+00 0.000E+00 7.196E+05
 1.58749721E-01   6797.2 4.987E+01 2.274E+12 1.164E-01 2.593E+00 2.000E+05 0.000E+00 0.000E+00 7.201E+05
 1.85275384E-01   6858.9 5.818E+01 2.726E+12 1.352E-01 2.808E+00 2.000E+05 0.000E+00 0.000E+00 7.212E+05
 2.15645804E-01   6923.2 6.770E+01 3.270E+12 1.579E-01 3.076E+00 2.000E+05 0.000E+00 0.000E+00 7.228E+05
 2.50197247E-01   6991.5 7.851E+01 3.933E+12 1.858E-01 3.416E+00 2.000E+05 0.000E+00 0.000E+00 7.250E+05
 2.89169440E-01   7065.5 9.069E+01 4.751E+12 2.208E-01 3.854E+00 2.000E+05 7.046E-09 0.000E+00 7.280E+05
 3.32584903E-01   7147.2 1.042E+02 5.775E+12 2.663E-01 4.434E+00 2.000E+05 1.121E-05 3.565E+00 7.317E+05
 3.80176063E-01   7239.2 1.191E+02 7.076E+12 3.269E-01 5.214E+00 2.000E+05 1.148E-04 3.969E+01 7.365E+05
 4.31360563E-01   7343.8 1.350E+02 8.753E+12 4.097E-01 6.282E+00 2.000E+05 5.707E-04 7.667E+01 7.427E+05
 4.85173832E-01   7464.0 1.516E+02 1.094E+13 5.260E-01 7.780E+00 2.000E+05 2.077E-03 1.172E+02 7.507E+05
 5.40296501E-01   7603.3 1.685E+02 1.384E+13 6.947E-01 9.937E+00 2.000E+05 6.976E-03 1.680E+02 7.611E+05
 5.95048183E-01   7765.8 1.852E+02 1.772E+13 9.481E-01 1.312E+01 2.000E+05 2.726E-02 2.433E+02 7.749E+05
 6.47718985E-01   7954.2 2.011E+02 2.290E+13 1.335E+00 1.790E+01 2.000E+05 1.595E-01 3.863E+02 7.933E+05
 6.96882893E-01   8174.0 2.156E+02 2.975E+13 1.935E+00 2.515E+01 2.000E+05 1.436E+00 7.202E+02 8.182E+05
 7.41608383E-01   8428.7 2.284E+02 3.857E+13 2.856E+00 3.580E+01 2.000E+05 1.400E+01 1.544E+03 8.519E+05
 7.81991766E-01   8717.0 2.394E+02 4.914E+13 4.193E+00 5.047E+01 2.000E+05 8.808E+01 3.355E+03 8.964E+05
 8.19330807E-01   9040.0 2.490E+02 6.065E+13 5.888E+00 6.761E+01 2.000E+05 2.575E+02 6.143E+03 9.526E+05
 8.56165975E-01   9401.4 2.579E+02 7.165E+13 7.693E+00 8.464E+01 2.000E+05 3.453E+02 7.948E+03 1.020E+06
 8.95834627E-01   9808.7 2.668E+02 8.048E+13 8.992E+00 9.529E+01 2.000E+05 2.118E+02 6.193E+03 1.094E+06
 9.44042081E-01  10264.9 2.774E+02 8.643E+13 9.316E+00 9.570E+01 2.000E+05 5.238E+01 2.955E+03 1.174E+06
 1.00955433E+00  10780.7 2.921E+02 9.042E+13 8.763E+00 8.807E+01 2.000E+05 3.913E+00 1.062E+03 1.264E+06
 1.10501655E+00  11357.3 3.144E+02 9.433E+13 7.806E+00 7.786E+01 2.000E+05 1.290E-01 3.695E+02 1.371E+06
 1.25154971E+00  12010.2 3.503E+02 1.004E+14 6.657E+00 6.569E+01 2.000E+05 4.111E-03 1.326E+02 1.478E+06
 1.48007556E+00  12738.7 4.086E+02 1.110E+14 5.743E+00 5.681E+01 2.000E+05 1.723E-04 5.130E+01 1.553E+06
 1.82984635E+00  13555.8 5.007E+02 1.284E+14 5.060E+00 5.009E+01 2.000E+05 4.815E-05 3.454E+01 1.580E+06
 2.34797645E+00  14454.3 6.398E+02 1.549E+14 4.649E+00 4.592E+01 2.000E+05 2.265E-04 6.587E+01 1.589E+06
 3.08599776E+00  15442.6 8.403E+02 1.926E+14 4.433E+00 4.379E+01 2.000E+05 3.978E-04 1.028E+02 1.635E+06
 4.09281468E+00  16515.3 1.115E+03 2.414E+14 4.444E+00 4.393E+01 2.000E+05 2.558E-04 6.709E+01 1.733E+06
 5.38333613E+00  17676.3 1.465E+03 2.983E+14 4.747E+00 4.622E+01 2.000E+05 4.869E-05 0.000E+00 1.860E+06
 7.04488711E+00  18940.5 1.913E+03 3.646E+14 4.756E+00 4.666E+01 2.000E+05 0.000E+00 0.000E+00 1.979E+06
 9.27887669E+00  20311.7 2.516E+03 4.479E+14 4.677E+00 4.590E+01 2.000E+05 0.000E+00 0.000E+00 2.072E+06
 1.23428514E+01  21794.7 3.346E+03 5.558E+14 4.504E+00 4.440E+01 2.000E+05 0.000E+00 0.000E+00 2.147E+06
 1.65879829E+01  23397.5 4.504E+03 6.975E+14 4.343E+00 4.255E+01 2.000E+05 0.000E+00 0.000E+00 2.231E+06
 2.24429437E+01  25116.7 6.115E+03 8.827E+14 4.200E+00 3.967E+01 2.000E+05 0.000E+00 0.000E+00 2.316E+06
PRADK 6.9738E+00
BEGIN                    ITERATION  15 COMPLETED
