TEFF   4250.  GRAVITY 2.00000 LTE 
TITLE  [0.5a] VTURB=2  L/H=1.25 NOVER NEW ODF                                   
 OPACITY IFOP 1 1 1 1 1 1 1 1 1 1 1 1 1 0 1 0 0 0 0 0
 CONVECTION ON   1.25 TURBULENCE OFF  0.00  0.00  0.00  0.00
ABUNDANCE SCALE   3.16623 ABUNDANCE CHANGE 1 0.91440 2 0.07782
 ABUNDANCE CHANGE  3 -10.94  4 -10.64  5  -9.49  6  -3.52  7  -4.12  8  -2.81
 ABUNDANCE CHANGE  9  -7.48 10  -3.56 11  -5.71 12  -4.06 13  -5.57 14  -4.09
 ABUNDANCE CHANGE 15  -6.59 16  -4.31 17  -6.54 18  -5.24 19  -6.92 20  -5.28
 ABUNDANCE CHANGE 21  -8.87 22  -6.62 23  -8.04 24  -6.37 25  -6.65 26  -4.54
 ABUNDANCE CHANGE 27  -7.12 28  -5.79 29  -7.83 30  -7.44 31  -9.16 32  -8.63
 ABUNDANCE CHANGE 33  -9.67 34  -8.63 35  -9.41 36  -8.73 37  -9.44 38  -9.07
 ABUNDANCE CHANGE 39  -9.80 40  -9.44 41 -10.62 42 -10.12 43 -20.00 44 -10.20
 ABUNDANCE CHANGE 45 -10.92 46 -10.35 47 -11.10 48 -10.27 49 -10.38 50 -10.04
 ABUNDANCE CHANGE 51 -11.04 52  -9.80 53 -10.53 54  -9.87 55 -10.91 56  -9.91
 ABUNDANCE CHANGE 57 -10.87 58 -10.46 59 -11.33 60 -10.54 61 -20.00 62 -11.03
 ABUNDANCE CHANGE 63 -11.53 64 -10.92 65 -11.69 66 -10.90 67 -11.78 68 -11.11
 ABUNDANCE CHANGE 69 -12.04 70 -10.96 71 -11.98 72 -11.16 73 -12.17 74 -10.93
 ABUNDANCE CHANGE 75 -11.76 76 -10.59 77 -10.69 78 -10.24 79 -11.03 80 -10.91
 ABUNDANCE CHANGE 81 -11.14 82 -10.09 83 -11.33 84 -20.00 85 -20.00 86 -20.00
 ABUNDANCE CHANGE 87 -20.00 88 -20.00 89 -20.00 90 -11.95 91 -20.00 92 -12.54
 ABUNDANCE CHANGE 93 -20.00 94 -20.00 95 -20.00 96 -20.00 97 -20.00 98 -20.00
 ABUNDANCE CHANGE 99 -20.00
READ DECK6 72 RHOX,T,P,XNE,ABROSS,ACCRAD,VTURB, FLXCNV,VCONV,VELSND
 1.83336693E-03   2548.2 1.833E-01 2.235E+07 7.274E-05 2.526E-02 2.000E+05 0.000E+00 0.000E+00 1.068E+06
 2.43119551E-03   2576.3 2.431E-01 3.016E+07 7.605E-05 2.357E-02 2.000E+05 0.000E+00 0.000E+00 9.640E+05
 3.19973993E-03   2603.2 3.199E-01 4.028E+07 7.829E-05 2.207E-02 2.000E+05 0.000E+00 0.000E+00 8.789E+05
 4.18365523E-03   2630.3 4.183E-01 5.354E+07 8.248E-05 2.054E-02 2.000E+05 0.000E+00 0.000E+00 8.098E+05
 5.41138818E-03   2658.7 5.410E-01 7.082E+07 8.933E-05 1.896E-02 2.000E+05 0.000E+00 0.000E+00 7.551E+05
 6.93362175E-03   2685.9 6.932E-01 9.262E+07 9.509E-05 1.759E-02 2.000E+05 0.000E+00 0.000E+00 7.114E+05
 8.85681602E-03   2712.7 8.855E-01 1.206E+08 9.988E-05 1.637E-02 2.000E+05 0.000E+00 0.000E+00 6.759E+05
 1.12909788E-02   2739.3 1.129E+00 1.566E+08 1.056E-04 1.528E-02 2.000E+05 0.000E+00 0.000E+00 6.471E+05
 1.43193552E-02   2766.7 1.432E+00 2.028E+08 1.147E-04 1.429E-02 2.000E+05 0.000E+00 0.000E+00 6.244E+05
 1.80178119E-02   2793.9 1.801E+00 2.609E+08 1.258E-04 1.342E-02 2.000E+05 0.000E+00 0.000E+00 6.069E+05
 2.25321916E-02   2819.8 2.253E+00 3.323E+08 1.365E-04 1.266E-02 2.000E+05 0.000E+00 0.000E+00 5.932E+05
 2.81118592E-02   2845.2 2.811E+00 4.213E+08 1.468E-04 1.200E-02 2.000E+05 0.000E+00 0.000E+00 5.823E+05
 3.50103566E-02   2870.3 3.501E+00 5.327E+08 1.589E-04 1.142E-02 2.000E+05 0.000E+00 0.000E+00 5.738E+05
 4.33980364E-02   2896.5 4.339E+00 6.728E+08 1.766E-04 1.091E-02 2.000E+05 0.000E+00 0.000E+00 5.676E+05
 5.34033893E-02   2922.8 5.340E+00 8.449E+08 1.983E-04 1.044E-02 2.000E+05 0.000E+00 0.000E+00 5.632E+05
 6.53359356E-02   2948.0 6.533E+00 1.052E+09 2.203E-04 9.993E-03 2.000E+05 0.000E+00 0.000E+00 5.599E+05
 7.97243764E-02   2972.8 7.971E+00 1.304E+09 2.427E-04 9.571E-03 2.000E+05 0.000E+00 0.000E+00 5.576E+05
 9.72116141E-02   2997.4 9.720E+00 1.613E+09 2.659E-04 9.173E-03 2.000E+05 0.000E+00 0.000E+00 5.561E+05
 1.18298695E-01   3022.6 1.183E+01 1.995E+09 2.974E-04 8.824E-03 2.000E+05 0.000E+00 0.000E+00 5.552E+05
 1.43008700E-01   3049.2 1.430E+01 2.464E+09 3.428E-04 8.561E-03 2.000E+05 0.000E+00 0.000E+00 5.552E+05
 1.71745756E-01   3074.2 1.717E+01 3.012E+09 3.904E-04 8.298E-03 2.000E+05 0.000E+00 0.000E+00 5.555E+05
 2.05540172E-01   3098.6 2.055E+01 3.660E+09 4.411E-04 8.048E-03 2.000E+05 0.000E+00 0.000E+00 5.559E+05
 2.45570017E-01   3122.5 2.455E+01 4.433E+09 4.951E-04 7.808E-03 2.000E+05 0.000E+00 0.000E+00 5.566E+05
 2.93276794E-01   3146.3 2.932E+01 5.361E+09 5.534E-04 7.590E-03 2.000E+05 0.000E+00 0.000E+00 5.575E+05
 3.49706651E-01   3171.2 3.497E+01 6.492E+09 6.304E-04 7.456E-03 2.000E+05 0.000E+00 0.000E+00 5.587E+05
 4.14886740E-01   3197.1 4.148E+01 7.851E+09 7.343E-04 7.410E-03 2.000E+05 0.000E+00 0.000E+00 5.602E+05
 4.89842662E-01   3222.0 4.898E+01 9.427E+09 8.471E-04 7.343E-03 2.000E+05 0.000E+00 0.000E+00 5.617E+05
 5.76824971E-01   3246.6 5.768E+01 1.128E+10 9.702E-04 7.269E-03 2.000E+05 0.000E+00 0.000E+00 5.633E+05
 6.78386920E-01   3271.2 6.783E+01 1.346E+10 1.105E-03 7.186E-03 2.000E+05 0.000E+00 0.000E+00 5.649E+05
 7.97586059E-01   3296.0 7.975E+01 1.606E+10 1.255E-03 7.104E-03 2.000E+05 0.000E+00 0.000E+00 5.666E+05
 9.37099625E-01   3322.2 9.370E+01 1.922E+10 1.436E-03 7.105E-03 2.000E+05 0.000E+00 0.000E+00 5.685E+05
 1.09771344E+00   3349.7 1.098E+02 2.301E+10 1.679E-03 7.240E-03 2.000E+05 0.000E+00 0.000E+00 5.707E+05
 1.28121017E+00   3377.0 1.281E+02 2.744E+10 1.957E-03 7.383E-03 2.000E+05 0.000E+00 0.000E+00 5.728E+05
 1.49176315E+00   3404.4 1.492E+02 3.265E+10 2.267E-03 7.528E-03 2.000E+05 0.000E+00 0.000E+00 5.750E+05
 1.73465385E+00   3432.7 1.735E+02 3.885E+10 2.615E-03 7.683E-03 2.000E+05 0.000E+00 0.000E+00 5.769E+05
 2.01575787E+00   3461.9 2.016E+02 4.628E+10 3.009E-03 7.966E-03 2.000E+05 0.000E+00 0.000E+00 5.797E+05
 2.34461045E+00   3499.3 2.344E+02 5.630E+10 3.395E-03 6.875E-03 2.000E+05 0.000E+00 0.000E+00 5.830E+05
 2.73607861E+00   3525.9 2.736E+02 6.659E+10 3.784E-03 6.371E-03 2.000E+05 0.000E+00 0.000E+00 5.851E+05
 3.20479336E+00   3548.2 3.205E+02 7.797E+10 4.217E-03 6.259E-03 2.000E+05 0.000E+00 0.000E+00 5.865E+05
 3.76415754E+00   3569.5 3.764E+02 9.117E+10 4.723E-03 6.362E-03 2.000E+05 0.000E+00 0.000E+00 5.879E+05
 4.43015884E+00   3589.4 4.430E+02 1.063E+11 5.287E-03 6.603E-03 2.000E+05 0.000E+00 0.000E+00 5.890E+05
 5.22354850E+00   3609.1 5.223E+02 1.239E+11 5.924E-03 6.960E-03 2.000E+05 0.000E+00 0.000E+00 5.900E+05
 6.16366259E+00   3632.6 6.163E+02 1.459E+11 6.700E-03 7.403E-03 2.000E+05 0.000E+00 0.000E+00 5.915E+05
 7.24700396E+00   3654.9 7.246E+02 1.706E+11 7.947E-03 8.673E-03 2.000E+05 0.000E+00 0.000E+00 5.928E+05
 8.45275984E+00   3683.9 8.452E+02 2.018E+11 9.597E-03 1.031E-02 2.000E+05 0.000E+00 0.000E+00 5.950E+05
 9.77343581E+00   3719.7 9.773E+02 2.408E+11 1.178E-02 1.240E-02 2.000E+05 0.000E+00 0.000E+00 5.981E+05
 1.11927223E+01   3764.1 1.119E+03 2.909E+11 1.477E-02 1.531E-02 2.000E+05 0.000E+00 0.000E+00 6.030E+05
 1.26845868E+01   3824.5 1.268E+03 3.605E+11 1.879E-02 1.890E-02 2.000E+05 0.000E+00 0.000E+00 6.083E+05
 1.42747048E+01   3897.1 1.427E+03 4.536E+11 2.319E-02 2.135E-02 2.000E+05 0.000E+00 0.000E+00 6.154E+05
 1.60029414E+01   3972.5 1.600E+03 5.671E+11 2.836E-02 2.424E-02 2.000E+05 0.000E+00 0.000E+00 6.223E+05
 1.78903758E+01   4057.5 1.789E+03 7.126E+11 3.460E-02 2.774E-02 2.000E+05 0.000E+00 0.000E+00 6.295E+05
 1.99528984E+01   4153.2 1.995E+03 8.969E+11 4.215E-02 3.189E-02 2.000E+05 0.000E+00 0.000E+00 6.368E+05
 2.22246003E+01   4262.6 2.222E+03 1.130E+12 5.070E-02 3.635E-02 2.000E+05 0.000E+00 0.000E+00 6.441E+05
 2.47605856E+01   4387.3 2.476E+03 1.421E+12 6.019E-02 4.130E-02 2.000E+05 0.000E+00 0.000E+00 6.514E+05
 2.76428668E+01   4535.7 2.764E+03 1.788E+12 6.966E-02 4.755E-02 2.000E+05 0.000E+00 0.000E+00 6.605E+05
 3.10275522E+01   4706.7 3.102E+03 2.232E+12 7.790E-02 5.041E-02 2.000E+05 0.000E+00 0.000E+00 6.742E+05
 3.50758738E+01   4897.2 3.507E+03 2.747E+12 8.665E-02 5.414E-02 2.000E+05 0.000E+00 0.000E+00 6.923E+05
 3.99552968E+01   5114.4 3.994E+03 3.339E+12 9.540E-02 5.875E-02 2.000E+05 0.000E+00 0.000E+00 7.121E+05
 4.58900561E+01   5364.2 4.587E+03 4.093E+12 1.045E-01 6.361E-02 2.000E+05 4.158E-03 0.000E+00 7.306E+05
 5.29022020E+01   5647.2 5.288E+03 5.387E+12 1.233E-01 7.503E-02 2.000E+05 1.881E+01 1.173E+02 7.457E+05
 6.02650154E+01   5971.6 6.024E+03 8.274E+12 1.700E-01 1.033E-01 2.000E+05 2.947E+03 1.862E+03 7.568E+05
 6.68046318E+01   6334.3 6.677E+03 1.479E+13 2.761E-01 1.680E-01 2.000E+05 2.766E+05 9.571E+03 7.633E+05
 7.18038664E+01   6743.9 7.176E+03 2.914E+13 5.103E-01 3.107E-01 2.000E+05 4.596E+06 4.121E+04 7.653E+05
 7.52533805E+01   7193.5 7.519E+03 5.884E+13 1.017E+00 5.989E-01 2.000E+05 5.747E+07 9.525E+04 7.656E+05
 7.75180791E+01   7657.2 7.744E+03 1.133E+14 2.058E+00 1.000E+00 2.000E+05 2.991E+08 2.038E+05 7.700E+05
 7.91247874E+01   8025.5 7.903E+03 1.815E+14 3.574E+00 1.124E+00 2.000E+05 7.102E+08 3.069E+05 7.789E+05
 8.04719019E+01   8285.9 8.036E+03 2.471E+14 5.241E+00 9.767E-01 2.000E+05 1.027E+09 3.285E+05 7.883E+05
 8.17771567E+01   8474.8 8.165E+03 3.058E+14 6.887E+00 8.411E-01 2.000E+05 1.178E+09 3.320E+05 7.968E+05
 8.31224054E+01   8647.5 8.299E+03 3.684E+14 8.792E+00 7.603E-01 2.000E+05 1.267E+09 3.350E+05 8.057E+05
 8.45577907E+01   8796.2 8.441E+03 4.302E+14 1.080E+01 6.822E-01 2.000E+05 1.320E+09 3.341E+05 8.144E+05
 8.61187666E+01   8944.8 8.596E+03 4.993E+14 1.321E+01 6.239E-01 2.000E+05 1.360E+09 3.318E+05 8.238E+05
 8.78457589E+01   9078.1 8.768E+03 5.688E+14 1.575E+01 6.141E-01 2.000E+05 1.378E+09 3.340E+05 8.329E+05
PRADK 4.3486E-01
BEGIN                    ITERATION  15 COMPLETED
