TEFF   4250.  GRAVITY 1.00000 LTE 
TITLE  [0.5a] VTURB=2  L/H=1.25 NOVER NEW ODF                                   
 OPACITY IFOP 1 1 1 1 1 1 1 1 1 1 1 1 1 0 1 0 0 0 0 0
 CONVECTION ON   1.25 TURBULENCE OFF  0.00  0.00  0.00  0.00
ABUNDANCE SCALE   3.16623 ABUNDANCE CHANGE 1 0.91440 2 0.07782
 ABUNDANCE CHANGE  3 -10.94  4 -10.64  5  -9.49  6  -3.52  7  -4.12  8  -2.81
 ABUNDANCE CHANGE  9  -7.48 10  -3.56 11  -5.71 12  -4.06 13  -5.57 14  -4.09
 ABUNDANCE CHANGE 15  -6.59 16  -4.31 17  -6.54 18  -5.24 19  -6.92 20  -5.28
 ABUNDANCE CHANGE 21  -8.87 22  -6.62 23  -8.04 24  -6.37 25  -6.65 26  -4.54
 ABUNDANCE CHANGE 27  -7.12 28  -5.79 29  -7.83 30  -7.44 31  -9.16 32  -8.63
 ABUNDANCE CHANGE 33  -9.67 34  -8.63 35  -9.41 36  -8.73 37  -9.44 38  -9.07
 ABUNDANCE CHANGE 39  -9.80 40  -9.44 41 -10.62 42 -10.12 43 -20.00 44 -10.20
 ABUNDANCE CHANGE 45 -10.92 46 -10.35 47 -11.10 48 -10.27 49 -10.38 50 -10.04
 ABUNDANCE CHANGE 51 -11.04 52  -9.80 53 -10.53 54  -9.87 55 -10.91 56  -9.91
 ABUNDANCE CHANGE 57 -10.87 58 -10.46 59 -11.33 60 -10.54 61 -20.00 62 -11.03
 ABUNDANCE CHANGE 63 -11.53 64 -10.92 65 -11.69 66 -10.90 67 -11.78 68 -11.11
 ABUNDANCE CHANGE 69 -12.04 70 -10.96 71 -11.98 72 -11.16 73 -12.17 74 -10.93
 ABUNDANCE CHANGE 75 -11.76 76 -10.59 77 -10.69 78 -10.24 79 -11.03 80 -10.91
 ABUNDANCE CHANGE 81 -11.14 82 -10.09 83 -11.33 84 -20.00 85 -20.00 86 -20.00
 ABUNDANCE CHANGE 87 -20.00 88 -20.00 89 -20.00 90 -11.95 91 -20.00 92 -12.54
 ABUNDANCE CHANGE 93 -20.00 94 -20.00 95 -20.00 96 -20.00 97 -20.00 98 -20.00
 ABUNDANCE CHANGE 99 -20.00
READ DECK6 72 RHOX,T,P,XNE,ABROSS,ACCRAD,VTURB, FLXCNV,VCONV,VELSND
 2.51030421E-03   2413.2 2.506E-02 3.183E+06 5.312E-05 1.784E-02 2.000E+05 0.000E+00 0.000E+00 2.557E+06
 3.33187484E-03   2439.5 3.326E-02 4.308E+06 5.515E-05 1.626E-02 2.000E+05 0.000E+00 0.000E+00 2.241E+06
 4.38303347E-03   2464.4 4.376E-02 5.763E+06 5.770E-05 1.482E-02 2.000E+05 0.000E+00 0.000E+00 1.975E+06
 5.73235607E-03   2489.7 5.723E-02 7.681E+06 5.953E-05 1.355E-02 2.000E+05 0.000E+00 1.149E+05 1.749E+06
 7.48232023E-03   2515.9 7.471E-02 1.025E+07 6.101E-05 1.242E-02 2.000E+05 0.000E+00 3.364E+04 1.556E+06
 9.73694713E-03   2543.3 9.723E-02 1.369E+07 6.378E-05 1.129E-02 2.000E+05 0.000E+00 0.000E+00 1.391E+06
 1.25958171E-02   2569.9 1.258E-01 1.815E+07 6.743E-05 1.026E-02 2.000E+05 0.000E+00 0.000E+00 1.251E+06
 1.62150935E-02   2596.1 1.619E-01 2.392E+07 7.057E-05 9.399E-03 2.000E+05 0.000E+00 0.000E+00 1.132E+06
 2.08594654E-02   2622.1 2.083E-01 3.148E+07 7.306E-05 8.682E-03 2.000E+05 0.000E+00 0.000E+00 1.031E+06
 2.67934213E-02   2649.7 2.676E-01 4.155E+07 7.685E-05 8.016E-03 2.000E+05 0.000E+00 0.000E+00 9.446E+05
 3.42794964E-02   2677.0 3.424E-01 5.458E+07 8.160E-05 7.408E-03 2.000E+05 0.000E+00 0.000E+00 8.725E+05
 4.36474580E-02   2703.8 4.360E-01 7.125E+07 8.715E-05 6.873E-03 2.000E+05 0.000E+00 0.000E+00 8.126E+05
 5.53960457E-02   2730.1 5.535E-01 9.249E+07 9.216E-05 6.417E-03 2.000E+05 0.000E+00 0.000E+00 7.627E+05
 7.02655090E-02   2756.4 7.021E-01 1.199E+08 9.701E-05 6.031E-03 2.000E+05 0.000E+00 0.000E+00 7.211E+05
 8.88471208E-02   2784.9 8.878E-01 1.561E+08 1.049E-04 5.664E-03 2.000E+05 0.000E+00 0.000E+00 6.873E+05
 1.11725630E-01   2812.5 1.116E+00 2.016E+08 1.137E-04 5.316E-03 2.000E+05 0.000E+00 0.000E+00 6.601E+05
 1.39806595E-01   2840.0 1.397E+00 2.589E+08 1.237E-04 4.998E-03 2.000E+05 0.000E+00 0.000E+00 6.383E+05
 1.74362455E-01   2867.0 1.742E+00 3.308E+08 1.337E-04 4.709E-03 2.000E+05 0.000E+00 0.000E+00 6.208E+05
 2.16784021E-01   2895.1 2.167E+00 4.226E+08 1.459E-04 4.459E-03 2.000E+05 0.000E+00 0.000E+00 6.071E+05
 2.68149944E-01   2924.1 2.680E+00 5.393E+08 1.620E-04 4.234E-03 2.000E+05 0.000E+00 0.000E+00 5.966E+05
 3.29962521E-01   2952.0 3.298E+00 6.819E+08 1.792E-04 4.018E-03 2.000E+05 0.000E+00 0.000E+00 5.884E+05
 4.04238348E-01   2980.1 4.040E+00 8.589E+08 1.995E-04 3.825E-03 2.000E+05 0.000E+00 0.000E+00 5.822E+05
 4.93539213E-01   3007.7 4.933E+00 1.076E+09 2.206E-04 3.649E-03 2.000E+05 0.000E+00 0.000E+00 5.776E+05
 6.00422206E-01   3036.9 6.001E+00 1.350E+09 2.476E-04 3.521E-03 2.000E+05 0.000E+00 0.000E+00 5.744E+05
 7.26746268E-01   3066.2 7.264E+00 1.686E+09 2.805E-04 3.413E-03 2.000E+05 0.000E+00 0.000E+00 5.723E+05
 8.75848778E-01   3094.5 8.755E+00 2.090E+09 3.158E-04 3.298E-03 2.000E+05 0.000E+00 0.000E+00 5.710E+05
 1.05250210E+00   3122.7 1.052E+01 2.580E+09 3.557E-04 3.194E-03 2.000E+05 0.000E+00 0.000E+00 5.703E+05
 1.26102681E+00   3151.7 1.261E+01 3.181E+09 4.029E-04 3.119E-03 2.000E+05 0.000E+00 0.000E+00 5.702E+05
 1.50470165E+00   3182.6 1.504E+01 3.931E+09 4.632E-04 3.095E-03 2.000E+05 0.000E+00 0.000E+00 5.708E+05
 1.78651071E+00   3213.6 1.786E+01 4.835E+09 5.350E-04 3.085E-03 2.000E+05 0.000E+00 0.000E+00 5.718E+05
 2.11271921E+00   3244.0 2.112E+01 5.908E+09 6.144E-04 3.065E-03 2.000E+05 0.000E+00 0.000E+00 5.730E+05
 2.49223613E+00   3274.2 2.491E+01 7.191E+09 7.031E-04 3.041E-03 2.000E+05 0.000E+00 0.000E+00 5.744E+05
 2.93514685E+00   3304.7 2.934E+01 8.736E+09 8.030E-04 3.032E-03 2.000E+05 0.000E+00 0.000E+00 5.761E+05
 3.44680355E+00   3338.3 3.446E+01 1.067E+10 9.370E-04 3.119E-03 2.000E+05 0.000E+00 0.000E+00 5.782E+05
 4.03023543E+00   3372.2 4.029E+01 1.298E+10 1.096E-03 3.229E-03 2.000E+05 0.000E+00 0.000E+00 5.804E+05
 4.69672246E+00   3406.2 4.695E+01 1.572E+10 1.277E-03 3.345E-03 2.000E+05 0.000E+00 0.000E+00 5.828E+05
 5.46051224E+00   3441.0 5.459E+01 1.900E+10 1.485E-03 3.492E-03 2.000E+05 0.000E+00 0.000E+00 5.853E+05
 6.34201740E+00   3478.6 6.340E+01 2.308E+10 1.701E-03 3.433E-03 2.000E+05 0.000E+00 0.000E+00 5.881E+05
 7.38830430E+00   3518.1 7.386E+01 2.813E+10 1.880E-03 2.913E-03 2.000E+05 0.000E+00 0.000E+00 5.911E+05
 8.65343942E+00   3543.8 8.651E+01 3.321E+10 2.073E-03 2.793E-03 2.000E+05 0.000E+00 0.000E+00 5.929E+05
 1.01778580E+01   3569.8 1.017E+02 3.932E+10 2.302E-03 2.784E-03 2.000E+05 0.000E+00 0.000E+00 5.947E+05
 1.20051956E+01   3593.1 1.200E+02 4.629E+10 2.565E-03 2.880E-03 2.000E+05 0.000E+00 0.000E+00 5.962E+05
 1.41861893E+01   3618.1 1.418E+02 5.475E+10 2.874E-03 3.024E-03 2.000E+05 0.000E+00 0.000E+00 5.980E+05
 1.67427129E+01   3643.7 1.674E+02 6.473E+10 3.331E-03 3.384E-03 2.000E+05 0.000E+00 0.000E+00 5.998E+05
 1.96350432E+01   3670.0 1.963E+02 7.626E+10 3.985E-03 4.004E-03 2.000E+05 0.000E+00 0.000E+00 6.017E+05
 2.28225387E+01   3703.8 2.281E+02 9.069E+10 4.871E-03 4.844E-03 2.000E+05 0.000E+00 0.000E+00 6.043E+05
 2.62670221E+01   3745.4 2.626E+02 1.087E+11 6.075E-03 6.007E-03 2.000E+05 0.000E+00 0.000E+00 6.076E+05
 2.98535181E+01   3802.2 2.984E+02 1.326E+11 7.871E-03 8.039E-03 2.000E+05 0.000E+00 0.000E+00 6.122E+05
 3.36481578E+01   3883.4 3.363E+02 1.667E+11 9.707E-03 9.107E-03 2.000E+05 0.000E+00 0.000E+00 6.183E+05
 3.77840987E+01   3965.0 3.776E+02 2.063E+11 1.181E-02 1.034E-02 2.000E+05 0.000E+00 0.000E+00 6.237E+05
 4.23559226E+01   4056.2 4.233E+02 2.548E+11 1.415E-02 1.164E-02 2.000E+05 0.000E+00 0.000E+00 6.291E+05
 4.74556385E+01   4157.8 4.742E+02 3.137E+11 1.687E-02 1.312E-02 2.000E+05 0.000E+00 0.000E+00 6.344E+05
 5.32457014E+01   4271.9 5.321E+02 3.848E+11 1.953E-02 1.433E-02 2.000E+05 0.000E+00 0.000E+00 6.409E+05
 5.99366910E+01   4400.0 5.989E+02 4.696E+11 2.248E-02 1.573E-02 2.000E+05 0.000E+00 0.000E+00 6.504E+05
 6.77071091E+01   4549.7 6.765E+02 5.696E+11 2.573E-02 1.761E-02 2.000E+05 0.000E+00 0.000E+00 6.647E+05
 7.72236873E+01   4718.0 7.715E+02 6.843E+11 2.683E-02 1.729E-02 2.000E+05 0.000E+00 0.000E+00 6.819E+05
 8.93278977E+01   4905.9 8.923E+02 8.202E+11 2.830E-02 1.768E-02 2.000E+05 0.000E+00 0.000E+00 6.989E+05
 1.04445952E+02   5121.7 1.043E+03 1.002E+12 3.069E-02 1.892E-02 2.000E+05 0.000E+00 0.000E+00 7.144E+05
 1.22507688E+02   5368.9 1.223E+03 1.314E+12 3.553E-02 2.165E-02 2.000E+05 1.764E-03 0.000E+00 7.272E+05
 1.41810091E+02   5653.1 1.416E+03 1.984E+12 4.830E-02 2.937E-02 2.000E+05 1.839E+00 1.345E+02 7.364E+05
 1.59213526E+02   5972.5 1.589E+03 3.471E+12 7.724E-02 4.683E-02 2.000E+05 3.189E+02 1.298E+03 7.414E+05
 1.72692764E+02   6338.2 1.723E+03 6.789E+12 1.414E-01 8.599E-02 2.000E+05 4.715E+04 6.825E+03 7.418E+05
 1.82035517E+02   6743.7 1.816E+03 1.383E+13 2.827E-01 1.726E-01 2.000E+05 2.379E+06 3.366E+04 7.403E+05
 1.87956601E+02   7201.0 1.873E+03 2.863E+13 6.162E-01 3.699E-01 2.000E+05 3.299E+07 1.135E+05 7.432E+05
 1.91513210E+02   7674.3 1.907E+03 5.565E+13 1.364E+00 6.882E-01 2.000E+05 2.570E+08 2.434E+05 7.560E+05
 1.93822864E+02   8059.5 1.928E+03 8.971E+13 2.559E+00 8.128E-01 2.000E+05 6.982E+08 4.442E+05 7.745E+05
 1.95692786E+02   8307.4 1.946E+03 1.186E+14 3.784E+00 6.699E-01 2.000E+05 1.047E+09 4.851E+05 7.903E+05
 1.97503631E+02   8483.7 1.963E+03 1.429E+14 4.951E+00 5.627E-01 2.000E+05 1.199E+09 4.958E+05 8.034E+05
 1.99385054E+02   8643.0 1.980E+03 1.675E+14 6.260E+00 5.014E-01 2.000E+05 1.281E+09 5.040E+05 8.167E+05
 2.01411066E+02   8781.8 2.000E+03 1.912E+14 7.624E+00 4.494E-01 2.000E+05 1.331E+09 5.090E+05 8.293E+05
 2.03637327E+02   8921.9 2.021E+03 2.170E+14 9.226E+00 4.106E-01 2.000E+05 1.366E+09 5.102E+05 8.431E+05
 2.06122327E+02   9049.6 2.045E+03 2.423E+14 1.090E+01 4.032E-01 2.000E+05 1.382E+09 5.184E+05 8.566E+05
PRADK 4.3504E-01
BEGIN                    ITERATION  15 COMPLETED
