TEFF   5500.  GRAVITY 0.00000 LTE 
TITLE  [0.5a] VTURB=2  L/H=1.25 NOVER NEW ODF                                   
 OPACITY IFOP 1 1 1 1 1 1 1 1 1 1 1 1 1 0 1 0 0 0 0 0
 CONVECTION ON   1.25 TURBULENCE OFF  0.00  0.00  0.00  0.00
ABUNDANCE SCALE   3.16623 ABUNDANCE CHANGE 1 0.91440 2 0.07782
 ABUNDANCE CHANGE  3 -10.94  4 -10.64  5  -9.49  6  -3.52  7  -4.12  8  -2.81
 ABUNDANCE CHANGE  9  -7.48 10  -3.56 11  -5.71 12  -4.06 13  -5.57 14  -4.09
 ABUNDANCE CHANGE 15  -6.59 16  -4.31 17  -6.54 18  -5.24 19  -6.92 20  -5.28
 ABUNDANCE CHANGE 21  -8.87 22  -6.62 23  -8.04 24  -6.37 25  -6.65 26  -4.54
 ABUNDANCE CHANGE 27  -7.12 28  -5.79 29  -7.83 30  -7.44 31  -9.16 32  -8.63
 ABUNDANCE CHANGE 33  -9.67 34  -8.63 35  -9.41 36  -8.73 37  -9.44 38  -9.07
 ABUNDANCE CHANGE 39  -9.80 40  -9.44 41 -10.62 42 -10.12 43 -20.00 44 -10.20
 ABUNDANCE CHANGE 45 -10.92 46 -10.35 47 -11.10 48 -10.27 49 -10.38 50 -10.04
 ABUNDANCE CHANGE 51 -11.04 52  -9.80 53 -10.53 54  -9.87 55 -10.91 56  -9.91
 ABUNDANCE CHANGE 57 -10.87 58 -10.46 59 -11.33 60 -10.54 61 -20.00 62 -11.03
 ABUNDANCE CHANGE 63 -11.53 64 -10.92 65 -11.69 66 -10.90 67 -11.78 68 -11.11
 ABUNDANCE CHANGE 69 -12.04 70 -10.96 71 -11.98 72 -11.16 73 -12.17 74 -10.93
 ABUNDANCE CHANGE 75 -11.76 76 -10.59 77 -10.69 78 -10.24 79 -11.03 80 -10.91
 ABUNDANCE CHANGE 81 -11.14 82 -10.09 83 -11.33 84 -20.00 85 -20.00 86 -20.00
 ABUNDANCE CHANGE 87 -20.00 88 -20.00 89 -20.00 90 -11.95 91 -20.00 92 -12.54
 ABUNDANCE CHANGE 93 -20.00 94 -20.00 95 -20.00 96 -20.00 97 -20.00 98 -20.00
 ABUNDANCE CHANGE 99 -20.00
READ DECK6 72 RHOX,T,P,XNE,ABROSS,ACCRAD,VTURB, FLXCNV,VCONV,VELSND
 8.97914022E-04   2645.2 8.708E-04 8.088E+05 1.485E-04 3.023E-02 2.000E+05 0.000E+00 0.000E+00 2.355E+07
 1.18818011E-03   2684.4 1.152E-03 1.115E+06 1.579E-04 2.925E-02 2.000E+05 0.000E+00 0.000E+00 2.064E+07
 1.55209444E-03   2724.7 1.506E-03 1.518E+06 1.680E-04 2.811E-02 2.000E+05 0.000E+00 0.000E+00 1.820E+07
 2.00733141E-03   2767.9 1.949E-03 2.053E+06 1.794E-04 2.682E-02 2.000E+05 0.000E+00 2.742E+07 1.613E+07
 2.57620952E-03   2810.6 2.503E-03 2.742E+06 1.910E-04 2.527E-02 2.000E+05 0.000E+00 2.164E+07 1.433E+07
 3.28852177E-03   2855.0 3.198E-03 3.640E+06 2.035E-04 2.401E-02 2.000E+05 0.000E+00 1.734E+07 1.274E+07
 4.18011401E-03   2901.4 4.068E-03 4.806E+06 2.168E-04 2.243E-02 2.000E+05 0.000E+00 1.384E+07 1.134E+07
 5.29778935E-03   2949.1 5.162E-03 6.307E+06 2.303E-04 2.062E-02 2.000E+05 0.000E+00 1.079E+07 1.008E+07
 6.70503817E-03   2995.3 6.541E-03 8.205E+06 2.433E-04 1.937E-02 2.000E+05 0.000E+00 8.436E+06 8.954E+06
 8.48180115E-03   3045.8 8.285E-03 1.066E+07 2.568E-04 1.777E-02 2.000E+05 0.000E+00 6.602E+06 7.930E+06
 1.07333342E-02   3095.9 1.050E-02 1.377E+07 2.693E-04 1.614E-02 2.000E+05 0.000E+00 4.860E+06 7.017E+06
 1.36061546E-02   3142.9 1.333E-02 1.767E+07 2.807E-04 1.504E-02 2.000E+05 0.000E+00 3.646E+06 6.215E+06
 1.72881891E-02   3198.3 1.696E-02 2.273E+07 2.915E-04 1.325E-02 2.000E+05 0.000E+00 2.635E+06 5.511E+06
 2.20376599E-02   3247.9 2.165E-02 2.911E+07 3.003E-04 1.185E-02 2.000E+05 0.000E+00 1.612E+06 4.908E+06
 2.81879097E-02   3291.5 2.773E-02 3.720E+07 3.092E-04 1.118E-02 2.000E+05 0.000E+00 1.014E+06 4.380E+06
 3.61722681E-02   3342.7 3.563E-02 4.769E+07 3.168E-04 1.010E-02 2.000E+05 0.000E+00 6.383E+05 3.925E+06
 4.66000431E-02   3392.8 4.595E-02 6.122E+07 3.228E-04 9.040E-03 2.000E+05 0.000E+00 2.624E+05 3.523E+06
 6.02182754E-02   3438.5 5.945E-02 7.867E+07 3.302E-04 8.357E-03 2.000E+05 0.000E+00 1.136E+05 3.157E+06
 7.80845387E-02   3483.6 7.718E-02 1.013E+08 3.325E-04 7.079E-03 2.000E+05 0.000E+00 5.433E+04 2.828E+06
 1.02123909E-01   3526.2 1.011E-01 1.315E+08 3.255E-04 5.192E-03 2.000E+05 0.000E+00 2.096E+04 2.521E+06
 1.34708634E-01   3560.9 1.335E-01 1.721E+08 3.225E-04 4.158E-03 2.000E+05 0.000E+00 4.386E+03 2.231E+06
 1.78350646E-01   3591.2 1.770E-01 2.260E+08 3.224E-04 3.516E-03 2.000E+05 0.000E+00 0.000E+00 1.971E+06
 2.36417317E-01   3620.6 2.349E-01 2.969E+08 3.241E-04 3.021E-03 2.000E+05 0.000E+00 0.000E+00 1.745E+06
 3.12427106E-01   3646.3 3.106E-01 3.887E+08 3.348E-04 3.050E-03 2.000E+05 0.000E+00 0.000E+00 1.550E+06
 4.09385275E-01   3675.6 4.073E-01 5.047E+08 3.535E-04 3.435E-03 2.000E+05 0.000E+00 0.000E+00 1.392E+06
 5.30902367E-01   3711.7 5.284E-01 6.488E+08 3.789E-04 3.987E-03 2.000E+05 0.000E+00 0.000E+00 1.265E+06
 6.80713897E-01   3754.8 6.775E-01 8.251E+08 4.135E-04 4.788E-03 2.000E+05 0.000E+00 0.000E+00 1.164E+06
 8.61961899E-01   3804.0 8.578E-01 1.037E+09 4.593E-04 6.019E-03 2.000E+05 0.000E+00 0.000E+00 1.085E+06
 1.08693349E+00   3861.7 1.081E+00 1.297E+09 4.782E-04 5.575E-03 2.000E+05 0.000E+00 0.000E+00 1.019E+06
 1.37393443E+00   3913.1 1.367E+00 1.625E+09 5.017E-04 5.279E-03 2.000E+05 0.000E+00 0.000E+00 9.597E+05
 1.73734635E+00   3962.6 1.728E+00 2.038E+09 5.302E-04 5.076E-03 2.000E+05 0.000E+00 0.000E+00 9.081E+05
 2.19447779E+00   4011.3 2.183E+00 2.553E+09 5.636E-04 4.947E-03 2.000E+05 0.000E+00 0.000E+00 8.644E+05
 2.76658745E+00   4060.1 2.753E+00 3.193E+09 6.018E-04 4.835E-03 2.000E+05 0.000E+00 0.000E+00 8.282E+05
 3.47933381E+00   4109.2 3.462E+00 3.985E+09 6.458E-04 4.738E-03 2.000E+05 0.000E+00 0.000E+00 7.986E+05
 4.36205353E+00   4158.8 4.340E+00 4.960E+09 6.976E-04 4.677E-03 2.000E+05 0.000E+00 0.000E+00 7.747E+05
 5.44774717E+00   4208.8 5.421E+00 6.154E+09 7.588E-04 4.674E-03 2.000E+05 0.000E+00 0.000E+00 7.557E+05
 6.77589983E+00   4259.8 6.743E+00 7.609E+09 8.286E-04 4.666E-03 2.000E+05 0.000E+00 0.000E+00 7.409E+05
 8.39502317E+00   4311.3 8.355E+00 9.381E+09 9.079E-04 4.644E-03 2.000E+05 0.000E+00 0.000E+00 7.294E+05
 1.03622003E+01   4363.2 1.031E+01 1.153E+10 9.989E-04 4.610E-03 2.000E+05 0.000E+00 0.000E+00 7.207E+05
 1.27194560E+01   4414.2 1.266E+01 1.412E+10 1.123E-03 4.896E-03 2.000E+05 0.000E+00 0.000E+00 7.141E+05
 1.55117019E+01   4469.0 1.544E+01 1.720E+10 1.265E-03 5.204E-03 2.000E+05 0.000E+00 0.000E+00 7.097E+05
 1.88142590E+01   4527.2 1.872E+01 2.092E+10 1.427E-03 5.520E-03 2.000E+05 0.000E+00 0.000E+00 7.068E+05
 2.27236462E+01   4589.7 2.261E+01 2.543E+10 1.604E-03 5.737E-03 2.000E+05 0.000E+00 0.000E+00 7.052E+05
 2.73912167E+01   4655.0 2.725E+01 3.102E+10 1.785E-03 5.687E-03 2.000E+05 0.000E+00 0.000E+00 7.045E+05
 3.29633148E+01   4718.4 3.279E+01 3.789E+10 2.001E-03 5.711E-03 2.000E+05 0.000E+00 0.000E+00 7.042E+05
 3.95643450E+01   4782.0 3.935E+01 4.637E+10 2.263E-03 5.862E-03 2.000E+05 0.000E+00 0.000E+00 7.043E+05
 4.72624337E+01   4847.4 4.700E+01 5.685E+10 2.615E-03 6.386E-03 2.000E+05 0.000E+00 0.000E+00 7.049E+05
 5.61099788E+01   4919.5 5.579E+01 7.012E+10 3.044E-03 7.027E-03 2.000E+05 0.000E+00 0.000E+00 7.059E+05
 6.62054220E+01   4999.0 6.581E+01 8.738E+10 3.574E-03 7.797E-03 2.000E+05 0.000E+00 0.000E+00 7.072E+05
 7.75492059E+01   5088.3 7.706E+01 1.106E+11 4.292E-03 8.960E-03 2.000E+05 0.000E+00 0.000E+00 7.086E+05
 9.00064374E+01   5190.4 8.940E+01 1.434E+11 5.270E-03 1.054E-02 2.000E+05 0.000E+00 0.000E+00 7.101E+05
 1.03363085E+02   5306.5 1.026E+02 1.914E+11 6.647E-03 1.275E-02 2.000E+05 0.000E+00 0.000E+00 7.112E+05
 1.17200223E+02   5440.2 1.162E+02 2.651E+11 8.747E-03 1.622E-02 2.000E+05 0.000E+00 0.000E+00 7.118E+05
 1.30884159E+02   5595.0 1.297E+02 3.834E+11 1.209E-02 2.180E-02 2.000E+05 7.912E-07 0.000E+00 7.115E+05
 1.43772407E+02   5774.3 1.422E+02 5.802E+11 1.755E-02 3.094E-02 2.000E+05 9.343E-05 2.043E+01 7.102E+05
 1.55222153E+02   5984.5 1.532E+02 9.231E+11 2.727E-02 4.752E-02 2.000E+05 8.176E-03 9.434E+01 7.082E+05
 1.64711952E+02   6230.9 1.621E+02 1.541E+12 4.544E-02 7.894E-02 2.000E+05 1.001E+00 3.929E+02 7.068E+05
 1.71969794E+02   6521.6 1.686E+02 2.692E+12 8.272E-02 1.447E-01 2.000E+05 2.354E+02 1.825E+03 7.086E+05
 1.77006843E+02   6865.5 1.726E+02 4.889E+12 1.665E-01 2.959E-01 2.000E+05 8.366E+04 1.052E+04 7.173E+05
 1.80123539E+02   7277.6 1.743E+02 9.165E+12 3.769E-01 6.860E-01 2.000E+05 1.228E+06 7.025E+04 7.382E+05
 1.81869384E+02   7754.4 1.741E+02 1.690E+13 9.193E-01 1.652E+00 2.000E+05 1.074E+08 1.600E+05 7.782E+05
 1.82848994E+02   8249.8 1.728E+02 2.785E+13 2.075E+00 3.086E+00 2.000E+05 6.841E+08 7.573E+05 8.405E+05
 1.83530407E+02   8628.2 1.712E+02 3.694E+13 3.430E+00 3.415E+00 2.000E+05 1.670E+09 1.310E+06 9.040E+05
 1.84155638E+02   8909.3 1.698E+02 4.297E+13 4.546E+00 3.207E+00 2.000E+05 2.371E+09 1.507E+06 9.585E+05
 1.84814859E+02   9184.7 1.683E+02 4.761E+13 5.531E+00 3.327E+00 2.000E+05 2.656E+09 1.628E+06 1.015E+06
 1.85564197E+02   9496.6 1.662E+02 5.086E+13 6.258E+00 4.380E+00 2.000E+05 2.460E+09 1.809E+06 1.079E+06
 1.86493720E+02  10051.6 1.618E+02 5.206E+13 6.351E+00 7.078E+00 2.000E+05 1.452E+09 1.687E+06 1.194E+06
 1.87933056E+02  11045.5 1.528E+02 4.734E+13 4.639E+00 7.251E+00 2.000E+05 3.773E+08 5.955E+05 1.428E+06
 1.90868073E+02  12210.3 1.382E+02 3.923E+13 2.757E+00 4.683E+00 2.000E+05 7.904E+06 2.288E+05 1.661E+06
 1.97369769E+02  13375.3 1.207E+02 3.159E+13 1.723E+00 2.945E+00 2.000E+05 4.401E+05 1.447E+05 1.811E+06
 2.10503300E+02  14568.5 1.018E+02 2.498E+13 1.208E+00 2.059E+00 2.000E+05 1.763E+05 1.166E+05 2.148E+06
 2.34020717E+02  15797.5 8.267E+01 1.890E+13 9.188E-01 1.572E+00 2.000E+05 2.137E+05 1.783E+05 2.725E+06
PRADK 1.2217E+00
BEGIN                    ITERATION  15 COMPLETED
